0.016116
0.007259
0.025917
0.017606
0.047384
0.001027
0.000934
0.031620
0.011029
0.007845
0.001115
0.006266
0.003721
0.014273
0.016063
0.020515
0.032237
0.055565
0.007126
0.008440
0.007645
0.026377
0.013815
0.007804
0.008426
0.002249
0.010687
0.016528
0.004197
0.009748
0.052369
0.034105
0.021102
0.034774
0.016204
0.011172
0.012854
0.053915
0.004431
0.027933
0.023669
0.015271
0.015863
0.010206
0.009303
0.016167
0.056463
0.014545
0.015856
0.025071
0.006599
0.004151
0.005885
0.004722
0.046916
0.013394
0.030225
0.004599
0.002232
0.024187
0.023804
0.012412
0.046627
0.003174
0.022052
0.025571
0.005416
0.032139
0.020466
0.017793
0.023060
0.025227
0.001483
0.032063
0.004755
0.075634
0.051621
0.012347
0.044664
0.002312
0.014471
0.003644
0.005021
0.032472
0.032765
0.007114
0.044303
0.011204
0.014925
0.005423
0.016331
0.004854
0.003032
0.035694
0.026865
0.045956
0.008796
0.014374
0.001114
0.016961
0.014275
0.046363
0.002175
0.010421
0.015762
0.016294
0.008820
0.000679
0.035960
0.029430
0.001515
0.008262
0.010710
0.009872
0.014902
0.017763
0.025786
0.074560
0.017425
0.011656
0.040002
0.000749
0.007104
0.014331
0.008688
0.010438
0.004895
0.014940
0.004812
0.010533
0.014687
0.009485
0.013187
0.011672
0.005228
0.006737
0.018439
0.000760
0.018458
0.009289
0.023777
0.000358
0.008051
0.041936
0.004786
0.007252
0.043149
0.018675
0.000489
0.012576
0.022021
0.010511
0.007386
0.003287
0.000845
0.032768
0.015026
0.000134
0.007648
0.001731
0.014120
0.008781
0.012744
0.017160
0.003381
0.017713
0.003676
0.016451
0.043086
0.021887
0.033233
0.017421
0.003358
0.015199
0.013786
0.009028
0.002436
0.015044
0.004369
0.006596
0.045367
0.030637
0.018755
0.015228
0.020020
0.052727
0.025999
0.000726
0.012898
0.018844
0.018097
0.007106
0.040812
0.029749
0.017884
0.028403
0.009469
0.011786
0.005083
0.005077
0.006461
0.018082
0.001766
0.083202
0.002474
0.035390
0.069233
0.008006
0.016700
0.012600
0.000316
0.010852
0.041896
0.010025
0.011284
0.089030
0.042574
0.011349
0.020053
0.036981
0.005787
0.036113
0.025264
0.026519
0.041222
0.011895
0.004343
0.011075
0.031696
0.011201
0.090543
0.042449
0.104200
0.135539
0.129654
0.117706
0.125955
0.055264
0.022401
0.001624
0.007713
0.005960
0.017537
0.004062
0.023685
0.014940
0.035379
0.003227
0.007372
0.014066
0.005232
0.024269
0.003345
0.011682
0.006929
0.022082
0.008782
0.000482
0.030552
0.016578
0.006469
0.012329
0.005836
0.006163
0.006135
0.003234
0.011171
0.005766
0.003307
0.076246
0.037909
0.008234
0.007518
0.029375
0.028353
0.015574
0.008854
0.003967
0.027466
0.042364
0.011757
0.025093
0.005163
0.032036
0.031600
0.015766
0.000994
0.003024
0.010504
0.004896
0.014209
0.002360
0.054281
0.017482
0.002655
0.008156
0.048655
0.009210
0.000002
0.014041
0.003023
0.003387
0.020016
0.011076
0.028527
0.021552
0.001364
0.006469
0.002287
0.001421
0.009882
0.029763
0.001813
0.009898
0.018492
0.001459
0.032774
0.006046
0.004918
0.045248
0.009315
0.003195
0.000431
0.003420
0.002912
0.008604
0.045381
0.003355
0.029418
0.005988
0.014028
0.022695
0.014947
0.015729
0.014415
0.013382
0.003090
0.007686
0.019700
0.039487
0.010540
0.021390
0.004610
0.004145
0.004992
0.018245
0.018587
0.003782
0.011293
0.001318
0.008174
0.013157
0.035572
0.015950
0.029413
0.017400
0.013361
0.018428
0.003600
0.010650
0.000471
0.005832
0.008824
0.035574
0.024532
0.024771
0.034349
0.011272
0.003204
0.041470
0.026551
0.015888
0.014407
0.005151
0.041851
0.004141
0.003326
0.004125
0.024263
0.016109
0.050935
0.010564
0.003686
0.004359
0.019306
0.081505
0.003180
0.000974
0.044618
0.025938
0.025813
0.018407
0.011116
0.015889
0.003081
0.000059
0.007585
0.058717
0.026450
0.048558
0.026748
0.004998
0.016220
0.008594
0.000094
0.025213
0.008966
0.019005
0.009782
0.023631
0.019500
0.018876
0.033187
0.000532
0.023809
0.013361
0.036377
0.020789
0.007149
0.040440
0.011555
0.030663
0.020464
0.058414
0.011429
0.002694
0.023319
0.001147
0.065655
0.055569
0.075593
0.007673
0.003484
0.000084
0.013426
0.000281
0.013321
0.044501
0.039266
0.002035
0.025171
0.013055
0.008628
0.023194
0.053731
0.049515
0.004921
0.031907
0.013708
0.018626
0.007042
0.004752
0.014341
0.003985
0.008162
0.009431
0.004206
0.020279
0.003140
0.091755
0.090118
0.010621
0.044746
0.034029
0.036016
0.016956
0.041935
0.000265
0.001139
0.004836
0.033360
0.012284
0.047829
0.018664
0.002421
0.001356
0.007618
0.008692
0.004816
0.000564
0.003045
0.018724
0.010754
0.005701
0.025232
0.000048
0.006191
0.020114
0.010158
0.017152
0.034099
0.019357
0.007448
0.003815
0.003362
0.007598
0.013848
0.002774
0.002852
0.017835
0.009819
0.050598
0.022028
0.005264
0.000374
0.049280
0.009111
0.060110
0.058406
0.004240
0.011760
0.000363
0.020096
0.003910
0.004816
0.020754
0.069721
0.041934
0.006868
0.004408
0.013234
0.003058
0.008439
0.032076
0.020256
0.016977
0.019078
0.012230
0.002764
0.014029
0.047909
0.013263
0.014730
0.000080
0.003026
0.035898
0.027844
0.066776
0.058226
0.015535
0.010171
0.011311
0.058492
0.021008
0.010765
0.002362
0.012157
0.027548
0.007608
0.001594
0.013062
0.005894
0.002277
0.005870
0.016416
0.001577
0.005466
0.029210
0.011640
0.021274
0.046166
0.009486
0.003066
0.007940
0.023444
0.003666
0.020211
0.008276
0.006521
0.001725
0.017277
0.031539
0.022034
0.021809
0.060003
0.045126
0.032926
0.020999
0.018854
0.008661
0.003919
0.031556
0.003869
0.030585
0.002964
0.019890
0.019307
0.025468
0.000726
0.015491
0.000392
0.001640
0.007122
0.002782
0.093640
0.076225
0.009896
0.050451
0.046043
0.001947
0.008789
0.008188
0.027002
0.000204
0.014428
0.018885
0.078019
0.004491
0.010114
0.016515
0.027330
0.007874
0.003322
0.043065
0.051518
0.014132
0.026126
0.026403
0.027985
0.037014
0.004174
0.011496
0.057093
0.017410
0.001008
0.041493
0.037954
0.004102
0.008911
0.013076
0.017855
0.003549
0.013942
0.016875
0.001596
0.026311
0.044168
0.037067
0.029577
0.037196
0.000798
0.013141
0.019146
0.007002
0.002469
0.054958
0.015929
0.045356
0.007464
0.028037
0.022824
0.005347
0.003410
0.027813
0.002800
0.041377
0.001764
0.014645
0.010793
0.026549
0.017783
0.037893
0.022814
0.010187
0.003958
0.009044
0.007301
0.001210
0.002818
0.006020
0.009343
0.040740
0.029682
0.029845
0.018906
0.019684
0.004711
0.007077
0.003370
0.003437
0.014133
0.020584
0.005180
0.011747
0.018259
0.015032
0.023659
0.007986
0.019222
0.024563
0.018118
0.003099
0.008246
0.027003
0.008998
0.010507
0.003030
0.000913
0.055785
0.005758
0.000890
0.045285
0.016038
0.001221
0.000123
0.012161
0.029644
0.012238
0.024958
0.002128
0.000720
0.005801
0.005461
0.002532
0.012768
0.010589
0.012861
0.016626
0.001296
0.002560
0.003380
0.034836
0.016234
0.040397
0.015389
0.020800
0.001828
0.014762
0.010446
0.020723
0.003589
0.000775
0.021643
0.024877
0.005496
0.003227
0.005962
0.006932
0.009843
0.021014
0.008766
0.003854
0.027242
0.015444
0.019784
0.017734
0.031349
0.008922
0.065815
0.010457
0.033202
0.002804
0.008938
0.000403
0.024778
0.004119
0.017165
0.032257
0.014567
0.036573
0.031851
0.001268
0.025110
0.033362
0.008258
0.020499
0.029031
0.026053
0.010402
0.030861
0.016145
0.036314
0.005906
0.055081
0.029852
0.017378
0.002460
0.007181
0.030262
0.054574
0.013540
0.008523
0.005778
0.000633
0.005221
0.003144
0.025807
0.001791
0.034028
0.004135
0.020543
0.004421
0.006281
0.032221
0.004343
0.031930
0.018197
0.008707
0.019735
0.015712
0.008297
0.022004
0.010085
0.009559
0.020269
0.008819
0.007115
0.014027
0.007272
0.004171
0.007040
0.002315
0.022701
0.011094
0.008702
0.004589
0.066287
0.039684
0.014483
0.007103
0.001158
0.014390
0.020684
0.004046
0.003406
0.005526
0.000706
0.051699
0.006252
0.006029
0.002039
0.003134
0.106452
0.017347
0.019242
0.010440
0.029951
0.056037
0.014338
0.020110
0.010404
0.058884
0.011325
0.002093
0.015841
0.011755
0.020863
0.034713
0.000489
0.016510
0.007151
0.011022
0.027263
0.007051
0.000350
0.003071
0.064028
0.006983
0.001450
0.039008
0.009667
0.014821
0.020159
0.000803
0.007897
0.021320
0.077656
0.053611
0.000074
0.025267
0.014954
0.023476
0.025500
0.000778
0.016014
0.001344
0.005786
0.063663
0.010195
0.031633
0.002429
0.009885
0.008414
0.012654
0.022317
0.027237
0.007876
0.003567
0.061821
0.004766
0.021444
0.001280
0.006250
0.000713
0.001379
0.013471
0.010525
0.067933
0.083562
0.018922
0.003128
0.008085
0.023758
0.017603
0.013679
0.019972
0.006124
0.029059
0.018795
0.005320
0.013060
0.029065
0.004656
0.005191
0.012165
0.021882
0.034778
0.038834
0.020279
0.002008
0.021385
0.003283
0.036540
0.025276
0.047546
0.018022
0.008252
0.016741
0.007869
0.026316
0.014335
0.002440
0.017830
0.002798
0.016202
0.004620
0.002340
0.025780
0.010283
0.031956
0.002319
0.008083
0.000967
0.003372
0.014332
0.024022
0.014284
0.023047
0.011373
0.008701
0.002893
0.014171
0.041519
0.016474
0.012739
0.022988
0.031074
0.013292
0.027532
0.001062
0.010286
0.000553
0.009359
0.001703
0.120774
0.004528
0.006595
0.035782
0.011089
0.000331
0.002083
0.012010
0.040718
0.019278
0.011404
0.002011
0.014011
0.005055
0.022283
0.000829
0.000396
0.025249
0.005156
0.029952
0.018317
0.015806
0.031630
0.004841
0.028594
0.053868
0.032375
0.010911
0.005508
0.015780
0.002448
0.018746
0.012629
0.010687
0.011093
0.028144
0.019776
0.047989
0.021725
0.031365
0.007834
0.057319
0.007988
0.013165
0.044908
0.048647
0.006565
0.055730
0.006463
0.004436
0.019634
0.100075
0.003052
0.053313
0.006740
0.007720
0.007037
0.035250
0.005986
0.000396
0.021361
0.039883
0.003662
0.002967
0.006340
0.009720
0.035432
0.011602
0.002671
0.020258
0.027048
0.000236
0.012549
0.006535
0.017737
0.000412
0.019544
0.021262
0.005434
0.010207
0.005544
0.027510
0.007066
0.002115
0.130283
0.081791
0.042007
0.031809
0.008218
0.040816
0.001963
0.033304
0.028706
0.004934
0.008020
0.000126
0.048511
0.012380
0.016145
0.002403
0.014758
0.003723
0.004004
0.014472
0.012805
0.002757
0.009053
0.001234
0.056455
0.002612
0.004869
0.004232
0.003260
0.002923
0.010711
0.006928
0.054933
0.044951
0.051749
0.011094
0.005352
0.012363
0.020437
0.019418
0.043999
0.036751
0.021050
0.007734
0.064368
0.007276
0.056718
0.024201
0.028702
0.003861
0.001498
0.029675
0.001333
0.006107
0.000870
0.028711
0.006320
0.021077
0.009737
0.008562
0.012940
0.032412
0.011502
0.008237
0.000276
0.044126
0.020702
0.009245
0.000958
0.030599
0.002663
0.090288
0.018730
0.036011
0.011125
0.000139
0.000670
0.002919
0.014895
0.079727
0.029841
0.066597
0.027765
0.012208
0.048749
0.005666
0.005078
0.001594
0.008490
0.011111
0.009924
0.011240
0.000222
0.000591
0.001562
0.004196
0.012382
0.001833
0.004802
0.013650
0.001317
0.027750
0.000276
0.003177
0.030281
0.009631
0.004371
0.019431
0.105938
0.004017
0.003823
0.008852
0.017111
0.004380
0.039543
0.034731
0.000975
0.009007
0.034419
0.018041
0.010711
0.012775
0.022433
0.003283
0.022655
0.026675
0.005446
0.021862
0.038635
0.000986
0.011871
0.007936
0.036741
0.001048
0.017670
0.003334
0.013070
0.014688
0.025956
0.018063
0.066495
0.006155
0.051658
0.002129
0.004753
0.008887
0.005419
0.002350
0.011486
0.021613
0.083241
0.029431
0.035569
0.074471
0.005437
0.021259
0.030589
0.024762
0.003376
0.009816
0.060375
0.002089
0.103073
0.000600
0.004830
0.001444
0.009928
0.029621
0.008043
0.006428
0.002158
0.000965
0.007459
0.013477
0.002495
0.003043
0.028491
0.007667
0.090507
0.064164
0.025740
0.061390
0.023073
0.026762
0.050745
0.027846
0.005171
0.012910
0.031924
0.010785
0.005930
0.022703
0.027844
0.006898
0.000762
0.005792
0.004923
0.132617
0.049565
0.033619
0.001899
0.009859
0.016369
0.032075
0.020753
0.025824
0.007314
0.004639
0.010143
0.014377
0.000445
0.053742
0.014661
0.027150
0.023679
0.010413
0.001830
0.035252
0.001563
0.038002
0.012471
0.002048
0.005793
0.020375
0.001104
0.015224
0.006405
0.012266
0.003638
0.026179
0.048486
0.029266
0.027987
0.009934
0.022984
0.014712
0.045581
0.016871
0.008128
0.028618
0.014380
0.003624
0.005393
0.047364
0.006068
0.009057
0.031565
0.011035
0.008019
0.001821
0.010800
0.029186
0.030359
0.023733
0.001886
0.002610
0.047410
0.008162
0.034155
0.036809
0.001750
0.110493
0.009833
0.011719
0.002423
0.015465
0.005981
0.017071
0.002565
0.009776
0.006255
0.001038
0.028735
0.004439
0.004697
0.010794
0.006851
0.037297
0.012900
0.004646
0.036085
0.003049
0.004801
0.000097
0.000166
0.000120
0.060365
0.022591
0.015283
0.000943
0.006633
0.007824
0.008690
0.003280
0.019045
0.008942
0.014844
0.038629
0.007371
0.002032
0.022840
0.006540
0.010940
0.000070
0.001209
0.007812
0.012185
0.005035
0.020033
0.005359
0.099789
0.044371
0.001811
0.009826
0.017865
0.000358
0.017496
0.011529
0.006835
0.023269
0.013722
0.024204
0.021826
0.010745
0.012351
0.009874
0.002444
0.001202
0.006125
0.002146
0.003075
0.051473
0.005537
0.002287
0.009509
0.008064
0.014009
0.000268
0.008665
0.001620
0.003736
0.007762
0.009860
0.009849
0.028295
0.000016
0.000265
0.001492
0.007580
0.006747
0.033046
0.005502
0.001558
0.004193
0.012418
0.001988
0.005684
0.020398
0.018437
0.029879
0.003199
0.028819
0.006561
0.023758
0.019993
0.012174
0.067439
0.055147
0.015852
0.010808
0.013128
0.001637
0.081549
0.063824
0.003185
0.008964
0.038643
0.032629
0.001912
0.003629
0.003798
0.013816
0.012128
0.003575
0.027564
0.001057
0.010117
0.000001
0.005809
0.016797
0.003106
0.017566
0.005909
0.003306
0.014829
0.032305
0.013519
0.025005
0.017375
0.034008
0.002706
0.007585
0.024601
0.008607
0.019330
0.015048
0.014178
0.004776
0.016689
0.013455
0.028179
0.015798
0.009731
0.035193
0.011085
0.001157
0.008371
0.017988
0.011714
0.005278
0.006773
0.017929
0.063662
0.006048
0.058028
0.047636
0.054138
0.008656
0.023899
0.117344
0.014006
0.003332
0.005564
0.001477
0.003142
0.005238
0.001453
0.005757
0.045576
0.001932
0.009261
0.011326
0.007756
0.005179
0.012590
0.027006
0.003838
0.005564
0.039337
0.058808
0.036193
0.013749
0.010494
0.043916
0.016156
0.000739
0.030246
0.033248
0.028702
0.007428
0.008785
0.002500
0.009465
0.005424
0.056115
0.011107
0.002615
0.027899
0.011897
0.006949
0.013766
0.044134
0.080985
0.029064
0.034256
0.057396
0.006848
0.013047
0.009350
0.036056
0.017075
0.044230
0.001277
0.005578
0.055304
0.008919
0.025421
0.000974
0.019351
0.009497
0.017298
0.000808
0.035733
0.024016
0.021162
0.015737
0.007452
0.037937
0.005684
0.027382
0.005513
0.018702
0.012807
0.006640
0.007991
0.009688
0.006786
0.004171
0.012022
0.000811
0.000222
0.022181
0.002105
0.000689
0.033203
0.019537
0.010225
0.023092
0.011977
0.011857
0.015916
0.004682
0.003981
0.003370
0.005917
0.002912
0.010792
0.007454
0.000729
0.006462
0.009607
0.028911
0.002258
0.018317
0.023485
0.021551
0.021358
0.052367
0.014149
0.024450
0.017760
0.002458
0.005279
0.008570
0.095818
0.095596
0.002393
0.018259
0.006877
0.007004
0.000472
0.008342
0.048090
0.007134
0.016946
0.024180
0.000007
0.013104
0.000015
0.013024
0.078185
0.010207
0.019786
0.002787
0.071695
0.018745
0.073498
0.058673
0.011152
0.028798
0.021481
0.000658
0.001746
0.004731
0.014454
0.004566
0.012090
0.044263
0.003459
0.038039
0.022307
0.016530
0.046299
0.002149
0.006338
0.011089
0.001957
0.016890
0.020481
0.020107
0.053763
0.041097
0.012144
0.022760
0.000690
0.041037
0.040228
0.004194
0.050338
0.029132
0.008541
0.007249
0.003618
0.008725
0.019858
0.016075
0.016470
0.007635
0.026647
0.014784
0.011336
0.032438
0.037099
0.027977
0.043027
0.010595
0.013010
0.002457
0.005397
0.009444
0.002497
0.004200
0.001611
0.022389
0.016232
0.007835
0.003066
0.034774
0.022715
0.018501
0.011265
0.001437
0.009450
0.022967
0.021380
0.024861
0.006504
0.003278
0.007631
0.015510
0.008690
0.003522
0.022718
0.020776
0.015416
0.004725
0.080044
0.047615
0.019719
0.017843
0.033934
0.013171
0.012539
0.000622
0.012785
0.009712
0.078735
0.063020
0.036674
0.015650
0.020963
0.057058
0.027014
0.011803
0.026069
0.006936
0.002117
0.038251
0.005542
0.023512
0.077474
0.012694
0.001707
0.002233
0.041848
0.018174
0.000664
0.002514
0.010852
0.013143
0.001443
0.049274
0.042816
0.000780
0.003593
0.021264
0.008788
0.041423
0.038978
0.005215
0.016796
0.008511
0.039018
0.068685
0.074321
0.002399
0.041917
0.006064
0.018508
0.006108
0.000651
0.023655
0.076028
0.011708
0.051302
0.034051
0.005519
0.014300
0.044571
0.019943
0.027151
0.017259
0.008480
0.033514
0.019966
0.040151
0.026111
0.015839
0.020570
0.038575
0.006908
0.020156
0.022799
0.006737
0.012701
0.005101
0.000230
0.053290
0.014449
0.025733
0.019843
0.002149
0.008833
0.009588
0.000496
0.015930
0.008435
0.090414
0.005830
0.020895
0.018515
0.024339
0.024134
0.031117
0.008166
0.004050
0.037692
0.019637
0.002025
0.029383
0.032327
0.031812
0.007740
0.024861
0.012389
0.003881
0.057096
0.000686
0.019848
0.013524
0.019389
0.017513
0.035671
0.019894
0.005898
0.025884
0.001208
0.020075
0.008753
0.007636
0.020154
0.053973
0.026109
0.000216
0.007383
0.034650
0.029602
0.015982
0.002029
0.023436
0.008119
0.022535
0.000678
0.052482
0.007013
0.010284
0.024497
0.005795
0.053068
0.010120
0.008348
0.011318
0.010467
0.012879
0.002761
0.008555
0.061671
0.012736
0.006401
0.006959
0.005720
0.029707
0.009756
0.006367
0.001676
0.050809
0.033307
0.016473
0.000659
0.063157
0.012342
0.004144
0.037405
0.009603
0.018907
0.004383
0.014976
0.010323
0.017188
0.029864
0.009231
0.003518
0.014581
0.005514
0.008094
0.003671
0.021383
0.034789
0.055929
0.026868
0.003071
0.038873
0.040570
0.023926
0.025159
0.009206
0.022020
0.020217
0.025905
0.015588
0.020013
0.037411
0.006456
0.071807
0.005647
0.026315
0.003852
0.007818
0.008819
0.003908
0.027088
0.041433
0.012123
0.035238
0.031013
0.004951
0.002502
0.020810
0.041772
0.039691
0.006126
0.036109
0.026384
0.010908
0.013563
0.002509
0.002692
0.021342
0.038085
0.036868
0.034219
0.001161
0.032970
0.010191
0.001410
0.021263
0.009891
0.008543
0.013574
0.030433
0.003916
0.047270
0.032683
0.021119
0.018910
0.025150
0.024106
0.022785
0.023670
0.072779
0.010948
0.033598
0.000513
0.021365
0.032873
0.035757
0.033315
0.001446
0.007330
0.008004
0.003674
0.056651
0.002188
0.002071
0.019180
0.042261
0.018146
0.020628
0.010586
0.016934
0.003846
0.031184
0.019300
0.015768
0.018993
0.012413
0.014870
0.041206
0.010173
0.013617
0.003156
0.008835
0.005241
0.001779
0.008335
0.007628
0.028703
0.022486
0.015623
0.017099
0.006244
0.007465
0.010433
0.017660
0.032787
0.012131
0.010567
0.006854
0.065019
0.001319
0.022221
0.014833
0.000734
0.007538
0.018902
0.033711
0.006727
0.006918
0.002905
0.001857
0.006144
0.032786
0.011044
0.005226
0.011756
0.017528
0.011518
0.006623
0.020587
0.007295
0.055264
0.003403
0.005202
0.006892
0.020758
0.001560
0.012722
0.022715
0.029060
0.010089
0.005294
0.026690
0.031841
0.001521
0.002618
0.001233
0.007134
0.003463
0.003576
0.014116
0.017614
0.043479
0.052925
0.014461
0.026661
0.024121
0.013837
0.018488
0.001377
0.030420
0.024447
0.031794
0.008361
0.032006
0.011805
0.026499
0.011397
0.029851
0.038266
0.001175
0.014923
0.002547
0.012952
0.008310
0.020778
0.030279
0.029137
0.027323
0.001717
0.027992
0.036607
0.005080
0.008698
0.017369
0.006363
0.006789
0.005101
0.022806
0.001504
0.002997
0.004016
0.033276
0.005332
0.000378
0.044105
0.005230
0.007324
0.026257
0.017891
0.046178
0.041029
0.016584
0.030314
0.014392
0.000130
0.005138
0.008679
0.001300
0.001601
0.041410
0.017270
0.017296
0.004315
0.032918
0.002237
0.005258
0.011383
0.014204
0.001921
0.032384
0.000975
0.047588
0.000119
0.002252
0.001782
0.014175
0.008372
0.009509
0.003072
0.007797
0.003843
0.000501
0.000929
0.001017
0.040348
0.032444
0.080136
0.014105
0.006400
0.082693
0.070538
0.002625
0.026394
0.008122
0.007291
0.028153
0.027399
0.018239
0.001794
0.008714
0.030300
0.011864
0.017623
0.010983
0.003845
0.002731
0.003045
0.021593
0.026012
0.008249
0.009396
0.003427
0.011845
0.003500
0.018221
0.092860
0.084582
0.008459
0.024303
0.021723
0.000840
0.010252
0.002487
0.065097
0.053351
0.075046
0.015408
0.001766
0.013588
0.011320
0.000680
0.024655
0.001111
0.028532
0.003349
0.060546
0.006569
0.002579
0.002417
0.015998
0.008071
0.054083
0.042818
0.020896
0.006238
0.020491
0.010979
0.021787
0.002817
0.020839
0.027194
0.015604
0.013286
0.065608
0.005820
0.038570
0.033927
0.027640
0.021315
0.033148
0.029059
0.013341
0.066544
0.005719
0.033819
0.019665
0.009115
0.012076
0.009266
0.001449
0.056872
0.018050
0.021712
0.025334
0.006217
0.000665
0.021574
0.028212
0.013983
0.003248
0.005136
0.000123
0.042388
0.006914
0.029684
0.013568
0.040322
0.021057
0.031626
0.009523
0.001201
0.030679
0.005797
0.008349
0.027311
0.008740
0.007865
0.023276
0.003851
0.024612
0.023397
0.023076
0.034387
0.004775
0.014253
0.001321
0.018977
0.007425
0.012056
0.000092
0.002537
0.004021
0.000368
0.009284
0.003240
0.011248
0.006045
0.017442
0.006686
0.012480
0.014402
0.035579
0.000111
0.001452
0.040257
0.018399
0.012027
0.004480
0.000819
0.008201
0.024918
0.004822
0.026604
0.013285
0.004929
0.033473
0.022945
0.000106
0.031865
0.034740
0.007732
0.022256
0.026781
0.007152
0.001362
0.016309
0.035188
0.037437
0.015886
0.019932
0.029585
0.039785
0.003015
0.072671
0.046975
0.033723
0.032198
0.035503
0.034549
0.021955
0.019863
0.023834
0.011090
0.004479
0.005884
0.023075
0.032641
0.016611
0.002154
0.008985
0.006793
0.009770
0.022963
0.021552
0.003748
0.031146
0.018896
0.014198
0.012970
0.003519
0.014931
0.026101
0.016128
0.022994
0.020661
0.007614
0.017691
0.025861
0.013340
0.007469
0.009617
0.011414
0.002616
0.022199
0.079044
0.021741
0.005201
0.006428
0.015667
0.029101
0.019266
0.027219
0.032777
0.001382
0.000152
0.010029
0.005750
0.022657
0.016358
0.003910
0.044394
0.025787
0.000221
0.005467
0.016085
0.003699
0.044486
0.033425
0.033576
0.013783
0.018678
0.002103
0.000344
0.026323
0.004053
0.046380
0.003585
0.009385
0.047423
0.004884
0.019880
0.000466
0.006311
0.012565
0.008382
0.028258
0.010600
0.016905
0.021635
0.027541
0.011814
0.040473
0.002187
0.023374
0.006107
0.005849
0.002218
0.005844
0.017290
0.004281
0.032105
0.001550
0.002298
0.072339
0.034360
0.012315
0.030140
0.028074
0.011862
0.033743
0.030025
0.006280
0.014313
0.004369
0.001303
0.018385
0.002736
0.004372
0.000497
0.006576
0.014325
0.014786
0.012043
0.053504
0.009695
0.052719
0.046627
0.019902
0.026820
0.021865
0.006438
0.015457
0.026425
0.012638
0.003008
0.012722
0.018088
0.006340
0.003358
0.009942
0.087228
0.063533
0.018110
0.009933
0.043901
0.024751
0.005745
0.130098
0.042699
0.030146
0.005861
0.010930
0.023383
0.006868
0.010839
0.039382
0.029902
0.001043
0.010162
0.000276
0.007815
0.044255
0.013621
0.001985
0.005242
0.015356
0.006997
0.052068
0.004150
0.026498
0.026152
0.023315
0.013333
0.020132
0.008876
0.008071
0.023404
0.002677
0.009545
0.004013
0.016210
0.012888
0.004635
0.022588
0.004867
0.001624
0.011240
0.056735
0.020571
0.010546
0.017024
0.004689
0.004660
0.026719
0.013153
0.028228
0.028200
0.030979
0.033265
0.008478
0.023712
0.000672
0.027828
0.007061
0.050813
0.028945
0.007142
0.033623
0.003155
0.010893
0.005319
0.014110
0.056017
0.057462
0.003671
0.012666
0.007914
0.020064
0.035202
0.003716
0.011825
0.003862
0.047590
0.036112
0.034280
0.008194
0.016215
0.006432
0.014818
0.020603
0.001784
0.015541
0.015291
0.006231
0.022078
0.017606
0.010706
0.002802
0.050394
0.007920
0.021464
0.089785
0.033863
0.001576
0.070748
0.002791
0.000705
0.076505
0.015742
0.015112
0.004544
0.007395
0.000367
0.004152
0.000222
0.006530
0.019798
0.005833
0.025942
0.001772
0.031689
0.001460
0.002517
0.001559
0.008183
0.009562
0.004646
0.002639
0.010436
0.063243
0.064034
0.002277
0.078340
0.057558
0.090036
0.058643
0.002812
0.024363
0.002074
0.001966
0.020185
0.000986
0.009424
0.043571
0.037889
0.001749
0.025379
0.019270
0.003836
0.007983
0.010086
0.009003
0.015074
0.040970
0.008544
0.004478
0.086759
0.063437
0.008764
0.016165
0.016089
0.005766
0.010152
0.002558
0.000301
0.058005
0.016380
0.042996
0.003361
0.043577
0.051771
0.027862
0.018536
0.003824
0.011996
0.003555
0.030005
0.004961
0.004740
0.005476
0.013546
0.030972
0.004876
0.002189
0.017648
0.020333
0.019771
0.000037
0.017486
0.017645
0.004386
0.028321
0.014319
0.034888
0.014007
0.002296
0.067025
0.030077
0.000757
0.001244
0.000556
0.017286
0.007785
0.007430
0.024816
0.024568
0.028906
0.003090
0.035969
0.026047
0.033303
0.006399
0.059301
0.057313
0.068444
0.045298
0.016018
0.023088
0.015592
0.005335
0.016340
0.005674
0.007947
0.024365
0.005605
0.000309
0.028939
0.012024
0.009967
0.026439
0.034513
0.005511
0.063076
0.013395
0.008656
0.018898
0.012510
0.004542
0.047970
0.017403
0.007347
0.013599
0.003714
0.011270
0.001781
0.012812
0.002997
0.011109
0.008081
0.001682
0.008901
0.012676
0.015081
0.043283
0.010998
0.015412
0.008820
0.004614
0.053413
0.037373
0.022302
0.046740
0.005581
0.006520
0.011229
0.001196
0.007610
0.010894
0.019524
0.047770
0.029894
0.000758
0.026205
0.003054
0.002865
0.013092
0.024997
0.043778
0.030661
0.022893
0.009484
0.070473
0.069162
0.000490
0.009695
0.003747
0.011777
0.011580
0.031430
0.002294
0.084158
0.013080
0.002079
0.002533
0.031790
0.026665
0.004426
0.011101
0.029143
0.023803
0.010183
0.039531
0.005930
0.024403
0.049298
0.000557
0.033944
0.025810
0.061405
0.054213
0.023203
0.023065
0.037671
0.034091
0.005108
0.043538
0.004515
0.013340
0.018473
0.003840
0.012547
0.005605
0.003530
0.023400
0.024592
0.069076
0.019493
0.068062
0.004808
0.017002
0.014597
0.041150
0.012135
0.037454
0.044699
0.025844
0.041933
0.006084
0.018698
0.006520
0.001864
0.051444
0.026996
0.012580
0.001527
0.001533
0.027610
0.045160
0.005786
0.006948
0.009165
0.000083
0.015649
0.007911
0.075522
0.031142
0.000242
0.030734
0.023266
0.000324
0.024330
0.004078
0.019528
0.002399
0.046200
0.009854
0.004733
0.019854
0.052047
0.027089
0.002907
0.119677
0.022994
0.005293
0.002267
0.013091
0.076990
0.013623
0.014086
0.006664
0.034217
0.004019
0.011570
0.027276
0.011657
0.040914
0.003423
0.000470
0.020058
0.023103
0.007984
0.023702
0.003895
0.021600
0.010004
0.007662
0.006696
0.029343
0.000858
0.003450
0.017410
0.002229
0.005319
0.012012
0.017992
0.011262
0.003403
0.054661
0.003831
0.017249
0.053464
0.005549
0.001129
0.001070
0.031155
0.008210
0.034974
0.032738
0.011281
0.007920
0.017351
0.013959
0.024347
0.019476
0.007819
0.005215
0.009499
0.004209
0.019255
0.000730
0.012033
0.012607
0.021529
0.022520
0.001099
0.001323
0.042910
0.028017
0.020282
0.021136
0.013396
0.005406
0.022452
0.050883
0.007657
0.017678
0.017186
0.009902
0.018609
0.001722
0.040003
0.012891
0.000970
0.035271
0.018429
0.002601
0.003320
0.031262
0.009751
0.002802
0.004114
0.051143
0.034319
0.018520
0.004483
0.019345
0.054597
0.042696
0.039096
0.003765
0.004655
0.021723
0.002737
0.020139
0.024109
0.010388
0.000931
0.012285
0.010864
0.007265
0.072025
0.090445
0.003026
0.062545
0.048604
0.022050
0.001294
0.005336
0.040202
0.015718
0.012784
0.007215
0.012247
0.000090
0.024789
0.017874
0.012575
0.032133
0.021472
0.008463
0.002364
0.009281
0.005969
0.002641
0.007916
0.040098
0.004200
0.005993
0.034183
0.004532
0.042217
0.002562
0.007064
0.035310
0.005835
0.074973
0.012819
0.002579
0.007521
0.032638
0.071603
0.050180
0.006909
0.020313
0.008679
0.011780
0.086171
0.003264
0.000402
0.035742
0.008036
0.010495
0.011296
0.037528
0.002516
0.074330
0.026902
0.024930
0.015581
0.028042
0.016536
0.011022
0.070783
0.000268
0.006619
0.019722
0.004873
0.014247
0.002666
0.000387
0.051910
0.012609
0.003714
0.003423
0.009252
0.033689
0.025105
0.010768
0.022774
0.007607
0.021655
0.012796
0.013583
0.001860
0.054529
0.032526
0.010603
0.003855
0.005168
0.028099
0.012725
0.068299
0.010416
0.029124
0.043512
0.007406
0.035148
0.002993
0.006122
0.007913
0.015558
0.006366
0.020575
0.009842
0.011738
0.002435
0.015395
0.005601
0.013896
0.031905
0.004281
0.039562
0.010800
0.024061
0.009680
0.048210
0.048116
0.004948
0.001713
0.011092
0.040952
0.007136
0.046869
0.020655
0.025626
0.011941
0.002577
0.014886
0.002520
0.034454
0.045149
0.043683
0.004927
0.005877
0.014550
0.031961
0.001160
0.000227
0.014450
0.010388
0.006693
0.040431
0.001651
0.015427
0.017153
0.015322
0.061863
0.027677
0.058608
0.009992
0.005324
0.004467
0.001009
0.010119
0.000417
0.009487
0.003618
0.012714
0.008759
0.031921
0.029544
0.068358
0.000515
0.010889
0.033854
0.001087
0.033682
0.012683
0.011160
0.006044
0.018565
0.006467
0.002105
0.000418
0.003770
0.041576
0.023196
0.016766
0.001275
0.005238
0.038007
0.015857
0.006935
0.021794
0.007889
0.040901
0.005127
0.011540
0.010591
0.013256
0.017022
0.000453
0.029769
0.014972
0.002943
0.052082
0.007294
0.012823
0.001440
0.000043
0.008194
0.001842
0.009255
0.012660
0.011063
0.005748
0.016499
0.002715
0.015407
0.002889
0.033375
0.022649
0.024586
0.001563
0.048195
0.032157
0.017684
0.011799
0.005341
0.042959
0.003414
0.001067
0.000179
0.031149
0.027237
0.007011
0.081854
0.002592
0.041259
0.012391
0.000706
0.021557
0.026578
0.009775
0.018570
0.002382
0.001477
0.009144
0.018610
0.006879
0.003969
0.009282
0.018451
0.005335
0.037450
0.060247
0.002774
0.007039
0.058654
0.050055
0.031522
0.072400
0.066667
0.060141
0.005772
0.015390
0.018743
0.008118
0.041319
0.012921
0.076108
0.010649
0.025950
0.017367
0.040765
0.042263
0.009593
0.002571
0.009467
0.046657
0.043718
0.003464
0.042267
0.036001
0.001324
0.025559
0.034786
0.008808
0.020476
0.018059
0.025154
0.039108
0.014414
0.034489
0.012174
0.006715
0.013757
0.009986
0.031023
0.002895
0.016913
0.005978
0.006773
0.008593
0.012356
0.016845
0.004650
0.105075
0.077222
0.002020
0.013398
0.002771
0.005276
0.005038
0.004461
0.003160
0.000579
0.029747
0.008681
0.029308
0.007788
0.051030
0.015271
0.050512
0.016994
0.003770
0.025648
0.033343
0.026570
0.005599
0.061423
0.011543
0.001836
0.010870
0.029713
0.031981
0.027074
0.002220
0.012525
0.043040
0.000397
0.000858
0.001561
0.001496
0.025598
0.027650
0.050655
0.020882
0.018778
0.015149
0.039046
0.010346
0.020848
0.004540
0.005793
0.020429
0.009562
0.021231
0.003800
0.039010
0.017251
0.024967
0.000180
0.011394
0.018992
0.024523
0.024115
0.006953
0.008620
0.033140
0.020541
0.014408
0.005032
0.017209
0.012451
0.013606
0.025052
0.029040
0.001949
0.013854
0.005112
0.025626
0.007307
0.005195
0.015247
0.003278
0.065185
0.008868
0.014422
0.033570
0.003698
0.016671
0.010113
0.004944
0.002348
0.018628
0.023455
0.018375
0.007576
0.009105
0.007291
0.012254
0.075362
0.063368
0.023201
0.050985
0.004912
0.072580
0.052224
0.067681
0.000015
0.016349
0.011991
0.017569
0.009713
0.061249
0.002959
0.004715
0.000390
0.002688
0.017883
0.012315
0.008555
0.038941
0.019705
0.040935
0.022715
0.004881
0.001325
0.008283
0.013914
0.050796
0.043173
0.000017
0.047273
0.013162
0.026009
0.065128
0.001522
0.026162
0.030664
0.001331
0.003759
0.012004
0.004174
0.058233
0.053032
0.034225
0.034781
0.017285
0.000460
0.025799
0.002075
0.032297
0.010744
0.009229
0.021399
0.016740
0.011708
0.005503
0.022562
0.045140
0.003600
0.037775
0.018570
0.068222
0.004262
0.011463
0.045863
0.022272
0.001607
0.036743
0.030811
0.002236
0.010565
0.015776
0.014687
0.002968
0.000109
0.024316
0.006580
0.005355
0.033746
0.027967
0.002890
0.042775
0.001987
0.014343
0.006588
0.070749
0.004363
0.011297
0.035160
0.000279
0.012487
0.027948
0.006173
0.024053
0.031497
0.002030
0.000117
0.015964
0.008708
0.001569
0.003103
0.004019
0.029103
0.028561
0.038017
0.035769
0.039384
0.056862
0.009753
0.037616
0.015069
0.014097
0.004374
0.013272
0.003478
0.011768
0.005919
0.010915
0.004495
0.007239
0.000074
0.003198
0.043459
0.110642
0.040368
0.007257
0.069711
0.071382
0.029672
0.024565
0.016509
0.055310
0.034909
0.001410
0.014808
0.018004
0.012014
0.005084
0.005734
0.011156
0.007270
0.043672
0.014224
0.001288
0.018796
0.003988
0.011866
0.001697
0.007136
0.002310
0.036703
0.002101
0.047393
0.015698
0.002389
0.018774
0.023446
0.017082
0.003544
0.020758
0.011685
0.011451
0.010866
0.025223
0.012471
0.005833
0.005247
0.001235
0.004095
0.017310
0.035414
0.021358
0.011046
0.015510
0.008851
0.004270
0.035181
0.005367
0.040031
0.010219
0.009466
0.042172
0.031104
0.031217
0.016541
0.004779
0.001736
0.013608
0.006507
0.002533
0.002595
0.019302
0.021873
0.008225
0.054225
0.012375
0.009463
0.000717
0.021151
0.023274
0.003882
0.025214
0.026108
0.037286
0.010136
0.029698
0.052641
0.012945
0.014308
0.024099
0.014782
0.027586
0.024080
0.009999
0.073682
0.009251
0.005251
0.037803
0.000082
0.005168
0.009595
0.005067
0.003070
0.033736
0.015820
0.045739
0.008421
0.059394
0.001927
0.009631
0.039796
0.021156
0.002777
0.026450
0.006503
0.063016
0.044293
0.035712
0.007426
0.005639
0.018351
0.009837
0.034647
0.009236
0.026698
0.001145
0.014637
0.023217
0.009338
0.067091
0.004511
0.003052
0.001119
0.000028
0.012721
0.050010
0.003343
0.017753
0.011189
0.004436
0.021389
0.002348
0.003014
0.033720
0.020738
0.013378
0.000885
0.022961
0.031435
0.014295
0.041355
0.015012
0.006668
0.035513
0.009866
0.006250
0.004588
0.069072
0.044025
0.019785
0.027747
0.028148
0.023910
0.007695
0.001389
0.005419
0.017390
0.008601
0.028325
0.008661
0.004553
0.068401
0.045536
0.022889
0.000419
0.031047
0.020284
0.017606
0.033924
0.014905
0.027524
0.022080
0.004954
0.003701
0.088070
0.007855
0.002579
0.022819
0.001170
0.000893
0.025131
0.000003
0.008917
0.005640
0.003303
0.019175
0.009115
0.015329
0.041484
0.007509
0.065299
0.026311
0.018120
0.032588
0.014326
0.010296
0.006532
0.066631
0.003993
0.009881
0.024671
0.023235
0.021688
0.024421
0.018011
0.023169
0.009088
0.050055
0.011330
0.011486
0.003530
0.046155
0.038492
0.084243
0.091973
0.003153
0.034489
0.019842
0.008142
0.005362
0.007546
0.026285
0.014790
0.012887
0.009479
0.000393
0.010007
0.006309
0.000014
0.011163
0.021085
0.000348
0.001038
0.003216
0.011575
0.007869
0.002006
0.011151
0.009774
0.009947
0.032326
0.004949
0.000129
0.062940
0.024356
0.011086
0.012920
0.054366
0.004249
0.023643
0.012030
0.009614
0.003121
0.007324
0.015408
0.012226
0.022467
0.001942
0.007359
0.001113
0.010847
0.002148
0.023405
