0.029425
0.007193
0.008177
0.035779
0.005122
0.009474
0.002216
0.002675
0.014777
0.006955
0.004816
0.001014
0.011143
0.022791
0.015984
0.019101
0.002851
0.002420
0.003122
0.016922
0.007733
0.001210
0.006425
0.010867
0.025272
0.048024
0.000815
0.010601
0.024805
0.000373
0.006666
0.003036
0.010663
0.008734
0.023851
0.010987
0.023225
0.020176
0.002938
0.000620
0.006495
0.068665
0.004969
0.000064
0.001025
0.006936
0.023464
0.003579
0.025627
0.054039
0.029304
0.011230
0.023423
0.017025
0.023292
0.005865
0.012883
0.008395
0.005699
0.007970
0.009137
0.025356
0.009813
0.007411
0.019409
0.015247
0.001786
0.007626
0.009756
0.001891
0.042312
0.009524
0.008770
0.003208
0.021455
0.026959
0.032079
0.010857
0.002389
0.021422
0.005447
0.016898
0.003903
0.034750
0.003011
0.023123
0.001738
0.002699
0.072229
0.003328
0.007031
0.008121
0.065358
0.013777
0.000712
0.004846
0.007030
0.014591
0.003784
0.005740
0.024422
0.022589
0.004296
0.003142
0.015730
0.004369
0.004946
0.004569
0.001683
0.012081
0.013292
0.005422
0.003092
0.001995
0.030506
0.002022
0.014256
0.016723
0.004506
0.002444
0.005226
0.007512
0.012595
0.017039
0.017368
0.020588
0.001141
0.003711
0.017644
0.003195
0.009906
0.007304
0.011364
0.004432
0.006746
0.021142
0.001897
0.008749
0.017471
0.012185
0.037688
0.053118
0.011977
0.021917
0.006666
0.000493
0.008968
0.016095
0.016669
0.029042
0.019175
0.011067
0.007835
0.008847
0.023912
0.009950
0.012159
0.019625
0.002094
0.019977
0.006351
0.002955
0.014163
0.002376
0.034570
0.000833
0.038259
0.001868
0.003673
0.004078
0.005948
0.018179
0.002645
0.003533
0.017898
0.005402
0.003681
0.005827
0.035078
0.004178
0.003573
0.034119
0.005789
0.020848
0.009490
0.027553
0.009991
0.004373
0.021302
0.003620
0.001973
0.011863
0.005645
0.013639
0.015677
0.004651
0.007066
0.019798
0.026766
0.001910
0.029810
0.002356
0.024536
0.011816
0.033738
0.001226
0.002271
0.002114
0.007222
0.003305
0.007351
0.010743
0.007659
0.010243
0.003310
0.005619
0.001023
0.002997
0.010599
0.008957
0.032238
0.035327
0.032647
0.008572
0.000421
0.016461
0.001235
0.046669
0.000127
0.004032
0.010363
0.028739
0.027101
0.024598
0.003199
0.011849
0.012869
0.005285
0.004166
0.011374
0.000430
0.021854
0.013164
0.008021
0.049621
0.012239
0.030973
0.026218
0.000236
0.003059
0.001800
0.023816
0.028797
0.016826
0.005146
0.005714
0.002246
0.014424
0.012345
0.011577
0.046411
0.006773
0.016349
0.011860
0.001458
0.001967
0.026778
0.052754
0.043182
0.001192
0.004009
0.002147
0.008281
0.008328
0.010212
0.044762
0.020682
0.001366
0.005230
0.001592
0.012782
0.018133
0.022182
0.001213
0.001055
0.013242
0.002656
0.003910
0.027498
0.031170
0.008707
0.017516
0.000088
0.003743
0.008397
0.011653
0.003352
0.038645
0.011781
0.000918
0.033594
0.038594
0.005171
0.007318
0.011770
0.013921
0.009703
0.002701
0.004592
0.001705
0.020502
0.047071
0.031814
0.023545
0.012374
0.001866
0.002429
0.020846
0.004084
0.005784
0.015654
0.037675
0.004072
0.001458
0.002152
0.039667
0.004924
0.005014
0.000670
0.005174
0.010382
0.005096
0.033406
0.010619
0.000721
0.002556
0.011606
0.041825
0.005290
0.006123
0.003077
0.021705
0.016766
0.007741
0.038925
0.010799
0.025576
0.000229
0.003968
0.007905
0.005658
0.042374
0.009206
0.007041
0.027946
0.008236
0.024363
0.020282
0.001280
0.005586
0.004219
0.008065
0.004011
0.005737
0.016732
0.001514
0.000567
0.003423
0.000488
0.000958
0.001287
0.032040
0.013386
0.012675
0.029796
0.015549
0.001322
0.002734
0.004025
0.026947
0.021942
0.000066
0.011055
0.008057
0.010468
0.001700
0.013425
0.020481
0.029979
0.002841
0.000480
0.006308
0.000494
0.013702
0.012999
0.027195
0.008664
0.000275
0.012452
0.011100
0.024115
0.022271
0.004409
0.004431
0.001540
0.000116
0.000153
0.057305
0.022078
0.002057
0.034141
0.000191
0.014127
0.032532
0.007757
0.007266
0.008268
0.034342
0.003770
0.001873
0.008452
0.014898
0.017585
0.003821
0.019188
0.005136
0.040401
0.003943
0.016838
0.024835
0.008697
0.005161
0.005844
0.002733
0.021246
0.001826
0.007710
0.009669
0.001158
0.014380
0.002159
0.014107
0.004768
0.021045
0.000401
0.024627
0.026461
0.009502
0.004075
0.026237
0.017875
0.013760
0.002153
0.035782
0.003315
0.030360
0.005866
0.000516
0.025674
0.025205
0.005486
0.005002
0.019005
0.015921
0.004260
0.004173
0.029684
0.002517
0.033554
0.037165
0.004594
0.004558
0.000845
0.012846
0.003847
0.020759
0.001996
0.010379
0.001365
0.009811
0.005042
0.001278
0.011323
0.015053
0.022773
0.016322
0.022127
0.006743
0.000435
0.007543
0.006607
0.006087
0.012038
0.003429
0.025989
0.001190
0.013863
0.002845
0.002639
0.004637
0.001977
0.001161
0.003031
0.008506
0.000306
0.015145
0.069009
0.013323
0.043587
0.031016
0.018565
0.006260
0.006425
0.025099
0.010761
0.013923
0.022539
0.042243
0.004084
0.048134
0.005661
0.005909
0.050294
0.008729
0.002427
0.009586
0.012269
0.033510
0.040791
0.006118
0.013725
0.009059
0.001252
0.033548
0.016489
0.000132
0.007918
0.015959
0.001361
0.001731
0.023522
0.031932
0.029364
0.001695
0.012094
0.010801
0.027763
0.001913
0.021987
0.014629
0.014573
0.031972
0.005196
0.016741
0.005711
0.010229
0.000671
0.004179
0.003338
0.023609
0.050925
0.003753
0.015443
0.031794
0.001956
0.010741
0.002112
0.017021
0.000822
0.014551
0.010096
0.008908
0.021467
0.015547
0.027155
0.030283
0.008491
0.017642
0.001319
0.019820
0.025472
0.000794
0.009762
0.014986
0.004684
0.011105
0.015900
0.000254
0.012884
0.014170
0.004098
0.010665
0.032926
0.006461
0.000879
0.000289
0.000462
0.003544
0.002100
0.015310
0.023336
0.015766
0.014708
0.015034
0.045009
0.009694
0.008243
0.000528
0.029134
0.000564
0.001881
0.007273
0.006171
0.005726
0.014975
0.026690
0.000087
0.001396
0.010589
0.008110
0.015991
0.000443
0.015594
0.041425
0.005711
0.009380
0.025148
0.007405
0.027112
0.004303
0.018707
0.000451
0.003229
0.000603
0.003326
0.047619
0.018346
0.019250
0.022480
0.034363
0.001403
0.002992
0.004851
0.000181
0.002655
0.000236
0.006183
0.002369
0.009280
0.011162
0.021920
0.012986
0.007144
0.019904
0.024698
0.088824
0.003479
0.007818
0.011561
0.007156
0.002548
0.002532
0.007264
0.064378
0.081323
0.032156
0.003981
0.003555
0.000386
0.038733
0.007599
0.001872
0.016599
0.002148
0.005054
0.010679
0.007554
0.010020
0.003210
0.006307
0.005182
0.007940
0.018183
0.005726
0.004573
0.009459
0.006969
0.019334
0.026103
0.002375
0.002082
0.005642
0.020025
0.009223
0.036133
0.043912
0.004839
0.002701
0.004051
0.030377
0.049431
0.014134
0.003361
0.004814
0.019874
0.028750
0.003331
0.004564
0.016363
0.012314
0.002639
0.008734
0.004522
0.004392
0.000584
0.011679
0.003306
0.033222
0.008367
0.010226
0.040415
0.016604
0.018118
0.046708
0.043544
0.000385
0.007659
0.008081
0.003383
0.001522
0.001159
0.008653
0.002798
0.015364
0.007242
0.003960
0.013906
0.010961
0.007755
0.009130
0.037242
0.000387
0.012781
0.010476
0.012845
0.017112
0.014820
0.001578
0.008314
0.020842
0.000151
0.013880
0.010425
0.005560
0.000814
0.001983
0.004692
0.010189
0.009377
0.002026
0.002007
0.009800
0.032501
0.013615
0.013106
0.010456
0.029933
0.030627
0.027343
0.008197
0.022087
0.012989
0.006703
0.014018
0.004633
0.019537
0.016623
0.031279
0.005102
0.001737
0.015651
0.001559
0.004046
0.011582
0.001825
0.005935
0.000584
0.025692
0.021485
0.000998
0.000961
0.017501
0.024078
0.019648
0.006000
0.002515
0.013587
0.005123
0.000677
0.004284
0.003871
0.053663
0.030091
0.003584
0.020514
0.011262
0.004583
0.008590
0.003104
0.023390
0.001280
0.043519
0.035111
0.030847
0.000430
0.042171
0.008423
0.003595
0.001141
0.004002
0.024467
0.014519
0.006241
0.002408
0.001303
0.008880
0.006867
0.039941
0.037489
0.000902
0.025126
0.010545
0.012256
0.012113
0.001310
0.000151
0.002427
0.037589
0.001533
0.001846
0.019228
0.008070
0.019325
0.007256
0.010267
0.006336
0.005275
0.008342
0.021671
0.010201
0.034502
0.011447
0.002304
0.011826
0.002114
0.006978
0.002275
0.002008
0.006239
0.000281
0.011352
0.005983
0.030336
0.000598
0.000973
0.000370
0.008691
0.017031
0.038596
0.000387
0.011253
0.004220
0.005922
0.014461
0.015792
0.001797
0.005344
0.026690
0.016809
0.000305
0.015237
0.000122
0.015831
0.003131
0.025086
0.004294
0.006545
0.013075
0.003164
0.008758
0.000123
0.009308
0.000806
0.013070
0.004994
0.001879
0.025810
0.050646
0.000474
0.005971
0.035984
0.003510
0.045945
0.012938
0.001272
0.018782
0.019735
0.018140
0.007479
0.020766
0.020647
0.010227
0.001014
0.007217
0.033357
0.012642
0.007288
0.032272
0.010549
0.001326
0.008034
0.034937
0.005696
0.017131
0.002514
0.005953
0.012556
0.006231
0.013179
0.005904
0.004858
0.048260
0.004883
0.001735
0.025242
0.000477
0.006790
0.002452
0.004398
0.002428
0.006176
0.017328
0.059140
0.002747
0.003815
0.020277
0.007430
0.007843
0.018004
0.006066
0.007217
0.002351
0.001056
0.035821
0.033116
0.001155
0.002269
0.002811
0.015667
0.008043
0.006743
0.003286
0.012578
0.016187
0.013008
0.005307
0.003674
0.006692
0.002711
0.007233
0.026617
0.005049
0.000828
0.006256
0.019264
0.011513
0.011999
0.002548
0.009165
0.007654
0.000918
0.004524
0.002548
0.005849
0.010912
0.001748
0.009774
0.002124
0.011415
0.025582
0.007287
0.002471
0.010012
0.014731
0.002688
0.033374
0.023127
0.014246
0.008548
0.023826
0.013122
0.003396
0.010768
0.004890
0.017102
0.010971
0.013758
0.022658
0.003115
0.019650
0.018328
0.008271
0.049600
0.009451
0.005448
0.005291
0.027717
0.003440
0.006881
0.005877
0.007259
0.003885
0.012716
0.006942
0.020820
0.000384
0.026854
0.000349
0.003027
0.000550
0.004869
0.009927
0.006069
0.005884
0.019567
0.005710
0.001060
0.002598
0.006264
0.014074
0.008832
0.040027
0.021090
0.020107
0.008298
0.000493
0.025134
0.023583
0.004379
0.001847
0.002249
0.017394
0.000332
0.006287
0.001827
0.003742
0.004972
0.012794
0.027631
0.010723
0.007301
0.007962
0.023300
0.022138
0.005867
0.018863
0.004494
0.020243
0.001237
0.005338
0.003382
0.004355
0.012489
0.001934
0.002384
0.017429
0.037231
0.032686
0.000237
0.018440
0.007671
0.020778
0.016559
0.001487
0.000850
0.006077
0.015846
0.023391
0.011763
0.000563
0.018708
0.010536
0.010797
0.001673
0.009862
0.001986
0.043990
0.031703
0.003860
0.001254
0.002506
0.003281
0.017343
0.006892
0.019525
0.032779
0.007508
0.005638
0.001518
0.006778
0.008227
0.001689
0.006777
0.005846
0.008045
0.008318
0.012914
0.008448
0.002040
0.008225
0.009639
0.027119
0.008106
0.027712
0.000666
0.004311
0.004163
0.000968
0.028488
0.015697
0.002984
0.022744
0.002847
0.002106
0.027153
0.031734
0.010022
0.000246
0.002085
0.017159
0.001275
0.024799
0.004499
0.000660
0.011092
0.000858
0.001371
0.000329
0.003127
0.001233
0.010604
0.011019
0.005740
0.034450
0.013001
0.006425
0.013724
0.006006
0.004300
0.004688
0.003711
0.016208
0.000606
0.017088
0.000573
0.010332
0.044491
0.018222
0.024545
0.003640
0.018862
0.006378
0.006141
0.016471
0.028770
0.020705
0.017629
0.003646
0.015674
0.000134
0.012505
0.014962
0.008591
0.015099
0.016539
0.001201
0.036520
0.023942
0.011481
0.033402
0.002442
0.014514
0.009273
0.040484
0.000652
0.013412
0.008427
0.000258
0.015422
0.000893
0.000435
0.010988
0.002810
0.036102
0.024072
0.012311
0.000920
0.019345
0.001106
0.006869
0.018628
0.023158
0.001137
0.033794
0.021141
0.015388
0.012801
0.005808
0.007752
0.006983
0.006571
0.011483
0.032536
0.001988
0.009949
0.043681
0.026314
0.009770
0.005392
0.003129
0.002406
0.000740
0.018340
0.001305
0.013857
0.001707
0.016663
0.003915
0.053719
0.008623
0.001492
0.002632
0.001695
0.000667
0.002334
0.010099
0.019662
0.018232
0.007972
0.031916
0.004272
0.007191
0.000241
0.002447
0.028150
0.018290
0.010198
0.007023
0.010250
0.008390
0.028430
0.050776
0.021604
0.001171
0.001808
0.000044
0.020686
0.021559
0.013147
0.008866
0.002666
0.010849
0.017457
0.004345
0.056171
0.004286
0.023089
0.007278
0.000870
0.007054
0.050547
0.000172
0.003426
0.004738
0.016617
0.010626
0.021262
0.017399
0.002046
0.001932
0.008673
0.015628
0.018822
0.003544
0.008127
0.012984
0.010676
0.012461
0.011999
0.000300
0.011099
0.004775
0.011734
0.019837
0.018943
0.011399
0.038337
0.005127
0.007202
0.011431
0.013279
0.009503
0.004559
0.000531
0.008649
0.012154
0.003369
0.021539
0.020269
0.004494
0.004533
0.000463
0.008192
0.010181
0.000200
0.001058
0.005271
0.005081
0.029775
0.007238
0.007902
0.024183
0.030955
0.019874
0.009690
0.000405
0.006315
0.001220
0.055765
0.001232
0.013750
0.008096
0.035933
0.003430
0.002822
0.009346
0.012427
0.000522
0.010714
0.001118
0.005061
0.003224
0.005734
0.002198
0.013342
0.008305
0.000097
0.014162
0.075659
0.026996
0.016234
0.000154
0.001490
0.010385
0.005861
0.002287
0.012582
0.004495
0.001342
0.027834
0.007173
0.011168
0.011926
0.005819
0.015031
0.023529
0.019547
0.001513
0.010492
0.006023
0.002512
0.013158
0.003890
0.017121
0.000878
0.014821
0.010165
0.001168
0.009339
0.005473
0.006198
0.002096
0.006547
0.000734
0.013955
0.009229
0.001039
0.018908
0.040280
0.037076
0.043032
0.003347
0.000199
0.049205
0.016888
0.002141
0.000799
0.018634
0.001196
0.010678
0.012262
0.010867
0.024516
0.019851
0.022861
0.014107
0.008775
0.034729
0.001145
0.001103
0.015863
0.003378
0.023806
0.001665
0.001154
0.006530
0.013054
0.003202
0.009267
0.001415
0.033332
0.012086
0.003674
0.008309
0.021338
0.009743
0.026575
0.006636
0.006636
0.009854
0.010405
0.008207
0.020326
0.008357
0.014872
0.019279
0.007596
0.013381
0.023274
0.002080
0.004787
0.009417
0.004671
0.001828
0.023078
0.001046
0.029034
0.014626
0.000252
0.030519
0.004424
0.010602
0.002816
0.005223
0.004777
0.022295
0.001790
0.004692
0.014115
0.003492
0.005820
0.000504
0.027286
0.042948
0.021520
0.003060
0.030339
0.009075
0.027774
0.005449
0.002795
0.025040
0.006120
0.009622
0.016705
0.011184
0.030501
0.002114
0.015813
0.029624
0.048382
0.015748
0.008305
0.007837
0.006259
0.005658
0.005386
0.021706
0.019670
0.005223
0.030790
0.006706
0.003724
0.020697
0.009589
0.033680
0.018572
0.003600
0.009662
0.047804
0.000300
0.005170
0.021363
0.007731
0.021540
0.001897
0.007505
0.007269
0.010932
0.009416
0.032967
0.020634
0.019355
0.012809
0.013487
0.021555
0.057468
0.037640
0.005477
0.003310
0.002831
0.001629
0.029973
0.005481
0.036966
0.008504
0.007005
0.001770
0.033444
0.006352
0.000129
0.008074
0.017986
0.004357
0.028852
0.017565
0.006876
0.017147
0.013869
0.004540
0.019802
0.000358
0.000195
0.022808
0.027932
0.027334
0.021370
0.012455
0.006665
0.020264
0.001241
0.005316
0.003227
0.003556
0.007198
0.006344
0.007435
0.001425
0.000675
0.014988
0.014605
0.023563
0.002968
0.014555
0.001959
0.014215
0.001908
0.008883
0.001578
0.001794
0.016582
0.002861
0.011964
0.010327
0.011003
0.021279
0.012722
0.007983
0.001104
0.003751
0.019790
0.006298
0.007633
0.022021
0.024279
0.014465
0.006473
0.003669
0.027409
0.000526
0.003622
0.001866
0.010496
0.002195
0.023963
0.013783
0.005035
0.047197
0.026358
0.008123
0.040179
0.007658
0.001460
0.009664
0.003409
0.011033
0.005763
0.035059
0.004682
0.006792
0.015197
0.007433
0.005536
0.001492
0.007582
0.015744
0.002855
0.018872
0.022652
0.000112
0.009255
0.000754
0.012895
0.005087
0.003006
0.003996
0.015820
0.023301
0.011720
0.000590
0.020145
0.006136
0.001648
0.003594
0.006137
0.001024
0.049150
0.002399
0.003172
0.018550
0.001589
0.018643
0.000616
0.004712
0.007502
0.005959
0.003197
0.006883
0.008902
0.003522
0.027431
0.001621
0.016475
0.009865
0.002890
0.009770
0.006310
0.008598
0.006732
0.000283
0.006115
0.001593
0.003366
0.005181
0.030291
0.006687
0.004169
0.044972
0.004166
0.036710
0.008524
0.003823
0.006418
0.000488
0.011943
0.005343
0.009946
0.002206
0.000411
0.016741
0.001836
0.002450
0.022767
0.006971
0.000265
0.004086
0.008270
0.006272
0.000146
0.009142
0.008378
0.005957
0.002836
0.020516
0.000134
0.020612
0.017340
0.003294
0.012701
0.016976
0.015698
0.003795
0.002735
0.016339
0.011704
0.001085
0.000347
0.006719
0.003575
0.017340
0.003806
0.021640
0.010698
0.000563
0.001163
0.001833
0.000239
0.027137
0.001961
0.028507
0.001041
0.006372
0.014131
0.007905
0.015818
0.001169
0.000968
0.012901
0.002662
0.005524
0.006743
0.004224
0.043040
0.003225
0.013194
0.025067
0.004904
0.002159
0.000395
0.017798
0.004021
0.021255
0.007000
0.003048
0.007225
0.014504
0.002311
0.022403
0.008200
0.006089
0.051726
0.028729
0.008239
0.010716
0.016531
0.003105
0.015811
0.004951
0.008733
0.000946
0.030507
0.021520
0.015530
0.026179
0.024523
0.003844
0.024046
0.016876
0.005054
0.027447
0.008634
0.064460
0.008084
0.029983
0.002314
0.022252
0.007881
0.004883
0.016436
0.008137
0.004233
0.006754
0.031488
0.017820
0.004153
0.024515
0.011826
0.034464
0.001508
0.003647
0.008553
0.014876
0.015700
0.000367
0.016688
0.002188
0.005037
0.009837
0.004172
0.020112
0.003518
0.003977
0.006970
0.001486
0.021851
0.036589
0.003524
0.039067
0.009314
0.009903
0.010125
0.006521
0.007301
0.069512
0.067250
0.000087
0.001086
0.007175
0.025626
0.005178
0.035533
0.001163
0.005937
0.008369
0.009319
0.017876
0.022481
0.002185
0.007522
0.003926
0.009927
0.024767
0.003439
0.014397
0.034968
0.008150
0.006867
0.003189
0.009889
0.003655
0.011492
0.004926
0.009792
0.004958
0.000993
0.008951
0.005991
0.014347
0.013815
0.025448
0.002739
0.005494
0.005640
0.047809
0.011473
0.020132
0.008016
0.002355
0.007933
0.003998
0.006665
0.000205
0.005936
0.001623
0.004968
0.025700
0.004119
0.022611
0.008424
0.006727
0.000146
0.017933
0.020737
0.000022
0.016080
0.004937
0.007338
0.016258
0.005767
0.013803
0.014445
0.001233
0.006338
0.009722
0.004681
0.001586
0.016759
0.005537
0.008720
0.019647
0.003332
0.002553
0.009504
0.016700
0.012439
0.002004
0.003036
0.040513
0.021759
0.004455
0.005920
0.010417
0.073167
0.028055
0.006176
0.004338
0.001703
0.024848
0.032430
0.019199
0.005989
0.003129
0.029098
0.006849
0.006569
0.013328
0.003689
0.012492
0.008452
0.003792
0.001989
0.009378
0.023112
0.004564
0.003630
0.017794
0.004216
0.027095
0.022137
0.007461
0.000876
0.005600
0.010185
0.001231
0.009899
0.007208
0.015307
0.014987
0.006409
0.018511
0.000317
0.002747
0.039661
0.045268
0.003050
0.009697
0.004271
0.026477
0.014001
0.001666
0.014442
0.054370
0.017684
0.013422
0.008234
0.028134
0.001877
0.019189
0.007528
0.003891
0.023610
0.002975
0.012499
0.027178
0.012394
0.007236
0.001626
0.010192
0.003557
0.007890
0.007479
0.003847
0.005838
0.024127
0.018413
0.033379
0.013038
0.008887
0.003175
0.002254
0.013791
0.011030
0.003924
0.006072
0.026896
0.022842
0.001063
0.034524
0.027254
0.019804
0.005581
0.001973
0.012605
0.008588
0.003846
0.001550
0.004747
0.023418
0.003342
0.019510
0.012385
0.013561
0.004710
0.032376
0.016115
0.000281
0.011854
0.008074
0.005220
0.018151
0.009252
0.003503
0.017834
0.005575
0.004817
0.014256
0.002852
0.001327
0.018292
0.015253
0.004677
0.009415
0.005693
0.007087
0.004529
0.033045
0.022756
0.019088
0.007863
0.019359
0.009245
0.008238
0.011102
0.001213
0.003722
0.015594
0.039925
0.016697
0.021027
0.005682
0.010501
0.001633
0.012093
0.012011
0.001671
0.002691
0.000462
0.008039
0.009163
0.023564
0.006666
0.023398
0.005523
0.009374
0.037708
0.039589
0.002602
0.008832
0.005361
0.009501
0.000713
0.009741
0.017273
0.012158
0.059651
0.038646
0.002613
0.041293
0.001062
0.021411
0.002551
0.016410
0.016087
0.018102
0.000973
0.010383
0.015541
0.002655
0.017037
0.016952
0.017692
0.024743
0.005514
0.006041
0.001173
0.001152
0.016009
0.009728
0.017092
0.011590
0.031420
0.000978
0.002482
0.006462
0.020173
0.002366
0.021916
0.006567
0.000134
0.006104
0.003135
0.024057
0.001708
0.001038
0.004981
0.003680
0.010616
0.001863
0.014259
0.022614
0.003446
0.002972
0.043269
0.004405
0.000832
0.015629
0.015118
0.019364
0.013607
0.005890
0.010228
0.044193
0.032957
0.000485
0.000835
0.000583
0.014696
0.016768
0.002925
0.011609
0.017424
0.000867
0.012598
0.002896
0.009325
0.004339
0.000356
0.009413
0.031846
0.018312
0.004780
0.053925
0.000768
0.008121
0.005018
0.014396
0.001704
0.011758
0.006762
0.010796
0.025789
0.018885
0.005131
0.016380
0.005416
0.009626
0.000742
0.008989
0.010209
0.016517
0.005901
0.013439
0.010424
0.007825
0.015083
0.000220
0.019972
0.000942
0.011227
0.028614
0.020615
0.003751
0.000443
0.026095
0.035717
0.018446
0.001959
0.032852
0.003789
0.003087
0.040072
0.019367
0.001186
0.007573
0.030363
0.006009
0.001084
0.000818
0.012522
0.003209
0.013623
0.036170
0.014805
0.013589
0.016377
0.006723
0.032237
0.020168
0.008354
0.015801
0.031257
0.001990
0.000512
0.019397
0.005729
0.001496
0.005730
0.002655
0.022790
0.004620
0.004591
0.000821
0.011931
0.001561
0.002326
0.040781
0.029929
0.020054
0.011845
0.008253
0.006150
0.050368
0.006301
0.009593
0.013165
0.001110
0.013085
0.001730
0.034151
0.027131
0.003832
0.010457
0.000309
0.000583
0.000683
0.030010
0.047380
0.017997
0.004197
0.011092
0.041151
0.008240
0.003284
0.000530
0.002325
0.012944
0.005235
0.003570
0.006621
0.003288
0.014502
0.000484
0.000625
0.000179
0.003890
0.000573
0.024748
0.018257
0.023727
0.023288
0.008368
0.003088
0.031787
0.010215
0.000742
0.004837
0.006523
0.010026
0.013131
0.034563
0.018379
0.002598
0.002708
0.008158
0.001643
0.006915
0.007272
0.021598
0.010376
0.006056
0.012307
0.004504
0.002447
0.005264
0.007749
0.014203
0.030954
0.007952
0.000847
0.033142
0.054441
0.010204
0.002405
0.017732
0.005943
0.007449
0.004247
0.014554
0.009569
0.000234
0.004409
0.011974
0.000289
0.011153
0.005120
0.015219
0.002783
0.024697
0.005805
0.008096
0.009102
0.020933
0.003120
0.000149
0.001084
0.006211
0.011511
0.001134
0.001374
0.023214
0.001687
0.002215
0.022774
0.010502
0.025085
0.001018
0.014206
0.005784
0.001473
0.005062
0.075913
0.056337
0.038637
0.021898
0.005744
0.018455
0.004702
0.034584
0.010037
0.005840
0.000358
0.020778
0.011697
0.005456
0.013222
0.016517
0.009292
0.009923
0.010460
0.007944
0.015897
0.001111
0.000424
0.007124
0.004581
0.033437
0.021777
0.010530
0.060819
0.049895
0.000608
0.021287
0.008163
0.009085
0.019117
0.000656
0.003715
0.001071
0.002463
0.005079
0.006257
0.005540
0.011571
0.006389
0.042704
0.002814
0.008790
0.003037
0.017286
0.010090
0.010871
0.008679
0.018661
0.001979
0.028915
0.001158
0.006835
0.016418
0.011329
0.068960
0.011836
0.015410
0.016964
0.001027
0.019508
0.000380
0.000903
0.002010
0.003833
0.003556
0.001440
0.006908
0.010498
0.011091
0.006711
0.002766
0.007518
0.032475
0.008309
0.010939
0.001728
0.009324
0.061053
0.048391
0.006567
0.007273
0.043297
0.023075
0.005092
0.006990
0.010229
0.008609
0.039418
0.003828
0.042613
0.006975
0.024907
0.005061
0.003182
0.005425
0.001173
0.005746
0.006493
0.001519
0.000513
0.002967
0.029510
0.009502
0.000558
0.007937
0.006972
0.005097
0.002200
0.038639
0.022400
0.000770
0.026767
0.017693
0.011469
0.019406
0.004920
0.024381
0.003078
0.011126
0.010606
0.001701
0.011964
0.010001
0.017843
0.011587
0.019197
0.003937
0.010225
0.031647
0.014651
0.014393
0.013146
0.017310
0.012833
0.001374
0.023593
0.002095
0.004261
0.005282
0.007890
0.015331
0.000350
0.020465
0.010979
0.003725
0.004205
0.006275
0.019927
0.003257
0.002855
0.002186
0.001669
0.004563
0.015488
0.008904
0.013627
0.006334
0.006609
0.027171
0.012151
0.000189
0.033088
0.019386
0.005684
0.001327
0.004752
0.058464
0.004112
0.013959
0.002069
0.024718
0.019885
0.000294
0.045386
0.036923
0.000347
0.008194
0.012721
0.008767
0.004063
0.001714
0.003959
0.008069
0.006602
0.002501
0.006291
0.016867
0.013680
0.012823
0.027442
0.010224
0.005458
0.001247
0.006082
0.003204
0.004022
0.009628
0.017147
0.012922
0.002016
0.001241
0.003214
0.008910
0.000227
0.009190
0.040705
0.001092
0.023612
0.005185
0.006351
0.005086
0.006818
0.009018
0.004459
0.002397
0.005325
0.008932
0.035556
0.000714
0.024276
0.012767
0.001741
0.000263
0.038818
0.009805
0.013663
0.001269
0.011323
0.015307
0.001787
0.027841
0.008229
0.024952
0.023241
0.004247
0.001746
0.002630
0.041954
0.001082
0.020852
0.001627
0.007012
0.008127
0.000050
0.015994
0.004364
0.003965
0.048081
0.006927
0.017081
0.012798
0.001882
0.000926
0.002339
0.005999
0.017381
0.000983
0.014825
0.008332
0.013789
0.012438
0.018272
0.034433
0.015247
0.020176
0.007776
0.010568
0.003688
0.006324
0.001085
0.032409
0.020307
0.008448
0.015947
0.029179
0.033536
0.007741
0.006085
0.002138
0.008044
0.007087
0.004921
0.000746
0.006778
0.057311
0.002357
0.001641
0.002658
0.000532
0.009338
0.019063
0.039655
0.015348
0.012083
0.005463
0.009915
0.001306
0.013727
0.001407
0.012782
0.026893
0.009681
0.004129
0.022615
0.008306
0.006116
0.038041
0.003293
0.021332
0.021930
0.011306
0.009840
0.006687
0.004982
0.003488
0.008727
0.021696
0.006803
0.001385
0.023873
0.002288
0.005131
0.009029
0.000725
0.015428
0.017146
0.001281
0.025261
0.016137
0.002213
0.000247
0.013377
0.018146
0.014306
0.002746
0.000625
0.009113
0.013746
0.005258
0.000736
0.003634
0.091828
0.016166
0.005571
0.012326
0.009313
0.008890
0.004936
0.005913
0.004920
0.010265
0.007077
0.010066
0.006972
0.011076
0.014197
0.019118
0.011163
0.008503
0.007485
0.007080
0.019127
0.020695
0.020285
0.009564
0.051988
0.001231
0.015189
0.005893
0.032436
0.002316
0.014507
0.011389
0.006540
0.000814
0.015544
0.015157
0.020801
0.009729
0.037264
0.022007
0.006915
0.001276
0.017733
0.014031
0.003196
0.004155
0.013718
0.007535
0.015906
0.003506
0.056076
0.016419
0.008372
0.005361
0.015019
0.000728
0.000589
0.018206
0.002597
0.003158
0.002713
0.028448
0.009266
0.002381
0.014281
0.008591
0.024016
0.013049
0.002873
0.006400
0.010155
0.016408
0.005966
0.015013
0.018873
0.006023
0.004153
0.003675
0.052129
0.043151
0.021894
0.006977
0.001713
0.031360
0.005564
0.027353
0.001233
0.010625
0.011148
0.006129
0.000180
0.011389
0.007671
0.005788
0.001261
0.003426
0.010696
0.004323
0.010826
0.023296
0.024126
0.002277
0.007624
0.000178
0.046258
0.016125
0.010573
0.029047
0.004028
0.009543
0.016113
0.009743
0.016268
0.008544
0.006811
0.000831
0.011606
0.001317
0.024461
0.015006
0.007827
0.008703
0.021514
0.006657
0.001140
0.020562
0.000737
0.001053
0.043551
0.001160
0.020630
0.000645
0.000377
0.016156
0.001111
0.049840
0.001646
0.029731
0.013617
0.022472
0.000072
0.009322
0.001342
0.026553
0.005704
0.004001
0.005314
0.011848
0.010202
0.022541
0.058450
0.006959
0.012957
0.000378
0.005790
0.039128
0.006405
0.006258
0.002570
0.032150
0.025392
0.028844
0.001358
0.006303
0.001675
0.002608
0.000013
0.004667
0.024571
0.005486
0.006219
0.002100
0.006392
0.000126
0.007644
0.007485
0.020718
0.042362
0.004707
0.006024
0.014102
0.000203
0.011832
0.001636
0.003246
0.003904
0.010006
0.027726
0.006163
0.004723
0.006077
0.008129
0.006457
0.001564
0.000968
0.006155
0.013577
0.008061
0.027510
0.000751
0.005309
0.010034
0.002739
0.003004
0.008939
0.001922
0.003717
0.003776
0.003584
0.002021
0.013194
0.010507
0.009798
0.001933
0.043628
0.009370
0.007228
0.027335
0.005859
0.003691
0.002273
0.014908
0.014363
0.022096
0.022003
0.008779
0.010703
0.030186
0.004218
0.009248
0.010241
0.013130
0.025303
0.011509
0.004876
0.016689
0.015223
0.007548
0.001205
0.007977
0.000044
0.018652
0.012074
0.016846
0.025202
0.009693
0.007148
0.017706
0.012267
0.034010
0.047939
0.007768
0.044397
0.013579
0.003321
0.007182
0.009238
0.002806
0.008780
0.003077
0.018246
0.012856
0.006354
0.027711
0.022643
0.000000
0.007956
0.021785
0.015563
0.023519
0.002530
0.007137
0.009028
0.002343
0.006316
0.023035
0.008170
0.004534
0.008839
0.004527
0.003773
0.022039
0.012300
0.004472
0.002309
0.004554
0.004713
0.001833
0.059659
0.015990
0.006521
0.035892
0.000023
0.009194
0.001424
0.040105
0.019404
0.001224
0.007831
0.038350
0.009470
0.011638
0.024075
0.013970
0.005370
0.000496
0.001184
0.002669
0.005199
0.004664
0.020496
0.000418
0.035984
0.005708
0.015271
0.033696
0.003555
0.001217
0.004982
0.001846
0.025057
0.039113
0.037413
0.001221
0.000118
0.003092
0.003272
0.006584
0.006057
0.012059
0.003716
0.045157
0.009263
0.006040
0.011103
0.001083
0.002798
0.007613
0.033584
0.021377
0.009472
0.020772
0.001037
0.002570
0.006356
0.015881
0.016290
0.028316
0.021591
0.025273
0.016324
0.026392
0.028599
0.002317
0.033005
0.000628
0.034330
0.002393
0.012193
0.002321
0.006596
0.034214
0.031738
0.000979
0.005684
0.002945
0.044325
0.002305
0.027107
0.025970
0.004067
0.019710
0.003777
0.006907
0.002788
0.005951
0.008022
0.007084
0.005063
0.001385
0.012494
0.023513
0.006339
0.017761
0.044313
0.000004
0.003795
0.010493
0.000663
0.002751
0.015921
0.009794
0.018782
0.018686
0.013387
0.041030
0.024480
0.008449
0.003069
0.026973
0.002503
0.001626
0.011746
0.010192
0.024742
0.022595
0.002239
0.011549
0.001921
0.006969
0.002301
0.023444
0.009734
0.012276
0.026909
0.014001
0.001151
0.007801
0.062682
0.019047
0.017451
0.008068
0.001064
0.002938
0.009236
0.002541
0.019578
0.008880
0.033380
0.000096
0.013826
0.036413
0.013189
0.006384
0.009517
0.011397
0.019653
0.005794
0.001232
0.003182
0.008758
0.004339
0.007779
0.019198
0.009669
0.002315
0.002285
0.008183
0.005956
0.037582
0.004319
0.002758
0.010222
0.010545
0.006215
0.003137
0.020492
0.022725
0.018525
0.001289
0.012520
0.030706
0.019581
0.009147
0.061517
0.021519
0.018943
0.001452
0.012617
0.021865
0.003376
0.052648
0.018988
0.021422
0.015777
0.039336
0.016793
0.021518
0.004032
0.003821
0.001304
0.003169
0.007521
0.014944
0.001537
0.006742
0.007708
0.000118
0.030700
0.006404
0.002441
0.007619
0.001907
0.016903
0.002401
0.005908
0.014515
0.016442
0.002910
0.013536
0.001306
0.012872
0.041704
0.015839
0.004879
0.034038
0.019641
0.018738
0.006007
0.004450
0.005639
0.008238
0.012360
0.007094
0.027852
0.009637
0.002699
0.004973
0.003131
0.005884
0.003738
0.002358
0.015269
0.014412
0.014327
0.006264
0.009588
0.013717
0.002432
0.000835
0.019905
0.002752
0.000207
0.004828
0.018603
0.017941
0.011566
0.018043
0.002048
0.000403
0.022182
0.014923
0.015371
0.045241
0.007953
0.000847
0.002128
0.005380
0.014626
0.058033
0.016617
0.011870
0.005870
0.017787
0.002502
0.003719
0.030312
0.002076
0.015674
0.030130
0.000379
0.054265
0.013245
0.000480
0.005294
0.016486
0.004249
0.001823
0.003122
0.001378
0.012683
0.027076
0.010693
0.008201
0.015583
0.036248
0.015648
0.000484
0.030642
0.001902
0.012179
0.007815
0.002575
0.033840
0.032243
0.009851
0.010153
0.000330
0.002051
0.013982
0.014147
0.000669
0.034826
0.010719
0.000121
0.026086
0.002309
0.001719
0.003650
0.005638
0.028659
0.018370
0.013835
0.026055
0.002187
0.008537
0.029577
0.050875
0.016938
0.011647
0.039662
0.004344
0.001862
0.002606
0.026880
0.011690
0.014759
0.014647
0.029374
0.003043
0.002105
0.052517
0.007353
0.003204
0.015899
0.004162
0.003134
0.019024
0.014827
0.001772
0.009750
0.000775
0.008326
0.005912
0.026984
0.002293
0.009510
0.008117
0.035560
0.023516
0.014829
0.006587
0.002921
0.010371
0.008859
0.044670
0.003800
0.021801
0.011210
0.001684
0.006963
0.006983
0.016105
0.008507
0.007326
0.003073
0.004754
0.034433
0.018432
0.002779
0.003699
0.016964
0.002035
0.003076
0.039169
0.018678
0.000583
0.004340
0.005375
0.007639
0.011389
0.007989
0.007523
0.007772
0.015408
0.001093
0.001684
0.000032
0.026650
0.003850
0.013408
0.010309
0.007443
0.012679
0.007860
0.048558
0.032599
0.000050
0.019847
0.016717
0.003835
0.037009
0.004662
0.005078
0.002810
0.002841
0.006555
0.012058
0.000514
0.013932
0.013819
0.042409
0.010821
0.043224
0.020898
0.002121
0.012342
0.002075
0.009014
0.023039
0.006939
0.049464
0.000659
0.008182
0.004583
0.002708
0.006215
0.011380
0.000774
0.050049
0.005383
0.003825
0.007082
0.003650
0.007316
0.013299
0.035552
0.017677
0.000839
0.010772
0.026640
0.001172
0.011620
0.021872
0.008902
0.012121
0.001887
0.003652
0.003750
0.004017
0.004757
0.006933
0.015279
0.006412
0.000756
0.016866
0.030835
0.021844
0.015843
0.026348
0.020435
0.032151
0.004398
0.007864
0.001776
0.011202
0.005568
0.022134
0.017026
0.066343
0.004029
0.014952
0.015317
0.039972
0.024571
0.017552
0.017001
0.027489
0.021166
0.028119
0.000286
0.001107
0.004544
0.000857
0.013279
0.005006
0.004335
0.010716
0.012611
0.009173
0.000877
0.016243
0.017521
0.010150
0.001016
0.014037
0.005297
0.000004
0.027987
0.005531
0.001380
0.006575
0.009007
0.006384
0.018818
0.000893
0.006610
0.023216
0.005721
0.011717
0.005287
0.011277
0.007742
0.006844
0.005856
0.007467
0.005048
0.036435
0.014415
0.010557
0.006502
0.001125
0.025175
0.006904
0.017195
0.013655
0.003793
0.011111
0.002449
0.018227
0.000038
0.001488
0.012975
0.025031
0.005927
0.003082
0.008276
0.010900
0.001787
0.010329
0.002404
0.055819
0.005510
0.003468
0.003521
0.004322
0.001148
0.012695
0.032172
0.020262
0.008664
0.018887
0.002418
0.000530
0.013725
0.012258
0.017395
0.026888
0.009704
0.004224
0.024697
0.011061
0.018443
0.005247
0.001526
0.011586
0.011185
0.001455
0.005147
0.000461
0.002476
0.017458
0.028528
0.011916
0.001375
0.001360
0.002295
0.001025
0.000839
0.000866
0.016762
0.022022
0.004894
0.008406
0.000272
0.016045
0.001948
0.005564
0.024281
0.029642
0.016369
0.005441
0.017439
0.009420
0.006516
0.013984
0.006051
0.003478
0.000042
0.022467
0.009769
0.005287
0.004270
0.012507
0.000927
0.007391
0.044838
0.021188
0.000525
0.009642
0.028517
0.009942
0.002959
0.004957
0.000873
0.007664
0.001924
0.016410
0.001343
0.000415
0.004091
0.005998
0.018617
0.003059
0.005042
0.000484
0.003443
0.001356
0.001009
0.018489
0.011064
0.010681
0.002196
0.019874
0.018534
0.019772
0.022010
0.021369
0.007734
0.006320
0.003247
0.020172
0.017139
0.003923
0.028836
0.047942
0.018188
0.019748
0.024986
0.000524
0.007838
0.006924
0.005570
0.004996
0.001112
0.008145
0.002898
0.033703
0.016507
0.000065
0.007119
0.010214
0.007290
0.012309
0.019031
0.000678
0.004111
0.002892
0.015774
0.007303
0.002832
0.003334
0.010856
0.005881
0.000356
0.019552
0.008465
0.022523
0.010919
0.048885
0.046934
0.000049
0.004246
0.014746
0.010370
0.002019
0.021495
0.010926
0.001438
0.006538
0.007840
0.001736
0.010992
0.005242
0.019547
0.013524
0.023751
0.002078
0.003849
0.002971
0.026955
0.006418
0.007500
0.001218
0.008574
0.001925
0.006158
0.000632
0.019804
