0.0214848
0.0694742
0.0715887
0.0732764
0.0134706
0.0205035
0.0732418
0.0706637
0.073288
0.0150109
0.0212831
0.0734243
0.0716215
0.0721158
0.01404
0.021155
0.0705818
0.0734146
0.0710601
0.0136481
0.0222346
0.0700732
0.0695112
0.0712352
0.0130445
0.0219582
0.0734119
0.0695058
0.069607
0.0141657
0.0212235
0.0709127
0.0712041
0.0734269
0.0136292
0.021462
0.0731952
0.0694708
0.0734274
0.013009
0.0215313
0.0696217
0.0694634
0.0694615
0.0136262
0.0211189
0.0725671
0.0708203
0.0698577
0.0156692
0.0218763
0.0725513
0.0695317
0.069786
0.0128334
0.0204084
0.0734141
0.0723163
0.0708629
0.0126086
0.0212291
0.0697497
0.0698388
0.0705128
0.012915
0.0214717
0.0697366
0.0694648
0.0726413
0.0137031
0.0212999
0.0718472
0.0702955
0.0734261
0.0136267
0.0202489
0.0725521
0.0731203
0.0699422
0.0140535
0.0218035
0.0730328
0.0709602
0.0701609
0.0117086
0.0216085
0.0730146
0.0729454
0.0694428
0.0134123
0.0225923
0.0718456
0.0731402
0.0706727
0.0153695
0.0213561
0.0694574
0.0706229
0.0696792
0.0133201
0.0211628
0.0734258
0.0734141
0.0697178
0.01363
0.0210863
0.0694473
0.0710229
0.0715358
0.0137362
0.0211218
0.0696658
0.0694341
0.0697873
0.0142376
0.0214082
0.0714942
0.0734249
0.0716117
0.0138359
0.0220068
0.0714245
0.0716481
0.0733723
0.0138204
0.0213916
0.0698418
0.0734148
0.0727337
0.0138459
0.021268
0.0722538
0.0732309
0.0734247
0.0137078
0.021246
0.0729677
0.0694495
0.0734214
0.0141732
0.0209093
0.0733773
0.069472
0.0696969
0.0132872
0.0213648
0.0724152
0.0724816
0.0704105
0.0138958
0.0211079
0.0732169
0.0695101
0.0709065
0.013483
