0.0148069
0.11945
0.122489
0.134032
0.00212388
0.0132199
0.129865
0.127347
0.091666
0.0030404
0.0150619
0.14316
0.124956
0.135126
0.00274502
0.0143773
0.11773
0.140018
0.132904
0.00237759
0.0175678
0.0983244
0.129732
0.132609
0.00155212
0.0153482
0.141839
0.119466
0.134424
0.0025705
0.0137523
0.124977
0.126466
0.137305
0.00206816
0.0157545
0.118823
0.127761
0.1357
0.00190613
0.0148914
0.110675
0.12485
0.112905
0.00197534
0.0107038
0.0810733
0.0872039
0.0854168
0.00789051
0.0166913
0.135601
0.121885
0.120232
0.00164151
0.0108586
0.116143
0.144017
0.107134
0.00189604
0.0123082
0.105637
0.12244
0.129532
0.00191827
0.0153861
0.116218
0.121793
0.133851
0.00197997
0.0146109
0.13264
0.127059
0.133818
0.00213447
0.0132531
0.0942095
0.128683
0.126598
0.00539573
0.0123862
0.154068
0.0972239
0.088177
0.000644086
0.0152631
0.130801
0.127697
0.123119
0.00202479
0.0175057
0.0954351
0.126861
0.110302
0.00426941
0.0147278
0.11908
0.125322
0.124077
0.00214824
0.0148434
0.133333
0.141608
0.118956
0.00200547
0.0135543
0.120096
0.126126
0.130909
0.00205173
0.0140494
0.123159
0.117322
0.116837
0.00245709
0.0147191
0.131102
0.143913
0.132721
0.00240257
0.0156288
0.128531
0.121623
0.142534
0.00216137
0.0147086
0.131208
0.137734
0.13038
0.00255716
0.0142211
0.134228
0.13404
0.138572
0.00228247
0.0144746
0.127836
0.127961
0.143734
0.00269276
0.0141069
0.139004
0.122178
0.122769
0.00200302
0.0164612
0.169107
0.115382
0.120423
0.002825
0.0156005
0.131175
0.109041
0.128935
0.00244138
