0.129352
0.421047
0.418999
0.443814
0.0494541
0.122632
0.416855
0.414932
0.418552
0.0491662
0.129018
0.451487
0.424941
0.435523
0.0497913
0.126474
0.412737
0.45184
0.433842
0.0497133
0.135653
0.350536
0.435261
0.414121
0.0430006
0.129986
0.444579
0.406324
0.428818
0.0487137
0.12691
0.423594
0.426015
0.441475
0.0483338
0.131421
0.409336
0.445011
0.461901
0.0476109
0.128426
0.39696
0.411604
0.400499
0.0488642
0.109445
0.277704
0.506012
0.399052
0.0608333
0.1312
0.429977
0.424359
0.404152
0.0472517
0.12766
0.397477
0.438194
0.400174
0.0479616
0.123716
0.396309
0.410901
0.426853
0.0481987
0.131123
0.411017
0.418802
0.437683
0.0489309
0.12768
0.43308
0.42486
0.43352
0.0485841
0.128515
0.420713
0.415679
0.4574
0.0530619
0.130979
0.472127
0.375976
0.384204
0.0468684
0.129696
0.444793
0.438911
0.418655
0.0481745
0.135014
0.353686
0.417914
0.420199
0.0580318
0.127799
0.417154
0.422336
0.419018
0.0485511
0.127754
0.439039
0.44814
0.413852
0.0487231
0.126155
0.412953
0.42712
0.428054
0.0491395
0.128326
0.42256
0.414022
0.419481
0.0496494
0.12749
0.438621
0.441185
0.432656
0.0490211
0.131871
0.423678
0.419771
0.465932
0.0494729
0.12771
0.424503
0.442724
0.431488
0.0505297
0.127599
0.438401
0.433916
0.448181
0.0491924
0.128963
0.434404
0.426858
0.44867
0.0494718
0.1258
0.45285
0.422249
0.420384
0.0484718
0.123617
0.462086
0.404655
0.423014
0.052487
0.132179
0.435385
0.386575
0.427025
0.048443
