0.884027
0.699049
0.69725
0.701105
0.956996
0.886822
0.687831
0.730159
0.751323
0.947205
0.884661
0.683624
0.702439
0.703136
0.946445
0.889474
0.716823
0.695243
0.691745
0.952934
0.878995
0.724409
0.722222
0.746032
0.956621
0.885588
0.705239
0.712147
0.688723
0.94752
0.888654
0.702903
0.698867
0.695115
0.954753
0.879963
0.712934
0.711356
0.638231
0.960295
0.88678
0.712257
0.70852
0.708302
0.959161
0.949153
0.685714
0.722222
0.75
0.90678
0.884346
0.706692
0.702939
0.713571
0.964088
0.901527
0.706633
0.688776
0.716837
0.959542
0.903943
0.751196
0.694511
0.680191
0.959857
0.882693
0.707634
0.704164
0.698814
0.959923
0.886614
0.701983
0.706827
0.698248
0.956861
0.891129
0.791667
0.666667
0.652778
0.91129
0.886486
0.700935
0.722222
0.675926
0.978378
0.882213
0.696378
0.697331
0.726406
0.956296
0.898462
0.6875
0.71875
0.663158
0.938462
0.885598
0.700705
0.693122
0.699647
0.957314
0.882186
0.687754
0.695387
0.712905
0.958308
0.88972
0.704943
0.696306
0.699448
0.958462
0.887457
0.706483
0.701241
0.709873
0.950804
0.887194
0.705393
0.697719
0.694095
0.95417
0.881484
0.710076
0.718631
0.681559
0.952301
0.885828
0.698474
0.701975
0.708259
0.947894
0.888328
0.698244
0.698317
0.687052
0.954398
0.887633
0.7006
0.712336
0.695605
0.950981
0.883986
0.695386
0.706978
0.706978
0.957996
0.87976
0.634483
0.641379
0.729167
0.957916
0.883039
0.687904
0.737523
0.704524
0.944369
