0.114545
0.301597
0.296509
0.309783
0.0473302
0.109412
0.28699
0.287585
0.326886
0.0461258
0.113956
0.308328
0.299985
0.300398
0.0470463
0.112097
0.295007
0.311822
0.300938
0.0473357
0.118085
0.252212
0.305529
0.281512
0.0414485
0.114637
0.30274
0.286858
0.294394
0.0461432
0.113157
0.298617
0.299549
0.304169
0.0462656
0.115666
0.290513
0.31725
0.326201
0.0457047
0.113535
0.286285
0.286754
0.287594
0.0468889
0.0987413
0.19663
0.418808
0.313635
0.0529428
0.114509
0.294376
0.302474
0.28392
0.0456102
0.116802
0.281335
0.294176
0.293039
0.0460656
0.111408
0.290673
0.288461
0.297321
0.0462805
0.115736
0.294799
0.297009
0.303832
0.0469509
0.11307
0.30044
0.297801
0.299702
0.0464497
0.115262
0.326504
0.286996
0.330802
0.0476662
0.118593
0.318059
0.278752
0.296027
0.0462243
0.114433
0.313992
0.311214
0.295536
0.0461497
0.117509
0.258251
0.291053
0.309897
0.0537624
0.113071
0.298074
0.297013
0.294941
0.0464029
0.112911
0.305706
0.306532
0.294897
0.0467176
0.112601
0.292857
0.300993
0.297145
0.0470878
0.114276
0.299401
0.296699
0.302644
0.0471923
0.11277
0.307519
0.297271
0.299936
0.0466186
0.116242
0.295147
0.298148
0.323398
0.0473116
0.113001
0.293295
0.304989
0.301108
0.0479726
0.113377
0.304173
0.299875
0.309609
0.04691
0.114488
0.306568
0.298897
0.304935
0.0467791
0.111693
0.313846
0.300071
0.297615
0.0464687
0.107155
0.292979
0.289273
0.30259
0.049662
0.116578
0.30421
0.277533
0.29809
0.0460016
