0.00245936
0.0197154
0.0209319
0.0221295
0.000563436
0.00221031
0.0228174
0.0216875
0.0160736
0.000821449
0.00248466
0.0232817
0.0210606
0.0223747
0.000732236
0.00240486
0.020133
0.0227501
0.0217687
0.000636461
0.00287951
0.0196553
0.0207182
0.0228107
0.000470845
0.00259274
0.0234215
0.0204502
0.0218201
0.000686586
0.00229985
0.0209227
0.0211375
0.0228369
0.000557655
0.00257284
0.0212473
0.0199449
0.0215719
0.000520824
0.00249662
0.019411
0.0210735
0.0195932
0.000522528
0.00206544
0.0211854
0.0123872
0.014953
0.00203241
0.0027831
0.0228808
0.0199797
0.0207607
0.000445827
0.00173591
0.0214702
0.0237676
0.0189714
0.000498449
0.00211204
0.0184015
0.0208105
0.0213977
0.000514007
0.00251952
0.0197155
0.0201854
0.022215
0.000528524
0.00243744
0.0220047
0.0210226
0.0226651
0.000571682
0.00208817
0.0162464
0.0227315
0.0193584
0.00142906
0.00206187
0.0238326
0.0183722
0.0161023
0.000160905
0.00254297
0.0214715
0.0212228
0.0203964
0.000550159
0.00292928
0.0193861
0.021366
0.0187111
0.00113073
0.00246112
0.0198307
0.0209564
0.0206329
0.000573643
0.00245885
0.0222989
0.0231982
0.0200393
0.000535668
0.00226555
0.0202009
0.0209727
0.0218773
0.000551124
0.00231247
0.0203048
0.0196958
0.0194376
0.000654258
0.00247166
0.0213693
0.0239511
0.0219674
0.00064509
0.00260815
0.021668
0.020759
0.0224455
0.000576796
0.00246371
0.0215899
0.0228398
0.0219775
0.000683222
0.00237037
0.0221231
0.0226219
0.022702
0.000609111
0.00238463
0.0214729
0.0208194
0.0235211
0.00071725
0.00234473
0.0225245
0.0200854
0.0203542
0.000536814
0.002845
0.0265015
0.0206672
0.019526
0.00074791
0.00249127
0.0220591
0.0196067
0.0214094
0.0006563
