0.000000
0.000000
0.000000
0.000000
0.000000
0.051031
0.000000
0.039163
0.000000
0.000000
0.000000
0.000000
0.000000
0.000000
0.000000
0.000000
0.000000
0.000000
0.000000
0.032362
0.000000
0.000000
0.000000
0.000000
0.000000
0.000000
0.000000
0.156577
0.000000
0.000000
0.204372
0.005907
0.000000
0.123120
0.000000
0.000000
0.049957
0.088137
0.016726
0.014390
0.000000
0.025467
0.126097
0.130341
0.016434
0.000000
0.000000
0.000000
0.000000
0.000000
0.000000
0.000000
0.000000
0.000000
0.000000
0.000000
0.120802
0.000572
0.000000
0.006855
0.000000
0.024254
0.492464
0.038883
0.000000
0.000000
0.000000
0.000000
0.015932
0.000000
0.024695
0.042235
0.122694
0.000000
0.000000
0.000000
0.000000
0.000000
0.000000
0.000000
0.000000
0.000000
0.000000
0.000000
0.000000
0.000000
0.059009
0.125552
0.016280
0.025380
0.109144
0.000000
0.030910
0.000000
0.000000
0.000000
0.000000
0.000000
0.000000
0.000000
0.097914
0.000000
0.000000
0.000000
0.028120
0.000000
0.000000
0.000000
0.000000
0.000000
0.000000
0.000000
0.000000
0.000000
0.068216
0.000000
0.000000
0.000000
0.000000
0.000000
0.025562
0.039953
0.060082
0.013956
0.009174
0.084062
0.000000
0.127359
0.008752
0.000000
0.000000
0.023029
0.007594
0.000000
0.000000
0.037843
0.000000
0.007365
0.000000
0.031318
0.000000
0.000000
0.000000
0.000000
0.000000
0.017801
0.108431
0.048128
0.066881
0.099169
0.038460
0.030639
0.125883
0.024939
0.004289
0.000000
0.000618
0.000000
0.000000
0.000000
0.000000
0.000000
0.000000
0.163931
0.034144
0.000000
0.000000
0.045681
0.001783
0.000000
0.000000
0.000000
0.001557
0.000000
0.051845
0.233858
0.007259
0.112492
0.008200
0.096984
0.074859
0.150986
0.000000
0.072424
0.000000
0.000000
0.028585
0.004430
0.000000
0.000000
0.021190
0.000000
0.000000
0.000000
0.003197
0.000000
0.000000
0.000000
0.000000
0.000000
0.000000
0.000000
0.026573
0.000000
0.011495
0.022215
0.000000
0.000000
0.000000
0.000000
0.026328
0.000000
0.000000
0.000000
0.000000
0.000000
0.091403
0.000000
0.000000
0.000000
0.006380
0.000000
0.060476
0.002051
0.000000
0.010877
0.000000
0.015306
0.000000
0.000000
0.000000
0.000000
0.000000
0.152124
0.062248
0.060486
0.000000
0.000000
0.000000
0.004589
0.060130
0.026233
0.000000
0.000000
0.000000
0.000000
0.000000
0.000000
0.000000
0.000000
0.000000
0.000000
0.029630
0.002192
0.000000
0.000000
0.000000
0.076311
0.000000
0.133564
0.000000
0.000000
0.000000
0.000000
0.000000
0.000000
0.000000
0.000000
0.000000
0.000000
0.129024
0.012031
0.000000
0.099748
0.034742
0.013021
0.000000
0.007790
0.000000
0.000000
0.000000
0.077264
0.000000
0.000000
0.000000
0.000000
0.009206
0.000000
0.000000
0.000000
0.031587
0.000000
0.000000
0.000000
0.035271
0.000000
0.000000
0.000000
0.000000
0.000000
0.000000
0.000000
0.000000
0.000000
0.033741
0.000000
0.000000
0.000000
0.073185
0.085453
0.278169
0.046611
0.055805
0.000000
0.026787
0.017011
0.000000
0.000000
0.000000
0.000000
0.000000
0.000000
0.000000
0.070927
0.000000
0.000000
0.113412
0.006494
0.000000
0.104888
0.018078
0.000000
0.085590
0.044774
0.009582
0.064019
0.071955
0.004089
0.000000
0.000000
0.000000
0.000000
0.000000
0.000000
0.000000
0.000000
0.033255
0.000000
0.000000
0.000000
0.000000
0.017619
0.000000
0.000000
0.038435
0.000000
0.000000
0.000000
0.000000
0.000000
0.000000
0.000000
0.000000
0.000000
0.000000
0.000000
0.012031
0.000000
0.111026
0.048968
0.064306
0.063989
0.000000
0.026717
0.000000
0.000000
0.082281
0.002675
0.002490
0.000000
0.000000
0.044363
0.000000
0.000000
0.021500
0.000000
0.151352
0.000000
0.000000
0.000000
0.000000
0.000000
0.045228
0.014164
0.000000
0.000000
0.000000
0.017574
0.103826
0.000000
0.000000
0.000000
0.000000
0.000000
0.031713
0.091653
0.083943
0.000000
0.000000
0.000000
0.000000
0.104418
0.022180
0.000000
0.000000
0.000000
0.000000
0.000000
0.215887
0.022358
0.016654
0.030326
0.009857
0.000000
0.000000
0.000000
0.029481
0.000000
0.000000
0.000000
0.000000
0.000000
0.016737
0.048890
0.000000
0.000000
0.000000
0.000000
0.000000
0.045182
0.057773
0.070598
0.000000
0.000000
0.000000
0.000000
0.000000
0.000000
0.000000
0.000000
0.000000
0.000000
0.000000
0.000000
0.000000
0.000000
0.243591
0.000411
0.006279
0.050321
0.000000
0.000000
0.000000
0.000000
0.000000
0.000000
0.000000
0.000000
0.000000
0.074985
0.160362
0.000000
0.000000
0.000000
0.040701
0.000000
0.000000
0.000000
0.066057
0.009074
0.000000
0.000000
0.000000
0.000000
0.000000
0.017273
0.000000
0.038029
0.000000
0.000000
0.000000
0.037581
0.000000
0.000000
0.005840
0.000000
0.000000
0.000000
0.000000
0.000000
0.000000
0.000000
0.000000
0.000000
0.000000
0.000000
0.000000
0.000000
0.000000
0.000000
0.000000
0.000000
0.000000
0.000000
0.000000
0.000000
0.000000
0.000000
0.000000
0.000000
0.000000
0.041067
0.000000
0.000000
0.092745
0.000000
0.000000
0.010680
0.000000
0.013245
0.029967
0.047137
0.046471
0.007386
0.000000
0.000000
0.000000
0.000000
0.000000
0.000000
0.000000
0.000000
0.000000
0.022109
0.068312
0.000000
0.000000
0.000000
0.000000
0.034320
0.000000
0.000000
0.000000
0.000000
0.065109
0.026707
0.000000
0.097620
0.074495
0.000000
0.043235
0.000000
0.000000
0.000000
0.016197
0.000000
0.000000
0.000000
0.000000
0.029748
0.000000
0.010318
0.000000
0.000000
0.000000
0.000000
0.000000
0.000000
0.000000
0.000000
0.000000
0.000000
0.000000
0.000000
0.000000
0.000000
0.000000
0.000000
0.002229
0.002315
0.000000
0.000000
0.000000
0.000000
0.003141
0.086709
0.024936
0.145101
0.000000
0.000000
0.000000
0.000000
0.000000
0.000000
0.000000
0.132999
0.048053
0.020371
0.029906
0.000000
0.000000
0.000000
0.000000
0.000000
0.005138
0.000000
0.000000
0.000000
0.000000
0.000000
0.000000
0.000000
0.000000
0.000000
0.000000
0.000000
0.045794
0.106728
0.000000
0.026776
0.000000
0.000000
0.000000
0.000000
0.000000
0.000000
0.000000
0.000000
0.000000
0.006470
0.000000
0.000000
0.000000
0.000000
0.045876
0.000000
0.000000
0.000000
0.000000
0.000000
0.000000
0.000000
0.000000
0.000000
0.000000
0.000000
0.000000
0.000000
0.000000
0.070413
0.020554
0.012649
0.000000
0.000000
0.013213
0.000000
0.015947
0.000000
0.000000
0.000000
0.000000
0.000000
0.000000
0.093662
0.000000
0.000000
0.000000
0.000000
0.000000
0.000000
0.000000
0.000000
0.000000
0.034733
0.000000
0.027379
0.050701
0.000000
0.000000
0.000000
0.013484
0.009566
0.124692
0.138380
0.022822
0.000000
0.016872
0.000000
0.031900
0.014780
0.000000
0.029056
0.000000
0.000000
0.000000
0.186774
0.007318
0.000000
0.000000
0.000000
0.020291
0.032682
0.000000
0.143645
0.000000
0.000000
0.000000
0.000000
0.000000
0.000000
0.000000
0.000000
0.000000
0.000000
0.000000
0.000000
0.162285
0.080920
0.008788
0.000000
0.002858
0.000000
0.000000
0.034602
0.034417
0.000000
0.000000
0.000000
0.000000
0.000000
0.025988
0.000000
0.050635
0.000000
0.049612
0.066463
0.000000
0.000000
0.000000
0.000000
0.000000
0.000000
0.000000
0.000000
0.001551
0.000000
0.000000
0.000000
0.000000
0.000000
0.023353
0.009444
0.000000
0.000000
0.000000
0.288561
0.076360
0.064584
0.018223
0.018252
0.000000
0.072309
0.083470
0.000000
0.049631
0.104033
0.044138
0.000000
0.000000
0.000000
0.000000
0.000000
0.031343
0.000000
0.011980
0.009394
0.000000
0.000000
0.000000
0.000000
0.009152
0.000000
0.000000
0.000000
0.000000
0.000000
0.053964
0.000000
0.000000
0.000000
0.000000
0.000000
0.000000
0.053315
0.000000
0.000000
0.010861
0.000000
0.000000
0.037244
0.000000
0.000000
0.000000
0.000000
0.000000
0.000000
0.000000
0.029915
0.027900
0.036032
0.013234
0.000000
0.000000
0.000000
0.000000
0.000000
0.000000
0.019454
0.000000
0.000000
0.000000
0.000000
0.091412
0.012925
0.000000
0.087930
0.052437
0.029736
0.092608
0.001219
0.000000
0.000000
0.000000
0.000000
0.000000
0.000000
0.000000
0.006263
0.000000
0.000000
0.000000
0.012714
0.010515
0.000000
0.000000
0.128536
0.042579
0.006843
0.000000
0.000000
0.000000
0.000000
0.000000
0.000000
0.000000
0.006912
0.000000
0.000000
0.000000
0.021297
0.000000
0.006332
0.021765
0.000000
0.005578
0.000000
0.000000
0.000000
0.000000
0.000000
0.189681
0.029445
0.000000
0.013226
0.000000
0.000000
0.165475
0.043201
0.000000
0.000000
0.000000
0.000000
0.000000
0.057339
0.000000
0.000000
0.000000
0.000000
0.015179
0.000000
0.000000
0.000000
0.039373
0.000000
0.126630
0.076853
0.027670
0.033192
0.000000
0.000000
0.006265
0.000000
0.000000
0.000000
0.000000
0.000000
0.000000
0.000000
0.036580
0.000000
0.000000
0.000000
0.000000
0.047314
0.000000
0.000000
0.000000
0.000000
0.000000
0.000000
0.000000
0.086728
0.000000
0.068616
0.067665
0.000000
0.000000
0.000000
0.074112
0.021167
0.000000
0.000000
0.000000
0.000000
0.000000
0.000000
0.000000
0.000000
0.000000
0.000000
0.000000
0.000000
0.000000
0.000000
0.000000
0.000000
0.000000
0.000000
0.000000
0.000000
0.000000
0.000000
0.000000
0.017033
0.000000
0.000000
0.000000
0.000000
0.000000
0.001353
0.000000
0.130285
0.000000
0.000000
0.000000
0.000000
0.000000
0.000000
0.000000
0.000000
0.057876
0.000000
0.000000
0.000000
0.000000
0.023716
0.075547
0.000000
0.000000
0.000000
0.000000
0.000000
0.049449
0.007819
0.000000
0.000000
0.001089
0.000000
0.000000
0.049003
0.000000
0.106024
0.001344
0.000000
0.000000
0.000000
0.000000
0.000000
0.051242
0.003988
0.000000
0.029721
0.000000
0.000000
0.000000
0.005993
0.000000
0.000000
0.002830
0.009323
0.000000
0.000000
0.000000
0.000000
0.000000
0.000000
0.000000
0.000000
0.000000
0.000000
0.000000
0.000000
0.000000
0.000000
0.000000
0.000000
0.000000
0.004469
0.000000
0.000000
0.000000
0.000000
0.000000
0.014923
0.066499
0.000000
0.000000
0.065837
0.003575
0.087444
0.000000
0.000000
0.000000
0.000000
0.000000
0.114255
0.040488
0.000000
0.032799
0.000000
0.000000
0.000000
0.000000
0.035666
0.000000
0.000000
0.000000
0.000000
0.000000
0.000000
0.000000
0.020803
0.000000
0.000000
0.000000
0.047965
0.007317
0.000000
0.000000
0.000000
0.000000
0.005393
0.036633
0.010906
