0.000000
0.000000
0.000000
0.041636
0.005764
0.000000
0.000000
0.000000
0.000000
0.000000
0.000000
0.006167
0.011653
0.011345
0.000000
0.000000
0.000000
0.000000
0.000000
0.000000
0.000000
0.177797
0.000000
0.000000
0.003658
0.000000
0.000000
0.049184
0.000000
0.162433
0.023374
0.000000
0.009859
0.000000
0.000000
0.000000
0.000000
0.000000
0.000000
0.000000
0.000000
0.000000
0.000000
0.000000
0.000000
0.000000
0.000000
0.000000
0.000000
0.000000
0.000000
0.000000
0.000000
0.000000
0.000000
0.020158
0.000000
0.000000
0.000000
0.171074
0.012472
0.000000
0.000000
0.000000
0.008648
0.000000
0.009666
0.000000
0.000000
0.000000
0.008424
0.008281
0.036731
0.000000
0.000000
0.005464
0.000000
0.000000
0.016580
0.020318
0.000000
0.000000
0.033211
0.000000
0.000000
0.000000
0.213517
0.000000
0.119944
0.000000
0.034396
0.000000
0.018500
0.000000
0.000000
0.000000
0.000000
0.004901
0.093117
0.000000
0.000000
0.038797
0.021713
0.014782
0.022738
0.000000
0.000000
0.000000
0.000000
0.000000
0.000000
0.000000
0.000000
0.000000
0.000000
0.000000
0.000000
0.153907
0.016730
0.000000
0.000000
0.000000
0.000000
0.000000
0.000000
0.000000
0.000000
0.000000
0.104459
0.002423
0.000000
0.000000
0.000000
0.000000
0.000000
0.000000
0.000000
0.041159
0.023692
0.000000
0.000000
0.029285
0.000000
0.000000
0.084411
0.017256
0.000000
0.000000
0.000000
0.000000
0.018181
0.000000
0.000000
0.001055
0.000000
0.132342
0.000000
0.001650
0.000000
0.000000
0.000000
0.000000
0.000000
0.000000
0.000000
0.000000
0.017152
0.000000
0.000000
0.021640
0.000000
0.000000
0.000000
0.000000
0.000000
0.000000
0.026634
0.000000
0.056654
0.000000
0.069887
0.066460
0.050567
0.011144
0.031961
0.001821
0.166061
0.030945
0.004924
0.000000
0.000000
0.000000
0.028622
0.058107
0.000000
0.000000
0.000000
0.000000
0.011726
0.022433
0.000000
0.000000
0.000000
0.000000
0.000000
0.000000
0.062156
0.009238
0.000000
0.000000
0.000000
0.000000
0.000000
0.000000
0.000000
0.000000
0.000000
0.000000
0.000000
0.000000
0.007670
0.000000
0.082159
0.011781
0.000000
0.005795
0.053728
0.169593
0.000000
0.037713
0.000000
0.000000
0.000000
0.000000
0.000000
0.000000
0.108128
0.000000
0.000000
0.000000
0.000000
0.216057
0.019547
0.000000
0.000000
0.000000
0.000000
0.011274
0.000000
0.000000
0.125542
0.012721
0.004092
0.000000
0.000000
0.116142
0.000000
0.000000
0.027153
0.000000
0.000000
0.000000
0.000000
0.000000
0.000000
0.000000
0.000000
0.093274
0.000000
0.000000
0.000000
0.000000
0.243069
0.068337
0.038829
0.038242
0.021334
0.000000
0.000000
0.000000
0.002404
0.000000
0.038195
0.073463
0.000000
0.143451
0.021607
0.047869
0.038678
0.058065
0.000000
0.000000
0.000000
0.000000
0.011464
0.000000
0.030905
0.000000
0.000000
0.000000
0.000000
0.000000
0.032501
0.006859
0.031507
0.000000
0.060178
0.000000
0.000000
0.000000
0.000000
0.071310
0.017331
0.125982
0.000000
0.000000
0.000000
0.000000
0.142048
0.037228
0.056299
0.000000
0.000000
0.024142
0.000000
0.016912
0.000000
0.000000
0.000000
0.000000
0.011145
0.000000
0.031828
0.000000
0.017270
0.000000
0.000000
0.000000
0.000000
0.000000
0.000000
0.000000
0.085253
0.040405
0.000000
0.075952
0.000000
0.000000
0.000000
0.000000
0.000000
0.027820
0.000000
0.000000
0.000000
0.062797
0.000416
0.000000
0.000000
0.005399
0.000000
0.000000
0.000000
0.000000
0.000000
0.131536
0.000000
0.000000
0.000000
0.000230
0.000000
0.000000
0.046855
0.000000
0.000000
0.000000
0.000000
0.000000
0.000000
0.000000
0.000000
0.000000
0.027535
0.000000
0.000000
0.012456
0.000000
0.000000
0.000000
0.000000
0.000000
0.000000
0.000000
0.000000
0.000000
0.000000
0.000000
0.000000
0.000000
0.000000
0.000000
0.000000
0.000000
0.000000
0.046694
0.064276
0.000000
0.070828
0.051278
0.001593
0.000000
0.000000
0.000000
0.014786
0.000000
0.037182
0.117597
0.000000
0.000000
0.000000
0.036919
0.232253
0.013939
0.039513
0.004603
0.000000
0.000000
0.000000
0.051151
0.000000
0.000000
0.000000
0.000000
0.000000
0.000000
0.034701
0.005723
0.007832
0.113419
0.003860
0.023668
0.045059
0.009291
0.000000
0.000000
0.000000
0.000000
0.000000
0.000000
0.027286
0.000000
0.000000
0.029663
0.000000
0.000000
0.000000
0.000000
0.000000
0.000000
0.000000
0.000000
0.110170
0.062127
0.015187
0.000000
0.000000
0.028333
0.000000
0.002680
0.000000
0.000000
0.094344
0.209096
0.015892
0.000000
0.009680
0.006184
0.000000
0.000000
0.000000
0.001473
0.000000
0.000000
0.038491
0.000000
0.000000
0.000000
0.000000
0.041696
0.070386
0.000000
0.094004
0.006215
0.000000
0.000000
0.060126
0.000000
0.040957
0.042460
0.000000
0.000000
0.000000
0.000000
0.000000
0.000000
0.012160
0.000000
0.003462
0.000000
0.000000
0.087638
0.000000
0.000000
0.000000
0.000000
0.000000
0.000000
0.034877
0.000000
0.000000
0.000000
0.000000
0.000000
0.000000
0.014659
0.001479
0.109404
0.003357
0.000000
0.000000
0.000000
0.000000
0.000000
0.000000
0.000000
0.000000
0.110381
0.000000
0.000000
0.000000
0.000000
0.000000
0.000000
0.000000
0.000000
0.000000
0.000000
0.000000
0.000000
0.000000
0.004887
0.000000
0.000000
0.000000
0.000000
0.013824
0.000000
0.000000
0.000000
0.000000
0.036648
0.000000
0.000000
0.000000
0.000000
0.000000
0.044752
0.000000
0.000000
0.000000
0.000000
0.000000
0.027500
0.000000
0.055435
0.000000
0.078892
0.000000
0.000686
0.000000
0.000000
0.000000
0.000000
0.000000
0.000000
0.000000
0.027668
0.000000
0.000000
0.000000
0.000000
0.051843
0.000000
0.154857
0.004353
0.118658
0.058650
0.000000
0.056553
0.012761
0.000000
0.000000
0.000000
0.000000
0.050055
0.089879
0.018780
0.000000
0.000000
0.000000
0.000000
0.000000
0.000000
0.000000
0.064482
0.000000
0.000000
0.000000
0.000000
0.000000
0.000000
0.000000
0.000000
0.000000
0.000000
0.000000
0.000000
0.000000
0.000000
0.000000
0.000000
0.000000
0.000000
0.000000
0.000000
0.015816
0.000000
0.115112
0.000000
0.000000
0.000000
0.000000
0.016729
0.000000
0.000000
0.000000
0.000000
0.000000
0.000000
0.000000
0.070476
0.000000
0.000000
0.000000
0.032633
0.000000
0.000000
0.000000
0.000000
0.000000
0.000000
0.000000
0.000000
0.000000
0.000000
0.111251
0.000000
0.000000
0.000000
0.000000
0.000000
0.000000
0.000000
0.056770
0.039486
0.000000
0.000000
0.000000
0.000000
0.000000
0.000000
0.000000
0.004210
0.000000
0.002450
0.000000
0.019303
0.000000
0.111295
0.058634
0.000000
0.000000
0.000000
0.000000
0.000000
0.000000
0.000000
0.000000
0.000000
0.000000
0.000000
0.000000
0.029409
0.056162
0.002391
0.011608
0.086548
0.000000
0.000000
0.000000
0.000000
0.000000
0.000000
0.000000
0.003529
0.000000
0.049689
0.000000
0.084686
0.055455
0.056256
0.000000
0.000000
0.000000
0.000000
0.000000
0.000000
0.000000
0.000000
0.000000
0.000000
0.000000
0.000000
0.000000
0.000000
0.000000
0.000000
0.000000
0.000000
0.000000
0.000000
0.000000
0.000000
0.000000
0.000000
0.000000
0.000000
0.000000
0.000000
0.023750
0.000000
0.000000
0.000000
0.000000
0.000595
0.000000
0.000000
0.000000
0.000000
0.024246
0.000000
0.000000
0.001554
0.000000
0.000000
0.000000
0.000000
0.000000
0.000000
0.000000
0.000000
0.000000
0.000000
0.023405
0.137848
0.014707
0.005286
0.018446
0.147986
0.121715
0.000000
0.000000
0.000000
0.000000
0.000000
0.000000
0.099003
0.058212
0.000000
0.000000
0.000000
0.000000
0.000000
0.000000
0.000000
0.000000
0.000000
0.000000
0.000000
0.000000
0.000000
0.070255
0.038774
0.000000
0.000000
0.108567
0.188457
0.109367
0.038217
0.012172
0.033398
0.192721
0.033434
0.006187
0.018537
0.083341
0.004108
0.009489
0.000000
0.000000
0.000000
0.000000
0.000000
0.000000
0.000000
0.000000
0.007699
0.201694
0.047002
0.000000
0.026349
0.006195
0.000000
0.000000
0.000000
0.000000
0.000000
0.000000
0.005447
0.000000
0.000000
0.142448
0.200075
0.026502
0.000000
0.000000
0.000000
0.025424
0.000000
0.000000
0.000000
0.000000
0.000000
0.000000
0.000000
0.000000
0.000000
0.000000
0.000000
0.000000
0.000000
0.000000
0.000000
0.026334
0.000000
0.006608
0.000000
0.000000
0.000000
0.000000
0.000000
0.000000
0.000000
0.000000
0.029196
0.000000
0.000000
0.000000
0.000000
0.000000
0.000000
0.000000
0.000000
0.000000
0.001049
0.000000
0.000000
0.000000
0.000000
0.000000
0.001797
0.000000
0.000000
0.000000
0.000000
0.107506
0.000000
0.000000
0.000000
0.000000
0.000000
0.000000
0.004927
0.000000
0.000000
0.086344
0.070269
0.006900
0.000000
0.000000
0.036935
0.000000
0.151973
0.000000
0.000000
0.117399
0.120396
0.000000
0.000000
0.000000
0.000000
0.000000
0.000000
0.012881
0.000000
0.000000
0.028072
0.000000
0.000000
0.051193
0.000000
0.000000
0.000000
0.000000
0.000000
0.000000
0.000000
0.000000
0.000000
0.000000
0.000000
0.000000
0.169309
0.019813
0.015568
0.000000
0.000000
0.024967
0.000000
0.000000
0.000000
0.000000
0.000000
0.000000
0.000000
0.000000
0.014726
0.129337
0.014543
0.000000
0.000000
0.000000
0.000000
0.000000
0.000000
0.027839
0.000000
0.000000
0.055115
0.000000
0.000000
0.000000
0.014873
0.007557
0.000000
0.000000
0.000000
0.063062
0.000000
0.000000
0.000000
0.000000
0.002434
0.000000
0.000000
0.000000
0.000000
0.000000
0.039649
0.000000
0.000000
0.000000
0.011358
0.014448
0.056484
0.000000
0.064260
0.006261
0.010877
0.000000
0.000000
0.036289
0.077001
0.003588
0.021145
0.000000
0.000000
0.000000
0.000000
0.000000
0.000000
0.000000
0.000000
0.000000
0.000000
0.041626
0.032904
0.000000
0.035230
0.000000
0.002467
0.000000
0.000000
0.000000
0.025167
0.000000
0.000000
0.000000
0.000000
0.000000
0.000000
0.000000
0.000000
0.000000
0.000000
0.000000
0.000000
0.008832
0.000000
0.000000
0.055658
0.018842
0.000000
0.000000
0.000000
0.032696
0.012795
0.000000
0.000000
0.000000
0.000000
0.046659
0.000000
0.000000
0.000000
0.000000
0.000000
0.000000
0.035223
0.138426
0.003783
0.000000
0.000000
0.006381
0.000000
0.000000
0.021217
0.008020
0.075034
0.019901
0.000000
0.118380
0.051859
0.063054
0.000000
0.033650
0.000000
0.000000
0.000000
0.000000
0.000000
0.000000
0.000000
