0.052422
0.047975
0.054714
0.064554
0.022564
0.053049
0.034047
0.002191
0.022752
0.082398
0.040498
0.003238
0.023912
0.063012
0.036661
0.058917
0.138588
0.055350
0.223046
0.176683
0.267147
0.087893
0.091196
0.036695
0.039619
0.004401
0.088780
0.050350
0.072102
0.066860
0.182247
0.116591
0.052171
0.093372
0.029537
0.119517
0.032281
0.114149
0.016264
0.010399
0.029948
0.073552
0.043855
0.042344
0.009400
0.109064
0.034997
0.059629
0.008638
0.057427
0.055347
0.047628
0.101617
0.095151
0.048357
0.046319
0.004050
0.072316
0.109054
0.029116
0.054628
0.030645
0.005824
0.036921
0.007727
0.008712
0.055545
0.044015
0.032254
0.043878
0.012865
0.005452
0.043150
0.038705
0.016910
0.003777
0.063597
0.019945
0.034281
0.000851
0.050421
0.053852
0.013692
0.034927
0.098393
0.050703
0.004241
0.069844
0.045893
0.132748
0.014118
0.073776
0.008610
0.043202
0.010557
0.136797
0.103632
0.214888
0.283686
0.144481
0.055503
0.031400
0.072175
0.024413
0.029237
0.009903
0.004901
0.143283
0.125561
0.027308
0.008869
0.010392
0.054417
0.017149
0.074142
0.001263
0.010700
0.133927
0.108973
0.128625
0.073693
0.138836
0.136673
0.177167
0.123314
0.254874
0.040787
0.092028
0.069824
0.012400
0.007033
0.083174
0.039870
0.091996
0.149887
0.096167
0.030220
0.029356
0.031958
0.034820
0.071227
0.002129
0.026869
0.006342
0.180974
0.072867
0.092906
0.008712
0.022561
0.067302
0.009316
0.022503
0.003288
0.046462
0.088805
0.038598
0.069515
0.054678
0.013127
0.025592
0.019687
0.021339
0.008427
0.081502
0.055975
0.067411
0.030981
0.107574
0.169253
0.127672
0.204700
0.093282
0.021581
0.029951
0.024922
0.012511
0.079384
0.075981
0.037417
0.032865
0.002027
0.003432
0.002065
0.051876
0.035656
0.006895
0.115490
0.009305
0.121733
0.145918
0.031230
0.015964
0.030741
0.017522
0.051138
0.010034
0.019824
0.019841
0.000979
0.009218
0.090334
0.034604
0.032179
0.021722
0.092534
0.053263
0.085718
0.089348
0.098623
0.037110
0.025182
0.053729
0.024744
0.013513
0.189265
0.074715
0.007944
0.003751
0.021322
0.133701
0.028809
0.024772
0.010494
0.048325
0.000688
0.035232
0.121127
0.124089
0.077910
0.038024
0.024273
0.022101
0.027072
0.017351
0.282256
0.073302
0.003681
0.022871
0.041481
0.004111
0.025502
0.010726
0.037192
0.171422
0.025980
0.023864
0.242882
0.095077
0.020731
0.012898
0.006350
0.055313
0.027140
0.049451
0.017266
0.005243
0.173951
0.105242
0.005824
0.032743
0.070239
0.011349
0.027859
0.066498
0.062751
0.078323
0.049861
0.054777
0.018839
0.111677
0.037932
0.008394
0.007657
0.030905
0.033491
0.075682
0.016815
0.059300
0.045438
0.020087
0.047376
0.059563
0.054360
0.075792
0.025194
0.077312
0.047697
0.103318
0.082052
0.026559
0.046675
0.093777
0.048237
0.004878
0.218999
0.074372
0.051417
0.003087
0.043104
0.131113
0.002167
0.092291
0.073504
0.002124
0.019192
0.038632
0.014772
0.019151
0.054854
0.007142
0.081293
0.048585
0.034663
0.026070
0.138473
0.124386
0.001417
0.034288
0.056656
0.045962
0.035191
0.002163
0.035527
0.033450
0.018386
0.030453
0.171578
0.060319
0.034194
0.017701
0.048093
0.012595
0.036317
0.004923
0.123656
0.052524
0.037920
0.005808
0.062827
0.044649
0.036151
0.047005
0.006550
0.014519
0.026134
0.009572
0.024037
0.064017
0.113773
0.108136
0.034140
0.029274
0.039582
0.017331
0.090222
0.023604
0.067135
0.002382
0.049640
0.022158
0.032965
0.056168
0.060830
0.008083
0.041240
0.001354
0.005557
0.024765
0.025297
0.012843
0.049374
0.049210
0.087901
0.060828
0.002940
0.014880
0.028885
0.019013
0.148384
0.093099
0.037816
0.043606
0.062966
0.003066
0.121213
0.135502
0.127492
0.106005
0.307628
0.313644
0.310283
0.219572
0.212566
0.146379
0.152029
0.107910
0.078940
0.036687
0.185078
0.072161
0.015023
0.000055
0.055574
0.000786
0.002839
0.010591
0.052273
0.009487
0.011204
0.052347
0.004563
0.057357
0.018531
0.062949
0.035578
0.047114
0.019208
0.207761
0.109927
0.016868
0.000014
0.027630
0.008047
0.029679
0.001555
0.055322
0.172677
0.031038
0.091204
0.152011
0.054354
0.026147
0.020103
0.011401
0.126227
0.048164
0.087794
0.081451
0.038184
0.001703
0.080059
0.033535
0.068686
0.004342
0.075132
0.123990
0.050073
0.077160
0.140200
0.024460
0.001999
0.069959
0.007769
0.013388
0.086217
0.150143
0.014529
0.016936
0.165072
0.010728
0.033673
0.011313
0.081574
0.000189
0.076494
0.054920
0.148441
0.133517
0.047996
0.031767
0.015584
0.023462
0.090721
0.052736
0.023631
0.025080
0.188372
0.018655
0.003975
0.053342
0.035664
0.043682
0.015523
0.022170
0.068705
0.014938
0.087762
0.050876
0.024457
0.005683
0.031066
0.031533
0.002051
0.052452
0.038470
0.023317
0.026029
0.004203
0.088994
0.015221
0.004862
0.010777
0.019975
0.013139
0.027443
0.030309
0.130075
0.115399
0.101616
0.037799
0.006630
0.177137
0.061675
0.035953
0.059893
0.016151
0.008696
0.078814
0.008021
0.000087
0.105506
0.018052
0.056024
0.045588
0.148717
0.145050
0.100114
0.026851
0.003940
0.050720
0.007671
0.006223
0.027408
0.032574
0.003870
0.007445
0.008705
0.062524
0.092786
0.003727
0.047587
0.060581
0.001539
0.098784
0.112764
0.093495
0.027409
0.023336
0.019472
0.005625
0.042236
0.011901
0.007425
0.127370
0.016999
0.028446
0.000464
0.008163
0.085921
0.041998
0.001204
0.001434
0.155664
0.032583
0.015942
0.019923
0.036169
0.007047
0.008405
0.068386
0.057754
0.019580
0.112603
0.030423
0.057212
0.216603
0.062248
0.124287
0.200363
0.130309
0.053018
0.101663
0.073781
0.009153
0.001011
0.047674
0.044937
0.036037
0.036087
0.031004
0.007872
0.062805
0.196379
0.125685
0.093372
0.003656
0.084016
0.014223
0.008855
0.068434
0.000638
0.022786
0.004280
0.011043
0.029944
0.027646
0.058447
0.035444
0.029890
0.048997
0.155795
0.005938
0.003678
0.027041
0.101274
0.055225
0.106121
0.013868
0.037854
0.000294
0.014818
0.014646
0.046872
0.038883
0.009668
0.043149
0.108695
0.006093
0.062241
0.021888
0.000163
0.000797
0.091344
0.001208
0.080734
0.030774
0.101388
0.064293
0.015469
0.004404
0.005882
0.118787
0.029300
0.034381
0.243340
0.160637
0.142111
0.126163
0.042691
0.023178
0.009500
0.000416
0.037682
0.005357
0.093363
0.055174
0.055321
0.048358
0.052795
0.020336
0.016634
0.082529
0.049041
0.046737
0.013685
0.007547
0.057846
0.095665
0.144616
0.110454
0.355910
0.348770
0.000167
0.007021
0.070513
0.022042
0.020456
0.081996
0.084137
0.049816
0.030564
0.003480
0.016932
0.006307
0.006715
0.058150
0.252839
0.071428
0.061148
0.015146
0.012248
0.151269
0.070005
0.157830
0.157087
0.211284
0.019226
0.027782
0.057721
0.015867
0.031623
0.022708
0.178145
0.102616
0.136146
0.013585
0.063166
0.035774
0.036624
0.052986
0.013010
0.046000
0.024317
0.018675
0.054171
0.028477
0.020657
0.006538
0.058500
0.001761
0.000046
0.059211
0.009835
0.058441
0.065926
0.041334
0.040633
0.047742
0.057581
0.009174
0.031323
0.024164
0.003537
0.161726
0.128723
0.014308
0.008214
0.055312
0.043112
0.078086
0.030887
0.074575
0.034885
0.001984
0.062418
0.131565
0.008177
0.040266
0.161661
0.077062
0.003638
0.000791
0.000358
0.046986
0.039074
0.013851
0.039963
0.065696
0.083722
0.098875
0.028891
0.105608
0.019593
0.001730
0.016861
0.026497
0.111238
0.052381
0.101332
0.022806
0.021632
0.000255
0.043183
0.027623
0.020882
0.012951
0.017585
0.064610
0.057514
0.042512
0.016779
0.040628
0.025604
0.053297
0.081606
0.011063
0.150368
0.088845
0.146916
0.028010
0.002566
0.028990
0.010518
0.009823
0.022540
0.042421
0.009049
0.093583
0.044198
0.118197
0.008362
0.073594
0.013521
0.033379
0.078005
0.021992
0.001328
0.154494
0.027863
0.021988
0.013154
0.004757
0.005542
0.083742
0.134232
0.041090
0.015992
0.008309
0.030353
0.021718
0.000935
0.140846
0.139280
0.139441
0.002136
0.076068
0.018781
0.093078
0.014328
0.003806
0.113926
0.056844
0.053122
0.184596
0.180690
0.034480
0.036008
0.086596
0.019167
0.034955
0.008250
0.024377
0.146198
0.139856
0.062422
0.028453
0.014995
0.011905
0.045223
0.054609
0.049699
0.046549
0.006586
0.040122
0.011148
0.013278
0.045901
0.035167
0.048936
0.011136
0.043382
0.057509
0.106006
0.003867
0.096431
0.169327
0.135797
0.067507
0.086535
0.043369
0.032670
0.053761
0.050413
0.106803
0.061438
0.040402
0.116371
0.080230
0.055755
0.014948
0.061488
0.331369
0.142197
0.174049
0.132745
0.015563
0.013565
0.000928
0.178391
0.134905
0.148185
0.113458
0.016508
0.092816
0.069635
0.123729
0.065548
0.007565
0.015634
0.021341
0.055112
0.106204
0.015863
0.061391
0.079397
0.069939
0.017890
0.005950
0.169207
0.077283
0.010133
0.003918
0.012227
0.048820
0.077466
0.006144
0.046485
0.044733
0.013445
0.016156
0.071475
0.004086
0.049129
0.002447
0.053296
0.035034
0.006517
0.011126
0.005111
0.077429
0.094947
0.081365
0.073315
0.032550
0.003472
0.035372
0.225909
0.075682
0.068455
0.045890
0.059691
0.074860
0.026476
0.019568
0.032509
0.153481
0.027142
0.133982
0.007095
0.088460
0.056066
0.002122
0.003764
0.003157
0.062671
0.066603
0.213974
0.004048
0.105402
0.051129
0.002087
0.094428
0.056146
0.026351
0.024370
0.049432
0.017514
0.006491
0.003678
0.020012
0.020830
0.003938
0.024548
0.051949
0.024344
0.005533
0.032317
0.007389
0.000881
0.052342
0.000692
0.043210
0.092544
0.064559
0.067621
0.076737
0.090332
0.223488
0.298282
0.082888
0.101153
0.025413
0.064602
0.006368
0.003411
0.035191
0.028849
0.004316
0.039975
0.040872
0.025261
0.021833
0.040289
0.000839
0.089227
0.017680
0.008968
0.000258
0.040279
0.015919
0.053573
0.025680
0.001422
0.069318
0.014233
0.066632
0.015336
0.034732
0.018871
0.023862
0.029685
0.018185
0.045215
0.030081
0.029677
0.000216
0.023033
0.074411
0.000542
0.005085
0.032994
0.001432
0.086203
0.056318
0.053914
0.104696
0.019460
0.002211
0.022153
0.070994
0.019883
0.007796
0.122216
0.009920
0.098584
0.026163
0.037076
0.013444
0.060540
0.032235
0.012673
0.037745
0.008996
0.008821
0.088288
0.000362
0.043708
0.028268
0.021227
0.010477
0.001055
0.027569
0.021937
0.019013
0.060449
0.012476
0.005434
0.114159
0.052743
0.088074
0.005458
0.009109
0.003553
0.121924
0.081259
0.095040
0.141174
0.256161
0.392668
0.439243
0.284216
0.210496
0.157739
