0.050427
0.025753
0.059865
0.024739
0.003506
0.041859
0.027458
0.028257
0.077386
0.091037
0.143367
0.092052
0.080353
0.049550
0.021304
0.014696
0.026002
0.007601
0.010951
0.120867
0.059346
0.000027
0.042799
0.061515
0.005191
0.002733
0.057620
0.025719
0.045726
0.017132
0.105776
0.044575
0.018412
0.072226
0.182895
0.172132
0.002051
0.037646
0.083641
0.005973
0.022709
0.009732
0.074778
0.003277
0.025352
0.084498
0.018791
0.038867
0.027477
0.055942
0.013396
0.021544
0.210540
0.071439
0.059519
0.017545
0.065047
0.023915
0.065740
0.011987
0.064622
0.048190
0.064455
0.075674
0.066485
0.136053
0.073038
0.052057
0.017808
0.185047
0.127882
0.032724
0.011159
0.068949
0.082037
0.037700
0.022756
0.015201
0.000228
0.010515
0.031145
0.074874
0.052906
0.129642
0.010118
0.074024
0.016506
0.166070
0.073122
0.075707
0.066408
0.166610
0.094385
0.009743
0.016345
0.004151
0.172709
0.088059
0.018385
0.012931
0.072435
0.037877
0.075159
0.020141
0.011278
0.109862
0.002289
0.015634
0.011678
0.089512
0.006614
0.014098
0.022240
0.143318
0.027851
0.003882
0.046364
0.001672
0.101317
0.006431
0.009000
0.116192
0.133031
0.030961
0.025457
0.013667
0.092934
0.121645
0.088282
0.001311
0.025369
0.163282
0.010511
0.032801
0.009937
0.069641
0.109286
0.071147
0.096199
0.012145
0.113829
0.066523
0.043785
0.035770
0.001531
0.073705
0.026790
0.099046
0.028912
0.104430
0.041565
0.143931
0.125766
0.110532
0.095815
0.008652
0.114681
0.065601
0.005431
0.019680
0.001310
0.012854
0.006819
0.064500
0.011217
0.057470
0.008724
0.045043
0.149019
0.006303
0.041601
0.012885
0.016394
0.050095
0.016490
0.231401
0.016129
0.041710
0.022544
0.185969
0.145416
0.214408
0.265454
0.206453
0.200811
0.187339
0.048764
0.162718
0.082382
0.026338
0.047454
0.241392
0.180215
0.071870
0.011180
0.000887
0.017989
0.053176
0.025222
0.027513
0.016954
0.031917
0.013906
0.011803
0.003981
0.041818
0.008751
0.006832
0.046896
0.007136
0.019361
0.065328
0.033277
0.021752
0.067841
0.016444
0.342433
0.031853
0.090535
0.075343
0.001117
0.094117
0.093424
0.145178
0.422960
0.368639
0.374362
0.312782
0.102451
0.000059
0.020596
0.014982
0.036176
0.071239
0.127569
0.059734
0.013202
0.001782
0.014072
0.008527
0.066019
0.063435
0.210952
0.003149
0.030259
0.009605
0.164149
0.042974
0.039802
0.032357
0.030598
0.140047
0.050756
0.029877
0.239933
0.227347
0.033296
0.080256
0.040573
0.019432
0.008766
0.003447
0.152291
0.006115
0.006316
0.056359
0.222320
0.185568
0.009713
0.030142
0.006815
0.058532
0.004207
0.175952
0.097519
0.056818
0.093797
0.015918
0.035669
0.046592
0.006697
0.087467
0.065604
0.070854
0.083583
0.045542
0.074475
0.069930
0.033066
0.057067
0.015997
0.030862
0.017769
0.052415
0.010757
0.024240
0.017226
0.018451
0.060582
0.028673
0.017689
0.098289
0.080937
0.047701
0.043238
0.052664
0.020979
0.020653
0.065716
0.020979
0.032120
0.004043
0.054896
0.013328
0.106330
0.000449
0.006782
0.057054
0.054681
0.098085
0.001113
0.019910
0.110306
0.078196
0.017050
0.009905
0.006468
0.007846
0.075554
0.023019
0.007302
0.105263
0.013542
0.127351
0.060931
0.030552
0.006092
0.042587
0.026182
0.016835
0.002381
0.061230
0.045817
0.087120
0.163014
0.051281
0.001619
0.008805
0.057297
0.050974
0.059638
0.052887
0.017183
0.117406
0.082829
0.044069
0.086197
0.047459
0.046208
0.014266
0.010282
0.010788
0.033820
0.011324
0.078511
0.048813
0.028976
0.016931
0.072401
0.018765
0.007704
0.084524
0.028166
0.018503
0.024037
0.035293
0.046172
0.003106
0.137213
0.003748
0.000602
0.027397
0.022756
0.068122
0.052878
0.024304
0.029784
0.061588
0.011788
0.108644
0.027815
0.043934
0.055128
0.068492
0.031116
0.003473
0.013262
0.078960
0.054890
0.096086
0.006638
0.003260
0.015045
0.235143
0.159867
0.007169
0.105246
0.065337
0.129497
0.116785
0.026852
0.011843
0.037295
0.036523
0.081678
0.009832
0.044756
0.061437
0.005306
0.013593
0.002116
0.005543
0.124450
0.073607
0.000381
0.047235
0.104279
0.070066
0.062604
0.003061
0.044807
0.000845
0.074325
0.033877
0.222298
0.143964
0.132013
0.122044
0.060156
0.127323
0.052209
0.061371
0.088205
0.055777
0.035405
0.257170
0.025389
0.029129
0.003400
0.001461
0.134261
0.081893
0.074276
0.028498
0.043302
0.041766
0.010110
0.000103
0.022683
0.009302
0.066634
0.050773
0.034359
0.017992
0.009290
0.053906
0.002761
0.053583
0.032927
0.025131
0.115464
0.107335
0.194317
0.107304
0.073720
0.056481
0.023370
0.006046
0.050568
0.078651
0.042916
0.002088
0.207245
0.003949
0.022632
0.021703
0.090489
0.094438
0.017413
0.024730
0.029067
0.020763
0.077067
0.003870
0.025125
0.015909
0.051437
0.049507
0.024823
0.025607
0.014686
0.126299
0.013033
0.005076
0.036089
0.014091
0.055177
0.010766
0.024440
0.063246
0.021806
0.034717
0.041416
0.103556
0.009604
0.010101
0.037196
0.025679
0.017155
0.012604
0.064191
0.020238
0.033662
0.144072
0.113467
0.036421
0.032940
0.066066
0.025445
0.082659
0.015175
0.017378
0.026008
0.078307
0.005087
0.030821
0.011820
0.011103
0.010196
0.018889
0.012905
0.038096
0.008248
0.006020
0.018690
0.094999
0.017519
0.006370
0.002962
0.015630
0.003468
0.007691
0.000881
0.086203
0.074085
0.069366
0.034121
0.078895
0.018563
0.063372
0.021268
0.052641
0.013110
0.037163
0.003670
0.060994
0.028804
0.011523
0.121704
0.048571
0.036474
0.036070
0.013710
0.122036
0.037042
0.081468
0.077912
0.037325
0.033610
0.021385
0.168004
0.053895
0.015785
0.058098
0.057965
0.135605
0.031026
0.007978
0.003096
0.001671
0.053485
0.026416
0.161723
0.082985
0.206677
0.043193
0.108661
0.201055
0.182834
0.185219
0.014770
0.035388
0.067669
0.107940
0.093001
0.134132
0.094171
0.023101
0.025696
0.004238
0.102356
0.034061
0.006731
0.018531
0.001321
0.041115
0.092196
0.000281
0.030569
0.059201
0.002412
0.001887
0.080036
0.030462
0.040282
0.011979
0.017793
0.105679
0.043419
0.042133
0.010741
0.001782
0.031760
0.035255
0.081509
0.061439
0.024722
0.005129
0.109919
0.013355
0.025982
0.019427
0.014119
0.082675
0.017299
0.032432
0.013147
0.004827
0.031867
0.389278
0.278717
0.038630
0.027884
0.063843
0.000845
0.024407
0.000166
0.039248
0.013283
0.035166
0.133398
0.001944
0.095970
0.074958
0.196474
0.094837
0.037591
0.007749
0.005542
0.020582
0.004187
0.029444
0.147209
0.014785
0.009553
0.009187
0.004869
0.002362
0.029153
0.013432
0.028733
0.034903
0.030381
0.164064
0.091191
0.049055
0.010364
0.017531
0.010675
0.041061
0.006080
0.032016
0.082181
0.043906
0.014127
0.012223
0.004501
0.041580
0.047473
0.045371
0.003158
0.359366
0.267371
0.108505
0.118169
0.043814
0.051533
0.003770
0.001513
0.037241
0.107205
0.042236
0.032361
0.064753
0.032968
0.103522
0.071270
0.122725
0.104610
0.173893
0.075494
0.001061
0.002434
0.005053
0.008075
0.001505
0.090293
0.068758
0.163801
0.002486
0.049848
0.021503
0.027073
0.022544
0.026777
0.012515
0.045420
0.044344
0.008535
0.052343
0.032838
0.002467
0.155730
0.017860
0.011271
0.035413
0.012985
0.081679
0.073521
0.063211
0.020559
0.048350
0.057670
0.037606
0.032070
0.018792
0.074201
0.085753
0.161925
0.038867
0.053725
0.033952
0.005455
0.068826
0.011775
0.037863
0.017683
0.000395
0.022810
0.006791
0.031287
0.052181
0.060316
0.038636
0.051162
0.133944
0.127445
0.098720
0.111694
0.132980
0.141127
0.028300
0.006866
0.106012
0.006691
0.089051
0.049625
0.099563
0.023069
0.001365
0.090191
0.073404
0.005259
0.055776
0.007257
0.071403
0.021196
0.013141
0.016218
0.043609
0.332833
0.267907
0.170669
0.029456
0.084488
0.073520
0.157273
0.296265
0.347187
0.281614
0.272651
0.175596
0.334189
0.325055
0.138195
0.141522
0.153181
0.094881
0.019826
0.026234
0.035006
0.021277
0.039725
0.009313
0.004492
0.213418
0.164881
0.108672
0.141421
0.084556
0.083959
0.020944
0.000633
0.001353
0.002410
0.002146
0.088188
0.045001
0.037323
0.016311
0.067586
0.031616
0.036899
0.076502
0.050130
0.005031
0.104653
0.069387
0.034793
0.027304
0.000630
0.016984
0.047776
0.005284
0.003266
0.032389
0.017238
0.030673
0.006774
0.050185
0.054029
0.015211
0.049490
0.018017
0.080835
0.015064
0.037724
0.003323
0.048133
0.006961
0.012214
0.006999
0.089542
0.086718
0.079018
0.013878
0.032084
0.053976
0.060056
0.014563
0.012665
0.003546
0.025289
0.072531
0.069992
0.013352
0.012380
0.011582
0.015509
0.067211
0.041481
0.040880
0.001696
0.009527
0.067510
0.012031
0.050242
0.095394
0.025924
0.071990
0.138179
0.070198
0.052076
0.074296
0.079871
0.029621
0.065919
0.096115
0.197765
0.064546
0.056046
0.046921
0.025001
0.013333
0.090145
0.053669
0.068732
0.019287
0.065526
0.034805
0.028634
0.005413
0.058844
0.036427
0.007355
0.074980
0.066056
0.044175
0.052989
0.040241
0.165589
0.000713
0.026634
0.021573
0.024383
0.008819
0.034330
0.037226
0.056936
0.021789
0.000076
0.088592
0.047295
0.022639
0.015172
0.054052
0.040670
0.004339
0.021428
0.040335
0.010234
0.006821
0.005229
0.029709
0.079071
0.066212
0.002258
0.016823
0.121477
0.010641
0.105483
0.039596
0.023392
0.019185
0.039830
0.006759
0.048296
0.103456
0.069230
0.007776
0.095918
0.086471
0.035456
0.010841
0.037323
0.111877
0.049180
0.023619
0.054811
0.039367
0.016206
0.070634
0.041266
0.032363
0.028230
0.017821
0.123975
0.080199
0.004049
0.004985
0.051325
0.282443
0.146033
0.146129
0.085665
0.081107
0.033910
0.056271
0.042338
0.006042
0.128466
0.066743
0.074566
0.123188
0.002226
0.029522
0.042405
0.027016
0.022210
0.025130
0.007677
0.017730
0.035698
0.023489
0.053422
0.051884
0.060849
0.082386
0.020874
0.072743
0.047430
0.024696
0.117848
0.128754
0.077416
0.003002
0.078077
0.012214
0.010454
0.010011
0.024773
0.062094
0.069430
0.005436
0.099361
0.014409
0.066566
0.019398
0.021441
0.050392
0.019574
0.071845
0.091794
0.012253
0.067229
0.057031
0.089672
0.001767
0.009699
0.068418
0.108578
0.084921
0.054862
0.038493
0.012787
0.036873
0.005219
0.114934
0.102915
0.099527
0.079082
0.000102
0.022030
0.001304
0.035841
0.240439
0.170472
0.151553
0.122658
0.146160
0.188424
0.088104
0.108469
0.008645
0.033662
0.011647
0.037691
0.073097
0.093004
0.008251
0.018823
0.035988
0.014744
