0.083864
0.210531
0.044936
0.058719
0.082973
0.028146
0.039920
0.015840
0.018475
0.168653
0.000708
0.024954
0.013131
0.094698
0.000934
0.031309
0.049116
0.041628
0.071428
0.058418
0.000803
0.082244
0.059942
0.131577
0.016572
0.020805
0.034989
0.007102
0.011683
0.051515
0.011839
0.022408
0.085630
0.064249
0.005950
0.029015
0.016708
0.060905
0.010986
0.014975
0.142073
0.000392
0.011332
0.066347
0.129440
0.021132
0.039590
0.009901
0.008429
0.018840
0.033418
0.005225
0.011678
0.022059
0.015442
0.024198
0.007910
0.113709
0.102692
0.044087
0.128137
0.052791
0.052986
0.418455
0.013960
0.045433
0.024646
0.164231
0.035943
0.182967
0.076172
0.020824
0.057942
0.021648
0.106884
0.006950
0.091615
0.102719
0.055639
0.010027
0.002461
0.052890
0.033124
0.001604
0.088460
0.059061
0.056141
0.106040
0.201962
0.103215
0.004460
0.067567
0.017261
0.005076
0.028062
0.061563
0.024142
0.129651
0.005516
0.017821
0.015710
0.030351
0.000003
0.117755
0.001809
0.028540
0.066990
0.036105
0.029230
0.001400
0.010027
0.092150
0.026772
0.121879
0.036337
0.014586
0.085220
0.049917
0.027755
0.102926
0.087771
0.006332
0.035913
0.078784
0.084949
0.011454
0.023452
0.007377
0.110641
0.055153
0.041475
0.005465
0.002798
0.037084
0.103576
0.063745
0.019219
0.012010
0.149489
0.018856
0.014084
0.016686
0.033968
0.025927
0.231158
0.202995
0.105277
0.060715
0.090517
0.116255
0.136996
0.119914
0.085718
0.131132
0.071689
0.159340
0.151334
0.029482
0.041300
0.022629
0.006633
0.031678
0.059813
0.027551
0.178979
0.018420
0.025159
0.018239
0.024373
0.085696
0.046289
0.013993
0.010393
0.216711
0.158534
0.204028
0.296252
0.286232
0.302566
0.083664
0.058833
0.044316
0.063819
0.025266
0.005370
0.064607
0.037660
0.062670
0.044552
0.074707
0.072110
0.004861
0.029605
0.093943
0.086600
0.068626
0.127356
0.083399
0.042549
0.007290
0.053498
0.063799
0.045671
0.213258
0.140918
0.116636
0.018115
0.045196
0.090038
0.053037
0.014811
0.042432
0.068862
0.020648
0.017855
0.070731
0.061296
0.012604
0.076483
0.059381
0.005607
0.031116
0.001597
0.060806
0.130320
0.033823
0.090762
0.031836
0.002430
0.121102
0.002074
0.002169
0.109944
0.082892
0.128784
0.082191
0.080948
0.034252
0.071047
0.056862
0.029623
0.028211
0.008313
0.014042
0.004741
0.020715
0.012481
0.015924
0.052248
0.028548
0.074691
0.066923
0.059691
0.053390
0.013289
0.000719
0.210644
0.159723
0.088336
0.011950
0.006565
0.022373
0.002938
0.005028
0.003116
0.034804
0.031280
0.016228
0.032450
0.023117
0.019390
0.047507
0.167310
0.155538
0.067623
0.005668
0.101226
0.016204
0.002781
0.001329
0.055506
0.000552
0.057941
0.001839
0.002115
0.128522
0.120255
0.059789
0.055687
0.069763
0.065868
0.002037
0.001240
0.077504
0.036893
0.146553
0.006683
0.013113
0.014934
0.032029
0.036099
0.088067
0.020868
0.045022
0.010233
0.046072
0.010879
0.070275
0.042122
0.090507
0.082047
0.290891
0.307490
0.043114
0.030363
0.038322
0.299038
0.024658
0.022201
0.052144
0.053717
0.006552
0.083178
0.065728
0.014570
0.059413
0.006752
0.035089
0.054272
0.024290
0.058938
0.129526
0.045876
0.107640
0.104990
0.058194
0.008942
0.002247
0.046497
0.130051
0.005602
0.018099
0.101390
0.032395
0.002344
0.203666
0.050855
0.003512
0.001780
0.045750
0.016568
0.012913
0.013951
0.077543
0.065599
0.006784
0.135790
0.030913
0.022478
0.001136
0.104348
0.002749
0.028775
0.007770
0.129786
0.014859
0.004561
0.174273
0.121273
0.142397
0.182828
0.115015
0.085328
0.070900
0.006223
0.188026
0.174662
0.244996
0.034575
0.086481
0.034525
0.013340
0.002105
0.153332
0.061355
0.036301
0.032106
0.003294
0.085378
0.020648
0.054182
0.129514
0.014823
0.026558
0.006541
0.036230
0.226773
0.195977
0.200935
0.043446
0.047321
0.029518
0.009220
0.300596
0.261679
0.265104
0.346012
0.019268
0.045566
0.061884
0.105022
0.101134
0.172499
0.015373
0.022597
0.080344
0.037159
0.150850
0.060053
0.190840
0.052415
0.048777
0.058230
0.197627
0.016037
0.085505
0.038221
0.017863
0.078824
0.002886
0.010955
0.056334
0.042055
0.010332
0.010095
0.032912
0.014247
0.007982
0.053040
0.036823
0.007738
0.000510
0.023280
0.027796
0.011693
0.026643
0.046033
0.111651
0.141555
0.047228
0.010997
0.057641
0.019920
0.083933
0.128046
0.012181
0.000292
0.183871
0.148213
0.055999
0.068265
0.070926
0.093309
0.014409
0.112514
0.006078
0.050407
0.075809
0.170276
0.078876
0.009580
0.072612
0.160876
0.100523
0.044161
0.039584
0.015676
0.058974
0.041061
0.007075
0.025316
0.110371
0.072302
0.043002
0.043451
0.042531
0.037426
0.036619
0.030189
0.130240
0.032427
0.004691
0.104253
0.034517
0.021711
0.009567
0.002705
0.069061
0.000927
0.023236
0.003347
0.002211
0.056481
0.055706
0.140000
0.044454
0.004227
0.010274
0.024293
0.050712
0.022347
0.027810
0.018987
0.002892
0.034014
0.030381
0.017149
0.051624
0.014398
0.061270
0.214265
0.100614
0.033170
0.101225
0.098629
0.014367
0.118580
0.017217
0.255353
0.188198
0.131941
0.151387
0.139518
0.140619
0.023664
0.001333
0.072285
0.021525
0.012364
0.009087
0.001284
0.053434
0.062072
0.040984
0.012416
0.014602
0.084421
0.047303
0.020301
0.009327
0.187329
0.024619
0.039413
0.074080
0.063249
0.000540
0.133265
0.122523
0.086729
0.129544
0.012795
0.007979
0.056290
0.064767
0.029152
0.006646
0.014814
0.027093
0.011297
0.004902
0.102154
0.027631
0.016803
0.001750
0.050744
0.036267
0.022084
0.034633
0.076888
0.011976
0.011894
0.021790
0.012058
0.005624
0.061853
0.017911
0.027115
0.080927
0.044579
0.017315
0.105637
0.101025
0.017310
0.148895
0.104425
0.023254
0.056496
0.068723
0.007324
0.018681
0.051675
0.003072
0.040976
0.085693
0.108035
0.085668
0.093023
0.133141
0.033293
0.058437
0.004389
0.017914
0.002580
0.044791
0.006719
0.015083
0.057526
0.070843
0.024994
0.039114
0.062812
0.026207
0.000511
0.024677
0.014101
0.173036
0.135769
0.018681
0.111123
0.107832
0.031074
0.002326
0.005661
0.013272
0.028587
0.036132
0.009201
0.023717
0.070012
0.049889
0.146976
0.044612
0.000887
0.078778
0.044313
0.031270
0.024331
0.006805
0.017532
0.049627
0.006074
0.001114
0.005418
0.027052
0.043718
0.066696
0.009528
0.026554
0.120740
0.050828
0.107354
0.043823
0.018372
0.089571
0.014255
0.112147
0.059910
0.045047
0.005555
0.016882
0.074125
0.003024
0.025189
0.000803
0.036324
0.032788
0.013606
0.005316
0.030903
0.097691
0.000028
0.016350
0.055206
0.020524
0.221454
0.085295
0.005021
0.001449
0.028659
0.022350
0.002313
0.012658
0.006050
0.049190
0.075558
0.072217
0.008678
0.092116
0.080302
0.107354
0.017171
0.003541
0.001444
0.011419
0.173631
0.116380
0.162572
0.001608
0.166957
0.034897
0.000574
0.006442
0.104786
0.070138
0.072969
0.006082
0.075399
0.051224
0.091105
0.015103
0.000978
0.073472
0.029467
0.067800
0.029543
0.276865
0.236716
0.360592
0.380089
0.069522
0.030518
0.042674
0.144430
0.102165
0.086089
0.033714
0.031234
0.023349
0.002962
0.217815
0.009409
0.039645
0.011045
0.111913
0.105951
0.150594
0.069052
0.103625
0.035325
0.009476
0.032326
0.018053
0.038091
0.031889
0.016388
0.140211
0.022452
0.062864
0.001914
0.076903
0.018776
0.013303
0.056081
0.034311
0.120921
0.097514
0.316148
0.043588
0.075805
0.063310
0.004506
0.002298
0.018251
0.225601
0.219487
0.009920
0.026323
0.051335
0.042618
0.054721
0.088381
0.221907
0.145214
0.115521
0.089171
0.068265
0.005842
0.006393
0.065050
0.016854
0.009016
0.027950
0.003303
0.037706
0.046079
0.093712
0.088718
0.020943
0.005928
0.044695
0.038760
0.124976
0.052888
0.034206
0.003062
0.030347
0.008680
0.003985
0.060608
0.005376
0.088382
0.014297
0.001459
0.136159
0.021321
0.056037
0.125865
0.081380
0.105664
0.117665
0.106424
0.074190
0.039533
0.019261
0.000005
0.006576
0.067080
0.057188
0.016896
0.085631
0.020547
0.051830
0.038374
0.075561
0.083823
0.021897
0.083290
0.119981
0.109133
0.091012
0.040664
0.006553
0.065027
0.015065
0.000622
0.065983
0.016805
0.000049
0.007387
0.072302
0.021603
0.017330
0.024224
0.006234
0.281738
0.146864
0.217682
0.020305
0.046830
0.034371
0.035709
0.044368
0.137358
0.019357
0.034961
0.017938
0.014213
0.019469
0.061594
0.008807
0.061338
0.008081
0.003027
0.002407
0.000222
0.011810
0.018718
0.196055
0.003663
0.046091
0.009954
0.104621
0.103177
0.064768
0.038562
0.007170
0.005242
0.058913
0.080481
0.044993
0.022309
0.085523
0.056333
0.048362
0.000558
0.129890
0.030203
0.024750
0.004016
0.002941
0.214478
0.025842
0.002119
0.050749
0.022917
0.064145
0.137362
0.042381
0.004482
0.008022
0.005452
0.023300
0.009624
0.059867
0.047376
0.024857
0.091542
0.035946
0.006647
0.034520
0.019431
0.029391
0.073195
0.019568
0.069897
0.000555
0.017136
0.051308
0.013611
0.053250
0.077282
0.031501
0.098198
0.065612
0.124522
0.065717
0.062508
0.060053
0.001836
0.045142
0.006107
0.043807
0.031450
0.039784
0.004742
0.046366
0.083540
0.028278
0.016747
0.085763
0.022228
0.074062
0.026027
0.032790
0.013306
0.003799
0.020487
0.022199
0.006710
0.037412
0.001552
0.029188
0.023748
0.017186
0.019983
0.023775
0.018221
0.027808
0.083304
0.041998
0.098691
0.061401
0.082311
0.035464
0.076393
0.006734
0.061732
0.006406
0.020774
0.158022
0.155571
0.034267
0.081704
0.022665
0.143223
0.137419
0.125015
0.016184
0.051844
0.024224
0.034152
0.036048
0.006514
0.047791
0.012184
0.261626
0.057571
0.009761
0.102062
0.054953
0.124488
0.061707
0.019759
0.013649
0.010827
0.000912
0.022017
0.183391
0.122115
0.026714
0.058509
0.024087
0.032845
0.096952
0.081244
0.047900
0.029909
0.057672
0.057608
0.041807
0.037266
0.048588
0.000035
0.026381
0.030218
0.001602
0.005661
0.022188
0.010348
0.113254
0.059308
0.005382
0.022378
0.014145
0.013142
0.009264
0.136377
0.074417
0.005349
0.091383
0.006511
0.009903
0.193621
0.181401
0.183024
0.004756
0.129363
0.110792
0.104611
0.079874
0.020417
0.043040
0.029516
0.032746
0.102199
0.065271
0.131165
0.014122
0.002338
0.055717
0.060469
0.008888
0.054327
0.053067
0.005065
0.221752
0.003191
0.032466
0.018497
0.040708
0.040922
0.014138
0.000617
0.000520
0.151471
0.039236
0.023145
0.015411
0.022808
0.083149
0.041737
0.028717
0.007858
0.007704
