0.000000
0.043991
0.000000
0.000000
0.000000
0.000000
0.053157
0.000000
0.000000
0.000000
0.000000
0.000000
0.000000
0.000000
0.104935
0.084804
0.000157
0.000000
0.000000
0.118038
0.038596
0.003974
0.048055
0.000882
0.000000
0.006731
0.000000
0.094899
0.049070
0.005276
0.000000
0.142381
0.109111
0.093249
0.004481
0.000000
0.056806
0.000000
0.000000
0.043839
0.000211
0.000000
0.000000
0.000000
0.000000
0.000000
0.075725
0.000000
0.000000
0.000000
0.000000
0.102195
0.011031
0.021815
0.020751
0.096832
0.000000
0.000000
0.000000
0.000000
0.000000
0.000770
0.000000
0.000000
0.000000
0.000000
0.000000
0.000000
0.000000
0.000000
0.000000
0.000000
0.000000
0.000000
0.001541
0.020185
0.000000
0.000000
0.000000
0.000000
0.000000
0.000000
0.000000
0.000000
0.000000
0.000000
0.000000
0.000000
0.076600
0.000000
0.037023
0.000000
0.126350
0.000000
0.000000
0.000000
0.114094
0.176928
0.068226
0.065188
0.000000
0.000000
0.000000
0.000000
0.000000
0.000000
0.000000
0.000000
0.085202
0.000000
0.000000
0.000000
0.000000
0.000000
0.000000
0.000000
0.000000
0.000000
0.096272
0.067956
0.000000
0.000000
0.058223
0.058177
0.136334
0.027134
0.005366
0.000000
0.007069
0.000000
0.000000
0.000000
0.057312
0.080060
0.052566
0.063302
0.000000
0.014995
0.000000
0.000000
0.000000
0.000000
0.000000
0.000000
0.000000
0.000000
0.000000
0.000000
0.000000
0.000000
0.000000
0.000000
0.051707
0.000000
0.000000
0.000000
0.000000
0.000000
0.000000
0.000000
0.000000
0.000000
0.000000
0.000000
0.027972
0.020331
0.008035
0.000000
0.000000
0.092756
0.022806
0.046508
0.020524
0.042247
0.000000
0.000000
0.000000
0.000000
0.000000
0.006976
0.000000
0.000000
0.000000
0.000000
0.000000
0.014269
0.000000
0.000000
0.000000
0.000000
0.000000
0.000000
0.000000
0.000000
0.000000
0.000000
0.000000
0.000000
0.000000
0.000000
0.000000
0.000000
0.000000
0.000000
0.000000
0.108539
0.065399
0.025926
0.000000
0.000000
0.000000
0.000000
0.000000
0.026814
0.000000
0.006852
0.180013
0.057530
0.000000
0.000000
0.030963
0.000000
0.000000
0.000000
0.000000
0.000000
0.000000
0.000000
0.017599
0.000000
0.037227
0.000000
0.000000
0.000000
0.000000
0.020765
0.000000
0.000000
0.000000
0.000000
0.000000
0.058037
0.000000
0.000000
0.004332
0.077997
0.000000
0.093131
0.007444
0.000000
0.000000
0.000000
0.142207
0.000000
0.000000
0.000000
0.000000
0.125717
0.078520
0.000000
0.000000
0.000000
0.000000
0.000000
0.042021
0.000000
0.000000
0.000000
0.000000
0.000000
0.000000
0.000000
0.000000
0.000000
0.000000
0.000000
0.000000
0.000000
0.000000
0.000000
0.000000
0.000000
0.054867
0.065838
0.000000
0.000000
0.008677
0.000000
0.000000
0.188913
0.000000
0.000000
0.000000
0.000000
0.000000
0.004621
0.000000
0.000000
0.000000
0.000000
0.022685
0.000000
0.000000
0.000000
0.000000
0.000000
0.022341
0.000000
0.000000
0.000000
0.000000
0.000000
0.000000
0.000000
0.000000
0.170659
0.022836
0.000000
0.000000
0.000000
0.000000
0.048548
0.009916
0.000000
0.000000
0.000000
0.000000
0.000000
0.000000
0.054773
0.038343
0.000000
0.000000
0.000000
0.000000
0.000000
0.053984
0.000000
0.000000
0.018203
0.024931
0.000000
0.000000
0.000000
0.000000
0.000000
0.000000
0.000000
0.000000
0.000000
0.013373
0.000000
0.000000
0.000000
0.000000
0.000000
0.000000
0.000000
0.000000
0.000000
0.000000
0.000000
0.000000
0.000000
0.000000
0.000000
0.000000
0.000000
0.000000
0.100809
0.000000
0.165382
0.007135
0.006812
0.041884
0.000000
0.000000
0.000000
0.000000
0.000000
0.000000
0.000000
0.000000
0.000000
0.000000
0.000000
0.025349
0.209753
0.020054
0.006280
0.066324
0.021175
0.030827
0.053051
0.076080
0.081675
0.000000
0.000000
0.000000
0.009491
0.000000
0.000000
0.000000
0.000000
0.000000
0.000000
0.000000
0.000000
0.000000
0.000000
0.000000
0.000000
0.000000
0.000000
0.000000
0.000000
0.004139
0.000000
0.010590
0.000000
0.000000
0.000000
0.039347
0.000000
0.076399
0.000000
0.000000
0.077280
0.000280
0.000000
0.000000
0.000000
0.032520
0.000000
0.000000
0.057664
0.000000
0.000000
0.023746
0.000000
0.000000
0.000000
0.000000
0.000000
0.000000
0.000000
0.034688
0.070465
0.001592
0.000000
0.000000
0.000000
0.009104
0.012422
0.000000
0.000000
0.018318
0.000000
0.000000
0.000000
0.000000
0.000000
0.000000
0.000000
0.000000
0.000000
0.000000
0.058959
0.000000
0.000000
0.000000
0.000000
0.000000
0.000000
0.000000
0.000000
0.000000
0.000000
0.000000
0.000000
0.014226
0.000000
0.000000
0.000000
0.000000
0.000000
0.000000
0.000000
0.000000
0.042722
0.168003
0.048546
0.000000
0.000000
0.000000
0.000000
0.000000
0.000000
0.000000
0.000000
0.000000
0.000000
0.000000
0.000000
0.000000
0.000000
0.000000
0.031173
0.029978
0.000000
0.000000
0.000000
0.000000
0.000000
0.000000
0.042647
0.000000
0.000000
0.019487
0.079796
0.000000
0.005110
0.000000
0.009254
0.000000
0.009486
0.034315
0.027595
0.000000
0.000000
0.000000
0.000000
0.000000
0.000000
0.000000
0.000000
0.000000
0.000000
0.000000
0.050979
0.013893
0.000000
0.000000
0.000000
0.000000
0.048240
0.053535
0.000000
0.000000
0.043244
0.000000
0.000000
0.000000
0.000000
0.000000
0.000000
0.000000
0.000000
0.000000
0.000000
0.000000
0.000000
0.000000
0.000000
0.000000
0.000000
0.000000
0.000000
0.000000
0.000000
0.004132
0.073077
0.000000
0.000000
0.000000
0.000000
0.077408
0.092394
0.172616
0.012945
0.000000
0.000000
0.020137
0.000000
0.000000
0.000000
0.035414
0.000000
0.000000
0.000000
0.000000
0.000000
0.000000
0.029413
0.000000
0.000000
0.000000
0.000000
0.000000
0.000000
0.000000
0.000000
0.000000
0.000000
0.000000
0.126254
0.031233
0.000000
0.100427
0.000000
0.000000
0.000000
0.000000
0.000000
0.000000
0.029784
0.000000
0.000000
0.000000
0.000000
0.000000
0.033288
0.000000
0.016093
0.000000
0.000000
0.000000
0.000000
0.000000
0.013683
0.001442
0.000000
0.000000
0.111345
0.000000
0.075038
0.030149
0.000000
0.000000
0.000000
0.000000
0.000000
0.000000
0.000000
0.000000
0.032575
0.000000
0.020896
0.000000
0.000000
0.002978
0.000000
0.000000
0.000000
0.000000
0.008617
0.020834
0.000000
0.000000
0.000000
0.007305
0.000000
0.000000
0.032447
0.000000
0.000000
0.000000
0.000000
0.000000
0.271803
0.032018
0.104601
0.000000
0.000000
0.000000
0.000000
0.000000
0.000000
0.000000
0.000000
0.000000
0.000000
0.000000
0.000000
0.000000
0.000000
0.000000
0.074522
0.000000
0.000000
0.000000
0.000000
0.000000
0.000000
0.165823
0.009043
0.000000
0.000000
0.000000
0.000000
0.000000
0.000000
0.000000
0.039339
0.037049
0.000000
0.000000
0.008865
0.000000
0.000000
0.014190
0.000000
0.000000
0.113870
0.125384
0.000000
0.000000
0.000000
0.000000
0.000000
0.000000
0.000000
0.008474
0.000000
0.000000
0.010624
0.000000
0.000000
0.000000
0.041866
0.014245
0.000000
0.000000
0.000000
0.008072
0.000000
0.000000
0.000000
0.052744
0.109366
0.000000
0.000000
0.000000
0.000000
0.000000
0.000000
0.000000
0.000000
0.000000
0.000000
0.000000
0.021394
0.030536
0.000000
0.000000
0.073536
0.067550
0.036072
0.026766
0.000000
0.000000
0.000000
0.000000
0.000000
0.000000
0.000000
0.000000
0.000000
0.000000
0.000000
0.024191
0.000000
0.000000
0.000000
0.000000
0.000000
0.000000
0.000000
0.000000
0.000000
0.000000
0.000000
0.073916
0.049092
0.000000
0.000000
0.000000
0.124470
0.000000
0.000000
0.000000
0.000000
0.000000
0.000000
0.000000
0.000000
0.000000
0.000000
0.000000
0.000000
0.000000
0.000000
0.000000
0.000000
0.000000
0.000000
0.000000
0.000000
0.033769
0.000000
0.062854
0.000000
0.000000
0.000000
0.000000
0.016189
0.000000
0.000000
0.000000
0.000000
0.000000
0.000000
0.032176
0.024346
0.000000
0.000000
0.000000
0.000000
0.000000
0.112146
0.006428
0.000000
0.227025
0.086677
0.001837
0.082078
0.000000
0.000000
0.000000
0.000000
0.000000
0.000000
0.000000
0.011466
0.000000
0.000000
0.010304
0.000000
0.000000
0.000000
0.000000
0.080160
0.000000
0.000000
0.000000
0.000000
0.000000
0.000000
0.000000
0.000000
0.000000
0.000000
0.000000
0.006910
0.000000
0.000000
0.005557
0.137101
0.054930
0.000000
0.000000
0.000000
0.000000
0.000000
0.042779
0.035960
0.000000
0.000000
0.000000
0.092076
0.378830
0.027593
0.039853
0.032597
0.000000
0.000000
0.000000
0.000000
0.000000
0.054715
0.014073
0.033164
0.060401
0.000000
0.000000
0.000000
0.000000
0.000000
0.000000
0.000000
0.000000
0.000000
0.000000
0.000000
0.000000
0.026405
0.000000
0.000000
0.000000
0.000000
0.001324
0.000000
0.000000
0.000000
0.000000
0.000000
0.000000
0.000000
0.005244
0.000000
0.000000
0.000000
0.000000
0.000000
0.000000
0.000000
0.000000
0.000000
0.000000
0.000000
0.000000
0.000733
0.028540
0.000000
0.156809
0.028371
0.000000
0.001909
0.019501
0.000000
0.000000
0.000000
0.024308
0.000000
0.000000
0.000000
0.000000
0.000000
0.085266
0.037433
0.079831
0.000000
0.000000
0.000000
0.000000
0.000000
0.000000
0.017288
0.000000
0.000000
0.136891
0.000000
0.000000
0.000000
0.000000
0.000000
0.000000
0.000000
0.000000
0.000000
0.000000
0.000000
0.000000
0.000000
0.000000
0.034365
0.036006
0.046596
0.000000
0.000000
0.066691
0.000000
0.000000
0.094812
0.035985
0.028090
0.162169
0.113861
0.066566
0.020651
0.026151
0.000000
0.000000
0.072534
0.000000
0.000000
0.000000
0.000000
0.000000
0.000000
0.000000
0.000000
0.000000
0.007265
0.000000
0.074706
0.000000
0.000000
0.000000
0.000000
0.000000
0.033757
0.000000
0.000000
0.000000
0.000000
0.010400
0.000000
0.000000
0.000000
0.000000
0.015789
0.000000
0.007195
0.000000
0.032648
0.094288
0.000000
0.000000
0.000000
0.000000
0.000000
0.000000
0.000000
0.000000
0.000000
0.000000
0.000000
0.000000
0.000000
0.000000
0.000000
0.000000
0.000000
0.000000
0.039384
0.000000
0.000000
0.000000
0.004736
0.000000
0.000000
0.000000
0.012327
0.000000
0.000000
0.000000
0.000000
0.000000
0.000000
0.000000
0.000000
0.000000
0.000000
0.000000
0.022485
0.098166
0.000000
0.000000
0.000000
0.000000
0.000000
0.000000
0.000000
0.097895
0.139617
0.116505
0.171767
0.057330
0.024197
0.008797
0.036193
0.050910
