96.27758
20.25060
28.27388
42.01373
68.26890
60.07254
27.02022
94.35302
93.50370
65.16444
43.75713
29.52271
66.00417
95.58708
81.09288
94.91335
94.75079
9.70781
23.60337
56.86617
1.54364
65.62011
92.82023
85.00607
10.43952
77.79509
17.44280
55.19496
2.42169
89.93940
87.85339
1.82703
92.92316
76.79140
75.80429
77.12617
45.31862
13.35724
98.14758
87.73736
41.01634
28.31325
42.85085
55.99756
80.81125
99.57921
48.34038
73.84843
87.22354
14.88130
93.38251
0.80294
41.98264
36.73391
46.71362
69.56395
71.10975
9.02903
22.07623
27.73660
75.33974
70.30472
55.68691
97.27881
63.53325
45.45743
70.42026
15.43006
20.46316
64.92023
58.37740
8.84287
21.14522
61.19698
50.14948
21.69648
18.70231
51.70180
72.52608
74.18131
66.20986
13.43630
54.89555
26.54438
25.53639
35.15609
36.16095
26.71469
22.54984
76.89660
42.12596
89.54586
34.13278
43.00031
61.31191
3.34247
6.83068
45.77414
0.45415
1.77270
41.26549
6.12889
60.08478
44.46930
5.99006
87.69175
87.26532
93.97793
76.31277
12.71381
28.69221
74.58301
47.94573
23.07932
75.99428
20.40608
20.09882
70.59019
68.79057
9.56051
44.48076
30.35572
64.65339
12.97994
9.55055
88.63468
8.45316
85.97524
52.32357
55.15924
52.00590
99.59892
28.01660
29.84282
2.78606
96.94828
83.45254
35.19763
80.73855
66.63528
71.86382
44.48065
76.41829
51.17777
32.74355
27.38139
2.79210
11.07271
90.18049
86.07607
36.53804
43.65734
91.95547
29.80777
30.88324
46.63135
88.22512
53.53916
71.21731
42.04009
38.71545
14.30699
46.69321
90.72302
21.33582
49.78477
36.57686
97.78697
45.01404
88.26962
82.49513
59.55660
10.85868
15.30850
44.67344
6.09819
99.70407
58.33186
43.25507
64.42491
31.68071
72.60002
55.48064
81.22893
26.74022
14.36774
99.30449
62.30421
68.00784
85.94235
54.36153
87.51652
58.46707
13.72193
88.07506
10.52587
82.57559
43.90619
3.46689
49.59189
82.54278
8.45901
43.46147
94.20568
32.07107
59.87497
46.34053
5.12726
6.12098
70.44969
64.56401
94.20191
86.04383
90.48182
96.44411
66.39279
30.25847
31.12025
73.07544
11.66844
87.35076
2.85792
29.70789
54.51230
54.00319
6.36098
15.75920
51.85303
71.83514
83.70792
67.60302
72.97368
26.54433
98.47103
60.00584
22.50307
91.50287
29.16841
35.52869
60.44026
20.03602
0.19579
62.47091
18.36347
36.04100
99.14823
21.12729
38.67934
98.64312
13.21997
47.96789
5.20837
85.39940
58.23759
18.89407
90.46555
15.84067
30.18981
3.86053
26.10507
32.42080
97.31542
49.59153
90.16591
51.76604
56.80443
67.14844
47.91774
72.86954
66.23254
17.95407
14.48881
51.01047
6.57868
97.47887
13.42726
62.68174
23.07634
16.51753
22.59350
11.28751
85.00031
64.08267
75.97893
93.23278
31.70771
91.07332
62.12870
21.42427
26.49913
33.54558
94.01304
63.86245
7.36031
17.74055
77.07071
1.65912
5.14626
48.65763
28.40882
27.56308
3.43110
15.98388
61.69822
65.86059
84.52715
39.23957
91.03271
38.36288
3.83597
72.41551
5.69778
32.56326
3.77417
94.14579
87.21973
71.09540
9.50622
9.27140
45.79908
71.35310
92.63374
95.43310
15.74986
92.60287
45.64343
35.01679
17.20538
1.79915
17.73844
63.24565
67.14923
46.69308
63.74790
24.46987
25.44800
94.24892
94.45447
55.96543
33.85519
54.08421
0.51795
94.94403
71.98570
3.00362
83.60770
18.33466
0.08333
17.60797
91.89901
88.12242
84.65057
34.78593
76.07958
41.38547
58.27753
90.17751
85.48185
9.04439
90.75058
17.71421
92.02375
75.75786
43.02796
57.55263
99.40145
10.48896
18.24049
44.63235
36.48683
24.43663
78.35055
38.92134
54.59116
76.67145
23.72558
17.72609
7.09181
4.07326
3.28834
62.45004
80.35781
8.54333
86.78848
73.89368
55.48009
37.06017
31.06763
63.52390
29.18209
64.93201
10.97074
2.15731
3.48087
27.65378
91.02449
26.42804
49.09374
48.16791
40.54556
44.18406
27.23907
38.32874
66.70973
94.97141
21.58297
9.30669
97.48787
32.98767
59.08868
43.13386
22.42664
82.10004
95.96805
2.43651
83.10684
51.39602
30.63756
57.76215
48.62226
59.27938
10.32095
46.00207
13.40635
74.87043
76.85431
16.20936
86.17841
21.37289
8.74819
70.81932
9.53407
11.03136
13.64268
46.81442
70.56059
97.76025
10.49519
47.42497
98.80292
65.49089
59.16870
79.46505
99.44980
54.91660
17.60179
55.10431
2.05847
75.09712
29.40497
16.90800
85.25734
58.96026
59.79857
37.61044
42.69829
77.67669
82.46388
10.02593
35.46351
68.48627
64.28136
4.99603
0.45062
15.77569
51.07125
67.61336
5.44154
11.08864
34.30287
37.81650
62.23945
24.77181
85.50677
14.25727
2.93013
27.08678
47.41614
75.00041
62.83563
69.43463
49.09779
26.90999
58.79508
47.18796
24.27645
70.16003
99.42894
58.87549
53.05278
71.18642
14.06858
59.61577
16.27104
80.54407
56.95131
5.78177
26.15531
26.15274
38.09705
72.82573
21.11738
27.92066
33.01058
58.74391
26.88782
10.04213
19.56641
74.59210
51.86615
78.13601
92.82880
95.94301
91.47480
74.62380
29.81972
42.26120
52.18993
7.09772
58.28384
55.53300
85.09660
60.59409
49.20390
63.75913
63.73967
1.01189
93.64545
18.60958
41.06191
54.02248
33.32931
57.31859
16.03933
73.85036
95.16401
2.02939
77.72780
47.59950
58.15982
66.12041
54.13116
86.91127
60.49312
35.26795
28.12200
17.81069
40.36624
59.83843
42.28288
73.94757
48.77270
23.08663
0.58607
2.54325
47.49029
18.13831
19.20776
15.37065
67.25882
73.29374
44.38149
77.39450
86.30179
5.72665
57.91271
33.42641
3.96108
35.88852
37.21977
52.47130
71.78573
36.74021
56.80862
93.11291
11.72604
30.62743
75.64614
2.44017
48.32347
35.29649
90.15204
56.57745
56.58798
67.90405
92.34478
62.10599
33.59019
38.02652
14.83691
57.52076
20.69741
13.47417
96.41015
69.58013
47.83986
20.72589
5.73764
13.76492
50.72839
32.36036
76.34724
31.65626
38.86948
90.78131
44.75694
89.21422
67.72548
83.33661
1.51010
58.73360
41.48317
88.81927
11.12677
74.27619
13.00857
78.67747
5.33692
77.51368
2.28275
35.68408
93.66633
9.51449
73.50248
59.11313
50.72734
12.28820
74.84107
4.19153
92.77296
51.89953
18.73488
2.26012
47.61890
87.07283
3.71106
94.00836
35.16670
3.79696
97.14275
12.43443
99.28129
95.80085
51.19411
94.26623
3.41036
95.73439
88.98796
88.91625
54.53771
72.25371
27.83733
87.05888
61.40187
33.41048
37.98399
30.83821
30.53920
68.51368
68.34238
98.62570
27.37427
44.60572
49.78420
76.71596
59.66117
76.82369
74.94563
28.59494
88.19108
67.53299
52.80701
92.01779
97.70021
80.00206
99.78069
96.95795
78.60258
80.46440
36.96590
71.76972
86.80956
69.63940
36.41481
85.54407
6.01995
18.63308
99.29226
1.58419
11.13919
99.74342
28.25647
58.78365
18.55501
64.57801
60.10267
78.28053
16.66780
17.86724
95.82023
13.48684
41.24518
42.22603
57.05793
81.02512
13.02721
55.94855
21.47102
51.48553
42.12610
9.69532
39.16702
52.61610
34.74731
92.39149
57.89888
43.98789
20.41642
31.47142
97.23977
90.91322
67.99078
87.48884
38.06465
18.45269
15.06476
82.98461
6.34823
31.51539
23.97141
22.37202
54.18321
4.77133
36.12943
89.89085
14.08947
76.96798
71.02490
91.14946
85.81432
44.48394
73.96835
55.25360
97.51541
64.72132
88.07794
84.06011
55.65292
55.47205
97.13281
37.71145
95.12773
74.96365
97.82129
45.46038
28.91320
90.27930
2.95725
50.24839
68.55063
50.68631
55.56652
3.46418
1.36604
29.80040
43.98921
82.11961
66.72151
68.82523
96.70888
57.35722
64.75590
50.41631
11.75809
61.80946
51.28376
11.75797
80.96380
33.79061
12.95644
47.90503
31.19936
87.08468
48.79009
54.64047
12.08359
55.94044
35.74052
25.90058
75.26509
56.64633
77.63516
53.46127
57.58763
85.06712
42.66479
59.69233
93.17335
42.62429
72.73812
6.02154
98.63661
16.88230
51.37361
53.28877
97.52191
18.24458
95.24111
49.78874
86.91836
88.00126
57.42155
32.33297
17.54036
58.80158
94.23730
98.70124
60.89900
85.10871
24.83311
87.29045
50.97267
63.84760
77.58703
0.40367
16.32660
88.65626
8.66758
0.07647
56.64838
82.76504
59.67367
92.71921
17.51569
11.08640
25.44429
54.93279
52.37877
69.80960
26.14078
50.22454
97.61364
22.79229
21.08944
8.39210
8.72664
57.86259
41.62687
42.22907
57.93126
84.46228
68.17832
46.08266
76.60324
24.13504
61.51820
94.76091
46.78070
25.31142
6.83943
73.46217
26.07730
19.82354
33.73929
79.25032
44.12958
27.51446
49.12457
3.02985
20.32304
15.46417
65.44505
20.06369
90.81193
54.36763
69.79777
75.18022
67.67324
76.08704
91.98121
4.97049
79.32645
81.68017
67.07124
62.56614
19.24292
95.84881
29.67227
3.34872
99.39343
87.69233
61.92889
43.14477
44.28556
69.19558
56.67241
44.90798
9.03082
21.24556
90.65344
31.93535
35.43786
32.86102
77.70222
32.12692
87.01447
16.22429
71.80417
46.57397
16.36124
57.35472
94.64483
28.23277
34.74659
57.32462
79.95073
6.11191
21.35060
70.98457
41.08504
90.51201
39.97269
1.79562
64.06160
66.88482
50.25251
96.71403
86.50023
54.33710
59.48271
23.03273
91.58457
11.82942
29.54075
91.72492
24.93658
3.46532
65.74846
9.57143
62.00668
13.50785
55.08562
94.27576
6.55671
11.22029
53.71714
74.16063
39.64213
64.79815
33.59505
16.22160
9.75611
95.53101
1.27254
2.86165
34.79087
72.88101
7.11029
18.32460
94.70907
8.59357
44.81268
49.56439
0.45372
2.76477
96.20007
81.78828
97.55669
0.82692
5.96332
40.21831
78.24767
51.60860
18.71850
79.66060
53.59334
58.46933
23.07858
42.07587
31.22266
48.99726
34.89718
30.36718
71.75887
47.69500
14.45331
36.68663
87.34788
13.42020
30.86970
22.09111
31.93347
0.54368
45.32625
98.02019
12.59222
65.13825
41.93368
96.55959
38.30629
