19.90136
79.17075
49.88663
28.34904
22.80350
23.51715
82.98000
91.78818
71.33586
93.55991
89.86603
56.88888
37.03932
44.07756
35.96384
58.74640
75.87503
92.44656
89.36760
59.99023
71.81211
39.24135
8.04080
10.39337
15.97861
68.40501
72.61392
55.89227
79.51579
66.54902
44.51668
32.30380
59.79752
50.93754
45.19140
88.50838
56.59004
0.03395
7.29890
16.15802
75.44833
91.13492
19.12177
11.41715
61.61167
96.69962
6.22290
55.18275
96.86270
88.27805
20.02232
23.61432
15.29190
31.39513
57.89379
71.07478
62.74937
80.68552
97.09335
31.48055
29.43823
4.46239
95.72535
10.13912
58.44372
30.12525
73.15193
62.53497
74.22797
64.05866
97.64957
81.67408
90.53335
75.90181
37.49768
77.93690
40.92531
30.80264
91.29750
28.96146
43.71262
68.32254
96.29556
93.85565
31.44154
78.44333
38.65388
43.54102
71.52505
57.77922
5.93467
93.37038
49.88346
50.33253
28.87911
52.70993
4.56154
94.02884
77.13602
76.63673
95.76717
21.02168
92.58601
35.23487
22.47622
71.15747
3.51036
78.42797
68.43999
73.45824
7.70449
21.83476
5.01215
78.51164
55.76175
1.08014
8.87875
48.37371
42.77221
62.60839
10.96579
51.46560
11.81123
86.19254
37.93618
33.92885
85.04700
93.12316
1.72836
10.79779
7.63740
67.82799
60.01385
26.86232
23.53281
76.33053
47.31822
75.85823
82.15867
55.29150
42.07835
62.86147
49.40589
99.07148
5.77953
6.96329
71.17602
7.94948
42.43213
15.05533
58.86168
55.72748
17.23630
32.15066
5.52147
47.40996
59.18968
89.26176
10.65982
58.05122
81.36658
23.80374
97.43092
21.88469
35.32346
68.44805
44.86679
64.76317
9.99023
27.53529
21.43923
97.51534
10.77223
1.16757
54.95868
57.77400
10.53200
56.45247
88.07181
73.10298
99.10574
34.97988
22.88494
82.27046
40.76681
22.15410
53.88439
15.12843
23.32957
39.41755
99.26777
56.06522
60.47461
94.00847
18.91396
51.41163
2.11846
57.97518
4.22931
76.86895
98.62369
4.32465
37.76264
55.36729
28.52628
74.93002
7.42068
56.77748
84.42328
8.35898
67.78928
65.06894
38.04135
76.88496
81.93061
31.33790
62.56757
30.54526
16.94373
70.91660
58.77972
1.81315
63.51684
25.51923
67.87409
3.88866
50.89701
92.57228
25.22174
44.22692
40.13016
54.34619
83.66349
48.76862
96.82088
82.01189
57.99674
11.30310
11.54153
4.06349
77.55505
33.67015
72.69298
71.95253
88.20775
33.82428
10.35582
86.89285
21.54591
99.33746
13.90304
36.78954
3.75601
70.52588
2.18951
69.11763
74.94869
0.72911
12.88171
73.82078
49.27227
33.74976
47.92830
64.54610
5.44800
1.06889
42.34578
54.26046
98.90756
56.69799
92.56384
70.89608
29.93186
49.17251
32.67418
69.47055
35.59236
76.70753
23.32493
70.09490
50.12869
74.64826
21.65267
15.89820
98.31059
70.84235
62.85309
50.20490
98.64704
81.46304
7.75473
59.10387
37.92998
66.75374
93.73888
20.45337
83.48430
35.14482
22.86734
39.08566
38.31924
15.51278
90.41949
22.81153
49.98896
10.43172
34.66327
78.26523
21.72406
23.05029
1.55927
38.82782
99.08033
61.90858
46.33617
7.55076
45.16021
39.43952
7.89952
66.83233
95.90500
73.06875
3.00470
86.32688
55.81128
25.95138
77.24983
84.04650
61.96397
83.16139
78.69839
9.66991
47.76371
99.61288
69.34921
26.34293
73.29928
83.89888
74.25067
65.14047
32.18503
73.86692
87.15698
32.24492
62.83328
15.30885
26.38623
53.90917
21.88394
90.67851
46.61652
54.66116
6.12642
50.03629
0.63129
67.80896
50.58623
65.03586
8.55754
10.01158
44.31734
89.26751
57.06087
94.16865
69.53147
21.97002
83.83458
32.97638
35.65401
79.38087
9.80990
62.96775
62.27892
64.84835
36.47895
64.63343
59.00521
52.24061
57.22958
12.85837
59.99845
10.68875
30.16462
59.94535
29.65104
58.78066
57.84624
73.42966
2.49626
59.34031
13.90701
9.42639
21.79228
52.75920
7.82268
47.82063
99.14342
32.01204
7.58097
11.35435
39.02489
16.19967
7.02904
84.96897
32.64157
59.61712
47.55500
63.51730
15.62182
4.18084
20.60794
14.18920
68.86202
13.41208
65.91064
38.07243
52.15722
61.31217
3.65961
64.84627
77.63513
54.69834
71.88491
68.33250
26.83454
39.39078
10.16449
72.50387
40.82856
71.29582
16.40091
8.46849
12.66350
93.74504
62.75327
94.88029
68.30233
85.02189
80.23519
55.59717
59.59003
36.86620
77.49769
32.28566
23.47485
14.97637
81.60860
58.30304
32.28392
75.28818
44.43773
18.10340
10.70950
26.61150
48.56482
90.73397
89.86420
71.15665
63.81562
78.03359
68.34154
6.30900
37.76113
0.04053
51.81722
94.04569
70.68536
12.24206
90.14331
65.86038
51.18860
88.01798
6.79797
74.36182
5.38545
91.99743
85.79368
73.07067
78.01712
64.47083
10.52802
30.96527
94.13118
34.40311
35.40330
64.98849
40.61665
89.55105
15.36596
62.48741
38.58447
58.33601
26.89196
49.60605
17.60335
20.92066
55.03604
20.84062
83.42577
30.04805
75.84626
42.41008
84.43594
6.44567
88.50650
62.42411
66.11170
55.91163
1.29338
29.69085
52.48498
89.72809
10.92211
26.17502
28.85248
34.83928
42.57404
37.40619
65.29826
67.33459
20.02524
0.06273
47.88146
83.71054
58.29806
92.22990
7.44256
94.46491
14.70245
79.04856
79.39781
80.38686
17.45117
90.64449
59.05032
14.83194
95.66646
64.74004
35.68794
40.39954
13.14153
48.10876
92.50477
37.79262
97.49341
88.79249
1.57348
19.75267
31.85169
12.95383
61.24233
41.13379
84.57880
87.77190
45.45512
52.95892
20.18130
61.33738
9.16028
68.95553
73.54964
29.86025
31.97970
59.87010
86.31995
9.87371
63.49226
57.41724
22.89288
93.70565
37.98201
27.96810
35.97060
37.40165
54.47448
62.78875
45.68308
30.33584
43.55235
23.18076
91.24499
54.24145
91.54169
41.53285
63.27688
61.86230
61.23250
14.82660
67.88613
6.19872
13.65805
62.99934
45.34680
9.36066
71.82423
29.89681
74.58582
19.20144
91.24807
47.43019
18.88782
75.74695
80.32488
24.64882
63.99323
85.31192
32.60773
38.10588
85.16481
13.51815
40.31667
90.73943
97.61041
38.23560
77.89564
0.44516
69.58930
28.19478
26.60579
18.99750
50.88294
15.10681
39.78801
52.22224
25.81378
97.91110
63.83006
37.92757
59.65207
71.56054
81.81362
15.35392
75.21751
64.56201
92.35283
48.92410
64.88613
92.07302
74.32013
69.20325
61.18240
87.19386
0.89028
52.78098
20.42950
93.83126
42.26920
5.98087
63.46134
7.37507
63.48717
41.79897
20.23979
92.79822
94.66338
61.17032
74.42077
62.12216
80.41086
74.70321
10.12953
60.03383
2.94012
23.96674
86.17564
98.44434
82.15938
41.81431
66.62968
15.81695
43.69666
48.63811
87.00310
28.17918
80.31376
39.30100
89.92074
17.84434
21.46235
17.57166
47.46191
91.39666
76.78564
6.94052
43.64456
86.42618
45.10216
84.00779
0.57343
41.53316
69.89219
37.17144
12.75517
76.38359
72.37830
93.58383
94.46085
65.96904
39.32257
55.74591
3.93537
85.80851
41.41589
28.68756
75.67308
37.41167
82.84386
36.40597
89.95025
60.02247
69.79531
69.70198
81.48559
70.06494
92.25888
50.05230
77.87237
42.87016
83.20156
51.57468
78.97503
1.73909
20.52863
40.47917
97.83400
85.54617
66.48123
53.04270
59.26830
32.40794
95.01783
73.81253
41.66812
27.50430
53.04677
80.17058
49.85295
70.68600
29.38748
67.39751
21.92243
75.53999
41.16741
67.22052
48.00293
5.18058
95.85985
95.83239
57.57472
91.81864
6.93966
27.47024
35.55480
98.80118
74.49767
48.19608
79.93329
69.71531
29.71530
12.74486
39.13933
34.54753
81.50956
97.81833
61.64703
63.90305
57.07982
31.63651
0.59490
33.41934
74.87952
9.04205
68.99117
83.97132
88.97152
8.91314
72.28780
33.67667
21.07278
22.47037
89.79045
56.83455
16.19294
78.49574
75.19293
50.26906
10.90876
36.36912
10.42166
86.18560
95.94696
2.35506
43.58169
2.26387
75.61075
87.38978
46.53597
86.70554
31.58739
80.58819
81.11593
23.96462
28.34955
88.44484
17.92988
38.05758
16.14996
33.02743
64.25372
76.78339
21.38856
8.40182
88.11302
40.47116
2.47859
78.05631
17.63539
15.34492
11.54186
0.44532
98.92014
23.80258
50.47420
25.01567
31.43719
32.42546
19.31388
61.41526
86.62035
69.19595
7.24493
55.24491
21.35488
57.69036
99.40317
38.76648
70.90671
4.06237
27.11141
0.67413
75.82389
18.59035
95.08508
15.41137
18.73886
38.42308
50.02355
58.67033
73.91455
10.26741
88.84017
72.09564
14.06212
58.02267
33.97994
18.60464
23.63390
30.77617
45.82841
54.23723
0.45130
38.06984
60.02608
92.86489
25.26338
77.03695
86.60364
87.47193
45.94345
20.05422
0.51779
45.63532
53.32941
36.32407
50.83083
17.65502
74.70379
32.58411
36.79007
36.70845
9.40005
36.44380
6.58081
41.19095
11.33915
57.06278
21.18685
7.58803
29.52035
14.63594
79.06020
28.15419
45.65872
19.53413
45.07053
64.78007
25.80649
74.27796
86.48850
1.57665
5.90669
81.34413
14.22936
6.27931
39.20135
40.80228
93.58554
10.13908
51.97811
18.91161
1.60765
44.90547
64.30296
81.48432
5.72136
89.55116
87.20291
24.11132
16.13589
60.74119
27.87382
41.00156
49.99767
27.24556
19.97015
83.67034
97.27601
27.40862
54.96780
19.98895
46.88545
97.37561
97.49484
45.69834
8.56784
66.06361
24.02500
40.08947
87.89005
27.90441
68.77819
95.98905
93.93311
37.42691
27.59115
99.94856
89.83638
49.41050
68.03193
31.21462
82.36311
83.65544
47.78555
26.28997
88.03652
23.03363
33.68482
30.35816
89.67503
77.39430
99.51040
64.57799
87.24694
59.51002
13.18369
43.64814
43.36939
4.82334
53.86270
31.77025
9.31499
62.59460
78.28814
80.94818
97.67286
38.90901
51.46008
58.98503
97.38775
10.31745
96.25759
82.43753
88.22081
95.97288
87.78850
3.32223
71.04968
60.08126
3.62625
59.32006
76.00866
47.39884
95.12402
75.64476
6.21268
15.42369
83.55664
50.42081
51.45447
33.35435
34.34984
19.79636
27.44875
28.63557
51.07963
10.36717
39.26211
76.74186
95.28917
93.21677
58.69671
86.92259
36.06548
8.11795
59.41014
61.46268
81.87358
33.69887
61.06590
72.01081
26.72265
8.90861
70.40412
19.12455
47.14373
43.93686
69.44636
70.39296
95.39036
98.01277
34.16099
13.06634
46.24519
41.98041
56.03258
13.04911
35.38264
40.21624
98.72526
25.00467
29.01872
22.65038
10.49947
43.70500
43.75112
54.67426
64.49036
39.19779
86.08150
58.96921
40.39834
74.37183
64.13461
95.97128
55.39518
85.95544
52.50912
22.03794
78.75192
11.57833
76.92993
10.37476
16.52369
67.72841
38.66939
9.27364
76.16869
83.59842
54.33228
19.52934
7.99235
66.57113
58.94652
96.94578
86.78665
88.68099
5.71405
49.76214
38.65666
47.14859
47.88604
30.66960
68.45118
77.59104
65.64800
94.40849
92.71782
94.32442
37.33764
29.71777
74.02835
81.44331
44.97431
64.33555
57.69775
13.35394
64.10593
25.57500
48.23454
21.23286
63.69719
83.46254
76.90772
91.08744
13.57829
76.78502
15.02286
20.91908
38.56026
22.73562
28.29781
66.32211
8.70318
75.48549
2.52221
85.02829
65.82002
47.93296
66.39923
62.61584
86.48477
59.74935
30.88917
17.05256
61.78836
55.84010
82.31405
88.29044
8.48118
38.71096
89.33519
22.61103
66.53613
71.87662
71.23527
13.81234
53.27925
43.49673
73.43051
75.58247
54.25881
36.69257
89.44349
62.74127
71.67730
79.92058
58.01148
22.13120
40.26154
82.15383
89.57716
91.70639
80.43110
17.54825
45.61790
61.97061
97.12060
49.54054
72.34042
15.81991
92.50599
84.63152
49.72978
60.88225
72.00927
54.77921
87.86900
63.21371
85.36340
2.69120
83.44236
14.33450
13.02396
20.60789
2.80260
56.56630
87.37521
82.28780
48.60010
78.74964
98.92293
44.19920
59.30525
16.83492
36.97953
74.31323
28.23743
26.77091
52.87005
56.76580
5.20441
23.44124
68.44135
44.42564
34.26010
21.38377
10.95204
9.61993
53.07417
70.14558
41.38010
77.55808
75.37128
1.22911
73.46198
15.51668
23.00213
15.57947
18.58640
25.40163
0.92633
12.62973
20.83839
61.36920
73.20349
37.98107
76.93073
85.51181
81.04248
87.82722
23.55753
0.76234
97.01728
44.42839
32.78099
1.13005
93.12634
9.01244
19.90598
44.27530
94.99962
69.37036
6.48424
12.07862
67.28156
76.92755
95.88963
54.01580
8.78485
24.80383
49.25691
73.31952
81.20312
69.91843
7.22888
26.03499
7.63214
72.63304
77.19192
69.51151
52.82435
15.58092
28.41553
88.46899
72.24307
82.95680
93.82909
58.46754
30.40672
23.97267
66.62279
15.51560
82.24007
39.77136
99.19345
23.26634
16.50453
74.76873
53.11230
23.35658
10.09683
82.48807
78.80909
48.36095
92.70108
28.66348
50.11282
97.57908
59.02967
79.71849
79.49499
30.49157
29.40545
68.56979
55.06824
22.34270
87.07184
20.13414
69.19418
61.28706
27.41059
25.09184
37.23094
23.76866
84.44073
45.16923
14.61557
86.40741
67.22534
10.49436
64.67081
49.00286
14.06299
5.37803
91.79566
31.48937
4.91984
74.50500
60.86924
16.05582
32.41005
40.94369
90.55260
37.39307
73.89989
14.57075
35.77503
17.46774
18.67896
6.21944
98.72531
21.33262
34.89810
84.78031
92.86526
0.83323
1.33125
17.33712
66.80530
59.88234
65.34685
68.78960
59.83722
42.15720
33.03524
63.99827
94.41822
48.77165
19.85786
36.08899
84.97517
39.39164
54.39925
77.40619
42.74810
93.38623
2.40926
78.74132
91.74963
5.34534
70.75828
16.76992
67.80840
65.29825
98.25237
94.71067
44.21996
51.96770
30.12443
55.36056
94.49437
40.67905
27.53364
44.47846
35.48845
39.50371
61.74629
28.76466
13.81670
24.61229
73.55382
59.18856
2.47899
75.54853
80.11393
96.10701
11.45237
54.61498
26.60431
95.59637
43.91139
83.60388
27.83689
18.94532
75.13506
41.74688
49.46553
6.53562
96.29022
88.17738
27.65131
37.39066
97.96943
22.54833
13.45261
91.77335
73.20905
54.18901
44.65077
3.72301
39.21734
41.01186
75.64351
9.23874
80.05307
46.56840
8.18508
30.69367
53.25560
25.38880
66.60161
52.64345
63.76898
86.21252
28.49275
84.30763
96.96072
98.18209
54.22328
25.34319
24.46541
66.47990
91.67346
2.22739
47.60963
66.77557
4.11696
41.86151
95.03538
22.23345
76.58461
68.57437
68.81785
30.57407
44.07695
40.48347
17.50355
56.14687
74.76283
37.42497
57.79609
83.90464
48.94430
14.01583
9.59434
77.74906
78.50018
47.59184
21.72940
56.29479
58.31830
58.85721
40.34665
38.48510
92.07689
47.14978
22.83341
2.47057
26.29235
68.14951
94.54048
25.66632
48.04453
16.23621
85.32121
88.11348
82.99516
78.86479
24.87768
37.17001
0.40209
79.30334
8.95317
95.70856
51.18661
80.37845
89.34634
18.57527
68.51439
66.93564
6.95953
73.26944
9.48530
47.04680
44.52444
78.08340
85.51165
12.48337
3.74350
95.35378
52.48164
30.16469
69.99259
72.61134
58.32748
80.38366
72.55586
5.89701
27.00939
81.18180
26.13223
90.96510
77.98796
99.50442
25.80045
10.85214
34.36079
45.46748
66.63651
44.99305
43.76430
94.24205
67.82777
91.93432
12.06489
85.81225
94.91151
62.38868
55.55012
82.83014
5.97767
41.81935
67.33403
23.42533
92.51262
75.92456
83.23834
86.76822
51.25645
13.78853
84.86440
3.08855
80.71743
74.82203
76.47788
62.96219
74.56324
69.64346
63.71383
53.81847
75.82981
72.46670
5.56669
30.51834
12.27970
75.63886
59.58797
39.67202
7.44620
77.58521
79.35501
71.87946
2.91957
83.75663
4.48508
90.11228
49.58384
65.61140
46.45620
36.98780
36.32190
7.91793
29.10862
15.53271
63.08827
45.93021
78.98012
39.51498
54.27588
23.73564
26.52857
4.42927
65.27071
69.15092
93.50668
13.00604
27.90182
20.24287
55.55697
36.90633
94.86914
22.65465
3.02048
67.76656
88.33371
37.32553
8.76417
62.03516
40.50288
58.36750
45.87879
42.18698
92.56092
51.27449
65.50446
34.11452
43.97810
46.95638
56.91404
52.01780
64.77767
6.44690
43.58844
84.83144
19.60753
70.15242
30.99212
18.34496
57.15728
79.35547
20.59997
51.92676
54.05272
54.02239
2.89759
52.67421
92.48697
19.48263
19.64382
0.02302
31.64409
98.05158
50.36372
57.55650
7.76982
96.83746
70.60716
79.10413
21.97476
71.34900
70.15579
68.83397
5.60634
43.74549
51.41267
44.35850
73.48928
65.23327
72.88751
28.23629
39.02663
70.66847
90.05148
14.77991
57.20684
5.33770
55.86089
69.09202
59.89543
82.06158
92.71985
67.38359
85.59453
93.63361
2.66425
4.42964
31.97181
93.24534
24.45813
13.53568
44.57317
44.22244
62.50097
32.55049
76.12787
65.61364
60.30822
66.46213
34.11980
16.97915
44.15442
78.27366
1.77137
81.17287
43.50477
94.08730
56.75704
77.62683
58.30848
21.64092
30.27251
78.25971
11.40891
68.63772
26.20541
72.72828
46.87447
24.25787
99.45816
5.65892
9.22215
80.81974
8.39510
97.68920
43.45716
51.37612
19.21899
45.59530
85.47426
81.80940
73.20731
57.45976
38.21029
64.87804
59.63534
78.70457
61.28739
74.15925
96.52659
47.23348
79.86576
90.93108
35.94091
31.64374
83.25251
29.88420
95.99326
73.57289
88.34980
60.38535
66.07610
93.63912
42.80910
16.53422
92.61377
68.79359
42.55552
1.70480
42.72764
17.45448
84.76173
35.15346
34.91616
3.79800
52.03265
22.33219
75.98420
92.78101
19.50725
24.22112
97.94371
14.62083
66.81998
37.19853
15.16697
24.94020
1.73448
2.58282
43.41931
32.91563
59.66321
8.98083
11.12608
16.35597
13.69939
64.47516
35.86247
21.53767
39.93591
82.06105
1.86058
6.30332
41.86785
61.95341
11.54286
61.14472
69.23257
41.52906
77.01171
37.07642
84.67220
8.94168
64.40275
34.02713
21.90281
26.86447
36.72297
60.73456
30.21957
63.71259
7.06134
53.93608
81.23072
89.81355
67.20994
65.87851
43.66151
25.86674
82.74629
19.19939
0.63530
7.98376
8.51154
93.96898
63.11278
50.53140
51.70370
86.19847
76.99686
12.06458
45.61134
6.78386
0.87839
92.95320
96.28798
75.89621
16.90407
18.46157
58.47004
82.30910
47.87035
16.25851
6.13076
69.99505
20.52533
85.43285
84.19346
58.85728
52.27546
69.35804
44.73269
77.62364
17.28622
17.10882
69.99219
29.66162
76.95716
62.23018
45.37411
29.29803
41.58381
34.31421
86.85430
94.57463
7.42421
73.38649
80.81619
36.71799
60.63073
4.79324
0.09295
82.65416
93.76493
25.55146
58.88194
18.85833
47.38507
58.14521
99.07233
96.56164
97.40471
37.94500
77.08444
67.32595
25.41552
69.94803
48.36987
41.22064
52.19276
25.07692
54.14322
96.28097
48.61551
53.64820
65.58239
90.43996
74.89888
50.78904
62.31170
87.24590
50.28764
92.03949
83.14111
95.89840
49.68717
92.63801
39.42404
70.41648
91.78966
11.94272
0.18992
12.04253
78.58086
7.65871
91.99075
87.51882
81.76067
88.71214
77.71080
37.52525
21.73270
26.82776
36.85822
90.63689
28.79177
37.59747
29.56301
53.29749
65.25990
63.90449
38.97291
61.02834
26.22453
63.11753
38.76433
95.65370
12.08443
50.49084
43.59862
0.57994
8.24701
28.59116
22.43207
83.33966
56.79049
20.59073
87.28812
99.33940
9.50097
34.39447
94.19530
1.16850
92.82313
51.46186
82.75009
46.46112
61.45012
77.40758
6.79937
74.46761
21.84962
5.91262
60.19009
5.97190
11.32545
34.16726
5.09959
2.08435
86.52235
95.72229
66.98146
5.87200
8.54719
46.54621
89.46216
72.45657
97.13822
54.30380
85.87295
20.40682
34.95176
76.03539
88.96732
40.45974
88.20851
60.87866
6.27912
71.35525
38.26184
73.74163
51.58654
2.94549
76.56890
73.47508
1.16183
79.63061
86.26845
54.34170
57.04252
90.12985
72.09589
80.50264
46.62566
97.26238
74.21360
53.35720
79.94079
22.75543
62.22730
3.84611
80.42527
91.88129
94.65716
18.28357
72.48053
46.36960
27.62996
99.66683
50.76166
17.03239
75.27930
25.35263
25.88833
0.28240
38.92550
91.47444
28.30561
41.62254
77.43127
53.41082
59.13352
96.48777
74.34159
69.08967
65.48389
56.24606
37.36143
16.96175
0.47306
17.12986
27.61307
57.06994
90.39917
11.07231
27.36227
7.74966
15.82718
24.62990
40.97086
85.83247
31.51690
89.68756
46.30712
21.62794
34.22614
40.04504
84.42985
77.12093
72.06011
80.47965
97.97192
58.70349
80.27709
27.51118
13.84374
47.82854
17.56934
13.51244
46.97575
8.79125
53.22509
76.14908
45.32451
99.32652
6.09730
2.31421
12.43684
17.13032
26.20632
19.33377
78.79406
87.96517
39.95382
63.65788
44.16330
62.97787
55.63119
1.70220
84.12572
92.13365
96.01630
67.19695
91.27027
40.49872
37.95891
8.85299
70.80373
16.35320
4.26330
21.37210
75.28864
68.38291
26.50919
80.82710
34.26606
17.47581
97.35027
44.47951
75.43224
62.68357
16.93684
91.57508
37.86332
70.12980
24.91838
27.23986
19.97174
13.41413
30.33504
11.08085
99.18552
69.03044
85.55431
45.26883
9.68844
89.93130
7.21236
48.27485
42.71535
18.06364
11.09084
12.13022
51.26623
50.09633
49.05164
23.76229
42.62443
18.57348
87.96675
75.40755
60.57992
66.00702
11.25353
75.24608
99.75045
77.72926
16.04496
99.70472
23.40025
45.94594
10.87780
72.71617
67.03656
99.34821
54.03374
57.36220
44.06492
9.93002
78.06054
35.17241
92.44810
19.76523
2.11152
7.12139
7.08052
51.92964
0.11606
88.33164
84.96997
0.74478
41.86970
16.43778
35.54573
86.16122
47.48615
24.30490
51.73117
1.82787
72.05844
63.38895
94.86540
43.74059
41.50998
81.52057
72.70495
3.73766
72.56383
20.64472
61.98265
24.12038
58.98373
60.15237
75.44188
20.91356
79.38984
84.94058
46.71401
53.87954
91.70397
6.63489
86.76689
67.73662
71.52459
56.89430
41.16222
1.31944
98.80052
98.04554
88.83192
9.27832
62.72695
30.62540
35.07773
6.81878
92.75103
62.35267
56.18588
38.30575
92.64328
41.09219
94.33903
43.59390
34.59609
57.05759
80.35038
87.74251
70.16434
66.50546
50.53098
40.67594
2.70692
22.64797
4.24704
42.52614
35.72859
64.28668
38.89685
79.47546
3.92186
54.26366
79.86170
66.07461
51.82754
31.09759
36.41194
69.81584
63.87983
4.87503
80.54495
44.52091
68.63532
4.69242
83.54071
94.81890
89.25284
16.26254
80.91865
29.36944
24.91047
79.96725
15.37739
85.53030
7.81225
16.18580
3.06575
82.66197
94.40013
9.76470
65.54509
83.35613
95.63501
70.23827
35.16498
34.88621
98.20528
59.55280
36.77769
0.25727
87.05678
38.70003
89.07799
57.20634
14.45176
75.80061
51.99442
65.56297
43.57491
49.61939
69.75607
76.56595
89.65334
32.61689
19.35398
12.64358
95.92099
71.98469
1.81828
22.79052
10.67503
0.48628
72.56133
37.40250
2.81872
22.34994
42.93720
48.80706
6.50779
75.24307
64.32913
18.63787
9.41473
70.98753
36.21649
33.40299
29.86066
9.56955
53.44666
70.54759
83.42532
49.97932
6.59072
90.94717
40.25941
79.08048
21.31744
87.79501
27.71199
0.81229
31.65260
90.35043
74.57822
50.41662
67.63908
15.94655
23.23926
62.85709
23.92110
90.26484
46.66597
46.30425
28.59811
23.51543
90.66246
33.30451
59.90576
95.03750
84.17245
5.87376
95.28753
52.14418
98.85027
71.03473
82.30041
50.66462
59.31157
86.29669
68.43694
17.74766
57.81315
66.64364
78.08737
79.34705
51.37739
88.38901
42.55972
38.14409
15.04089
91.28079
65.75363
81.24347
63.55964
24.22808
2.91602
50.24112
48.47709
38.50165
60.17220
50.92841
13.67760
19.45813
64.04705
13.40457
30.10749
23.81575
46.74417
2.45772
95.29974
33.43305
92.12509
51.42301
23.44654
43.56474
36.60326
87.07358
35.61937
11.38327
54.51088
76.71209
6.93675
3.98329
33.06894
66.07453
21.88012
26.16784
91.45609
62.56160
56.08505
72.87044
86.02856
61.33031
58.96984
95.14837
22.90935
9.46624
76.49538
75.49536
55.45232
83.50392
40.63106
47.90422
42.70896
61.36414
74.27050
3.74216
0.57347
65.23845
99.34110
33.55904
43.32983
29.51263
48.88223
77.37400
63.51985
70.19733
37.15916
41.83618
20.31505
81.29948
81.67267
78.80423
97.52659
99.13482
5.05397
78.02529
24.14287
64.39864
60.60126
49.20133
52.85295
19.38614
20.11055
87.48552
81.42449
56.80247
53.30463
53.97164
79.55668
90.39294
39.12836
31.35537
2.41884
30.23088
67.21390
90.64814
29.96255
31.90461
80.57435
77.23633
93.98838
98.02984
54.84068
28.46138
34.72894
2.77469
31.97901
68.66104
44.71322
99.59779
60.40333
76.26757
83.76487
36.93927
1.05309
25.77271
38.94097
40.01485
90.18986
84.98590
86.56829
92.86220
74.41873
2.05135
82.08497
1.42816
58.09271
12.30354
14.01275
85.89377
10.40302
51.88918
4.34436
25.32252
59.41793
71.33675
13.29558
19.38276
99.46530
43.90140
77.02474
49.89691
4.23108
10.46521
92.26788
45.79901
16.54892
10.82117
18.14317
40.21823
35.62478
4.44344
70.26949
11.51136
44.71534
94.76574
10.94495
44.35264
31.13056
0.39237
95.73759
15.25929
99.36844
71.38874
98.70141
52.35528
59.43249
46.56473
66.64185
69.13895
60.54521
8.08341
3.30210
63.35986
32.60549
84.18190
42.72338
80.21487
39.27319
52.39961
77.96891
51.79927
80.96262
81.62864
50.44324
55.15508
71.09308
58.98226
11.30375
8.47172
85.74213
20.72110
43.85480
15.76235
87.16673
8.96435
32.72703
63.33051
42.82195
64.47597
1.16535
9.08441
90.89423
80.96623
54.41407
30.14484
82.29369
38.54558
70.27050
38.38087
9.58428
0.97766
60.06642
23.41950
72.82042
72.17557
65.22801
82.11737
79.88706
62.76560
31.68824
98.20568
40.37634
97.93098
41.02740
10.95860
91.99842
59.25183
73.20087
57.95415
44.49715
1.35581
62.14264
53.99056
61.92794
91.36244
96.96321
86.12106
71.78618
73.87366
45.23225
35.57231
3.02851
36.28820
66.04967
63.83412
40.17654
30.15089
92.44224
62.10955
86.08701
19.45004
79.79092
4.58076
76.89036
50.21706
97.11080
10.37711
92.25846
67.57112
98.75763
9.37495
43.98421
72.71885
49.14007
10.10945
85.67122
14.01803
39.96873
3.33779
79.73017
26.00334
31.42263
10.87487
57.74640
82.43149
17.49112
84.23081
28.70592
75.13056
30.69105
36.44676
47.56362
32.80883
31.66078
54.99327
43.43386
38.07498
13.39893
38.35766
25.52660
54.46735
64.00712
77.58676
4.55942
61.75749
29.28140
96.90609
42.93188
66.36095
15.26182
53.23837
11.64712
84.21366
7.23329
35.34472
11.90892
79.00707
42.10332
69.86833
0.50898
24.15723
5.91335
87.60185
26.77288
44.56962
76.80906
67.29508
32.26931
61.36039
27.63475
19.35957
28.37456
78.94086
56.76621
61.95609
32.43688
94.56688
85.00357
76.21247
21.93178
89.09559
61.27491
75.87564
78.12365
67.96969
38.40609
7.41921
92.63655
58.18797
12.43416
32.51733
39.33314
49.66426
22.39001
29.76756
57.72664
72.03049
77.64125
77.05739
17.56341
43.06301
67.25764
18.00720
26.20444
36.87645
58.55944
99.93114
40.51168
24.24269
25.13692
94.12610
65.91001
35.25717
25.97628
80.84658
86.48411
96.82574
93.77909
45.98461
49.58543
44.03950
70.74187
80.11887
45.97147
53.37935
65.35643
82.36499
66.83525
2.14840
18.28266
4.24531
65.44664
19.38659
68.05143
82.20086
28.76163
74.11792
81.63306
66.22535
59.50502
2.54495
64.36095
58.58071
73.30952
72.43983
20.02492
93.21727
86.53673
25.88993
63.97785
14.07370
41.41703
44.38444
71.78490
24.09860
17.97214
12.66165
24.92959
43.45398
42.35696
14.62155
19.62191
17.81361
63.40688
37.71428
56.10141
63.36673
89.21550
30.05586
44.37330
95.70634
11.58995
7.36855
11.21165
31.52174
0.24651
62.33922
5.77435
1.74300
23.67324
5.29874
43.18598
73.05364
78.54585
43.14321
24.61605
24.44714
47.38011
70.66844
10.56502
42.60885
53.00443
71.62159
50.20014
55.17459
47.47909
17.42850
48.50628
5.21212
3.39911
94.66131
71.45490
80.63164
67.24153
95.61346
74.50590
41.27111
92.89478
44.74415
20.86281
35.31893
60.98905
50.73800
42.55172
1.03891
36.16365
52.91325
56.78569
26.71745
47.45340
15.96079
66.77407
94.15239
46.37616
96.04058
76.69500
4.61750
8.45888
14.43896
55.86736
60.70154
28.28177
4.73264
24.24149
6.33940
22.90376
40.97055
75.38400
95.94908
2.63073
55.28773
22.44770
81.13568
45.01918
55.68034
10.39589
47.41396
98.39273
37.11262
37.93779
20.42613
64.78217
94.73832
60.93609
2.01192
23.71521
43.22372
2.03542
70.29204
14.85921
23.42691
30.56332
72.57903
89.53737
13.06487
89.91758
71.88141
91.87512
85.36676
15.76211
19.76911
19.55212
56.53333
26.22599
73.85261
45.53348
33.30614
96.77001
2.42101
34.49949
53.24791
22.66307
58.99730
21.54771
19.06114
44.15095
8.92925
31.71901
49.80162
37.82063
59.52430
92.67918
50.42008
71.80413
76.13999
54.83139
22.58849
11.55301
12.64817
60.68275
37.36673
43.59150
44.77555
51.80628
43.96063
36.45283
63.41357
25.83817
72.72897
0.26147
18.35026
10.38569
20.86524
66.68375
85.68422
89.54287
89.57536
85.57044
0.06589
41.86491
20.00093
67.05750
82.32941
3.97815
93.21315
45.09588
34.43069
45.12489
1.72736
92.30447
70.36362
27.17666
48.73891
24.97289
30.98358
13.43660
38.30249
12.42384
70.15679
2.84810
13.54480
7.17471
90.46190
54.93865
81.26089
66.96816
17.64177
33.36814
98.42584
42.19139
13.49014
94.92462
82.62917
29.90799
28.87569
23.03697
44.39823
45.99343
82.70140
28.70671
19.85742
46.94463
88.46876
35.63204
25.03344
61.69631
23.85330
19.35054
32.65292
7.12919
98.92849
99.78431
7.89107
40.58565
80.45094
5.41546
25.97047
80.41857
14.90423
38.91470
36.67645
75.45717
88.00550
6.53007
90.43435
59.86736
89.13107
44.71476
29.92204
70.78945
58.70909
73.73941
70.43468
35.50141
51.67200
93.24956
19.29190
22.75475
14.41928
20.32653
86.91594
58.89412
63.01275
85.61157
62.39079
32.16939
35.35439
55.67899
13.72824
37.09473
31.55207
16.35932
51.62407
49.06646
21.73713
18.57166
11.48698
99.06544
71.49337
45.06960
87.43017
93.94343
81.31959
61.24551
68.38621
38.00664
22.41110
1.69146
53.25982
89.07924
72.34479
88.29134
71.62216
73.72448
22.81286
91.15926
39.25090
39.79117
72.52254
78.48507
0.22573
40.63223
89.82899
44.93707
43.11088
51.37917
25.25354
76.53435
47.51035
51.15556
76.43223
28.94738
99.02469
85.40891
51.49589
15.01616
45.22985
18.94499
21.76573
89.58399
71.44349
66.95356
90.31099
5.81700
6.78382
92.32281
58.81453
17.36632
59.49831
11.04399
1.95743
18.40546
26.32797
50.63658
44.11512
80.20179
64.91099
10.71154
36.29312
56.29975
94.61222
99.75220
21.40692
96.92574
37.62523
11.00210
4.24292
35.99629
73.31796
28.71229
56.41056
61.90641
24.98244
56.67247
94.96242
14.35767
72.21023
66.83942
50.25673
87.97789
79.86625
63.89321
70.54205
10.76571
78.93459
89.62870
8.86763
77.35327
78.13645
67.46492
98.47972
62.58724
88.90800
95.60038
95.39220
42.51570
25.14301
24.98883
94.76726
27.63398
19.53021
8.18700
38.25593
63.07282
39.28974
0.49977
28.18296
80.52307
43.23279
16.94440
76.53861
44.08763
34.93063
34.68514
64.68251
47.00344
5.94550
97.83170
53.19947
21.64545
50.51113
3.69407
37.37262
24.93694
96.05456
89.93946
86.74708
61.11020
88.59493
20.68689
88.85517
70.32119
42.89615
64.53036
82.54119
48.62193
91.09388
56.24464
31.74430
15.40561
76.75610
14.21911
55.60679
13.02076
24.34422
97.08708
53.52534
96.34370
39.38957
15.68604
60.13537
0.91226
93.67506
55.11238
16.95650
65.37032
7.15118
35.00534
71.56742
13.47287
69.05734
30.89008
55.25656
87.89503
6.03417
20.87128
46.96334
80.85486
34.33357
20.78477
62.02841
54.61104
79.14834
10.55872
32.23028
31.21528
13.57827
39.52109
63.10701
0.46569
94.93611
67.17609
50.93226
46.38326
72.83603
52.65444
92.71056
42.72557
69.50382
20.45261
37.32147
82.64712
55.71028
83.15435
7.98774
60.43722
67.73911
88.40561
17.28059
16.57449
62.13798
28.53962
35.14673
86.66116
83.33763
65.78478
64.15376
90.56929
20.12357
9.95744
63.51570
81.08737
78.14375
58.55256
20.78072
2.32094
51.27498
87.72962
39.18732
46.20879
40.00635
28.68854
90.14918
48.53313
17.21956
85.99745
55.57416
39.83841
9.42449
28.33880
69.70551
23.04242
99.62659
40.95804
38.23772
62.02521
97.62252
80.32517
64.61368
3.35797
4.69089
29.62855
93.61507
13.54505
60.27136
98.06411
25.76977
51.04664
7.91706
1.41738
69.26010
75.80722
99.98266
95.07497
3.19823
87.36288
16.34451
29.92387
1.10040
60.80138
44.27527
38.44467
20.78792
97.34749
96.22619
54.29044
55.87075
25.27042
65.51282
93.87527
9.42753
99.62733
88.92872
84.56048
97.41780
99.74720
30.24160
4.33700
67.02412
46.78231
71.03045
96.66017
64.18431
9.19494
46.94320
71.76085
69.78696
37.94750
6.78273
45.72463
61.67242
55.45564
70.63648
43.05612
18.18290
34.93077
44.24432
0.18737
31.69762
36.51129
18.36250
13.09331
96.25532
65.57654
17.83734
91.89500
40.82183
90.45650
81.37194
42.51238
88.94534
39.73372
80.71870
88.69799
37.26794
91.92248
8.83890
32.21872
92.42508
17.66065
93.55663
50.19537
22.05560
17.80128
83.30221
16.80324
84.01496
24.20949
45.95401
66.28144
27.47686
34.23216
80.83240
41.08073
6.03980
85.26265
11.69222
30.99730
33.55048
15.51638
98.46506
61.70279
71.39101
86.59257
1.04054
3.00383
35.42874
60.93861
38.33846
40.40211
2.77237
90.42580
39.37165
42.79276
83.61298
50.33519
71.83378
61.69350
67.45065
28.15500
7.99508
18.30518
3.64130
99.40420
87.06296
30.56542
49.41718
5.70379
44.99972
48.69319
51.48597
21.62584
10.35023
92.11043
55.34722
75.52654
55.91392
47.41575
1.65288
10.16827
16.56867
16.66307
89.74558
94.34598
4.78525
41.07413
33.69395
30.65569
74.31707
77.77466
33.10145
0.67244
53.90405
40.76254
34.11754
54.43851
95.40506
38.18575
45.88742
13.52040
17.50765
0.77552
2.12987
0.95221
45.31115
86.62343
55.87959
62.32387
9.67908
32.29551
12.55167
19.90196
76.89296
98.05314
67.52578
51.09599
85.34652
81.65712
42.85982
99.45490
42.10372
27.70384
82.08589
0.01196
58.83420
19.54242
43.16412
91.41797
18.65402
99.50613
33.40776
50.63153
85.34680
19.28844
80.33835
32.93038
4.62692
85.26851
38.48030
83.58847
49.78843
88.68192
75.70693
49.86518
19.90375
89.50409
18.94417
24.71638
50.40184
39.31242
53.08900
51.00255
54.42272
12.85990
58.10109
31.31077
51.01420
36.66426
18.37160
51.40475
64.69994
33.62162
51.24222
82.97724
38.03808
45.98052
39.26195
6.41916
89.82081
33.09680
81.20232
5.90512
79.89256
27.55203
82.22685
68.27577
79.73541
97.81208
78.81838
83.95530
59.02662
6.03567
78.32225
28.86193
85.50716
82.19438
31.67931
80.41948
16.25555
6.99756
33.86087
59.47656
12.09672
50.77985
38.53505
43.99615
69.66974
48.54831
54.81172
57.31600
23.92532
95.39432
33.38749
30.21521
37.29109
3.70970
49.21499
58.28250
46.44258
52.30581
42.12262
62.64407
7.65863
27.71091
11.29181
54.81300
99.60532
37.26775
66.61673
73.73657
92.35724
60.40678
38.38231
48.14299
9.32488
2.01076
19.06733
16.06909
71.08433
19.45167
19.16267
64.00037
76.66818
76.51260
49.80563
53.98723
46.99387
58.62126
96.89287
75.22250
88.43775
94.36876
76.78400
59.85094
18.99351
27.36396
24.28631
79.75539
73.34122
73.29632
23.01241
47.56130
80.84375
67.51016
32.81276
37.62363
53.32071
6.21081
88.09109
64.23198
95.13626
74.67893
61.81248
69.62023
98.05886
24.34242
79.90535
46.12287
67.20018
55.79853
62.46875
77.16572
27.64291
67.73324
25.01415
92.16981
99.21643
62.82823
73.30309
7.13497
84.67492
5.05071
3.14484
23.61306
96.32520
25.01964
13.66488
61.75592
42.13371
6.96522
86.59386
6.63787
21.69365
32.79394
20.59476
62.04350
65.95506
38.83928
51.39470
45.77479
73.64234
6.71058
12.26111
48.93428
19.20603
91.74771
6.24396
4.97689
9.77154
43.94198
10.35601
12.80711
22.97965
68.28206
60.79535
99.08930
99.38262
58.53771
67.34608
10.35471
56.31335
94.56475
27.11632
9.48888
36.09331
53.33707
51.02095
98.01919
36.40252
66.41914
91.48173
26.15723
56.37488
33.10948
8.25772
69.18771
30.67289
63.17526
98.85758
84.99606
84.22402
53.55479
63.43901
61.04277
45.68800
57.46171
24.29542
17.12226
40.96509
38.92591
28.77409
57.78524
17.44773
60.70254
89.69374
27.37105
89.07745
47.28002
59.29318
98.41477
17.50890
69.05731
16.65025
73.01375
91.82905
48.87585
28.63237
55.07575
94.70744
84.11779
71.44549
12.08062
25.46476
71.40474
80.98928
36.32298
51.17763
2.86641
70.32518
6.49069
31.14010
13.13647
18.85591
91.45326
92.68093
77.35908
50.41984
3.79113
6.76866
78.19828
44.06462
75.75484
70.46349
79.83741
89.01159
75.25846
59.22075
25.08059
51.27016
32.56907
95.11707
77.50858
69.22893
3.07070
87.81364
62.31204
33.69310
71.27239
99.13813
34.02031
15.77442
0.91274
33.71185
89.34896
44.69986
43.99495
83.70565
20.33481
16.20601
70.32757
11.21696
43.94057
55.57544
16.00303
31.56147
47.96013
89.49873
39.46230
81.81563
24.43079
73.90674
16.75034
14.47837
11.77220
78.41706
56.54112
18.89703
39.78075
35.98511
2.38124
23.07632
61.13622
85.16266
42.02673
8.43109
47.95724
67.02319
43.36618
63.45988
97.45606
72.45214
67.84848
6.22690
58.17803
94.45872
49.96060
61.35504
46.22849
10.47603
44.70570
4.81299
46.62711
71.48771
62.13972
66.89256
45.93081
78.58921
84.17963
53.57307
44.19475
82.28021
79.77046
77.75678
26.15923
94.80650
28.80272
27.61131
59.55421
22.98774
54.96159
84.63560
65.45910
22.19453
74.33605
60.51191
23.67305
79.29780
59.85667
71.43079
80.61930
11.03321
64.42934
78.77494
29.32468
1.91589
93.63566
92.80081
75.62142
63.89149
20.83674
56.61431
24.29654
33.99976
30.81023
11.66745
23.09906
39.38100
93.42209
55.59660
4.17679
63.27702
70.21898
64.69051
70.43083
14.08538
26.47655
70.34111
32.83479
24.13041
48.68360
34.49515
20.13993
90.23201
37.28426
53.66384
94.10777
21.44308
81.43360
7.82122
69.37389
46.72944
34.50980
24.56327
65.90583
71.47176
92.59546
4.03683
80.02763
67.69095
75.09871
96.92860
64.76229
53.72130
50.48765
51.87950
15.55248
69.86364
18.79216
68.66877
48.04666
49.32522
71.92606
66.68901
35.51551
83.55334
36.15067
30.77131
93.12065
4.31305
90.88844
95.52058
65.66567
48.15094
54.32588
42.30118
26.27666
75.77591
57.67146
52.25283
90.22169
84.22653
64.77607
53.15476
51.67758
1.29538
76.91857
6.75938
68.10430
51.92799
87.98681
46.80391
29.00500
34.44940
56.95432
98.09013
61.28718
56.44152
69.33454
75.74167
91.22180
74.89413
24.04651
91.27665
58.86635
58.09995
70.15667
64.06865
63.63127
26.51074
78.05264
42.69512
51.53867
97.01112
0.51328
56.58898
67.65839
69.22932
66.60273
5.35251
50.82405
23.44371
18.31403
27.49738
31.31630
17.30564
55.26878
36.99260
90.98481
22.68634
45.98040
99.53556
37.14764
73.42187
30.77649
94.12252
78.69112
36.94335
86.53432
1.82537
6.16845
59.26322
70.45336
37.76150
33.00113
85.83452
68.63160
26.65637
6.88587
94.30353
55.04787
94.17793
4.90057
59.64313
63.32336
0.71958
68.96549
82.60241
36.62716
42.38952
70.09259
53.22411
90.63153
97.55123
93.12146
64.76403
65.38737
13.98531
86.35509
68.39577
40.41806
22.12558
73.60940
49.61224
23.44184
91.42160
30.16442
26.61865
80.41645
38.69972
2.76896
96.37431
33.10737
87.14705
5.48977
22.67920
0.89468
80.53120
32.44823
22.65774
89.59236
36.58306
87.07897
36.99003
75.72473
79.59592
78.40460
42.21291
99.80346
97.11154
91.50209
14.74617
59.45900
21.99123
28.26085
48.86730
55.38505
20.48068
79.81042
43.93955
60.48263
11.49568
11.28526
94.69899
47.78971
87.06845
34.50442
54.58864
38.94039
33.28844
95.51593
23.62395
12.87071
36.04024
39.45870
5.64544
44.12682
9.13326
99.77260
19.80132
75.78808
34.97327
90.14493
38.32163
93.52983
80.74193
52.73905
77.22648
71.57944
37.60698
16.53410
78.13965
45.57458
11.35332
36.32492
4.06160
63.23152
69.74179
55.86587
65.45171
16.70822
41.84036
54.26506
47.13078
15.51744
32.90013
10.70628
32.78071
37.04919
18.32307
90.65153
35.05197
43.90632
56.64255
0.91591
37.33840
60.70415
51.46018
72.57112
32.46270
57.06755
51.59046
40.17960
53.68186
2.03698
25.20158
60.85545
48.03123
34.29720
28.31811
2.29251
92.96226
55.37761
3.73765
79.38524
93.87267
99.70939
61.71517
35.40073
43.08268
49.74717
45.66083
83.70466
8.35653
29.99012
69.52313
60.27358
46.94558
72.12990
8.30188
63.90807
53.79925
50.28924
92.18198
2.76966
9.46023
23.36382
13.50036
40.46360
71.34054
81.32324
83.41084
23.38138
51.68263
67.14632
0.54446
57.01900
18.42794
53.38714
1.67834
70.24684
56.29279
15.00564
9.62953
76.27956
99.93353
30.40482
92.41799
24.69983
69.11242
95.44047
45.61426
59.46463
25.64103
54.41084
12.14657
70.77153
80.78597
11.02818
35.65856
49.87904
43.31510
71.05856
66.41292
98.35888
96.78019
21.99728
36.65803
94.64392
66.25949
2.89855
58.72387
59.99383
43.55451
69.67476
86.96484
30.56022
72.45944
9.38695
21.57302
50.58365
83.00103
32.88883
87.96101
13.27754
9.53759
51.36449
52.66114
16.47749
67.65083
41.07522
54.05806
80.20796
68.89493
44.48163
66.50176
3.74701
38.21487
64.15865
95.94279
80.62152
77.70905
0.48064
30.00717
14.54811
33.07924
40.95178
96.60488
96.91172
96.61870
18.03874
45.78286
55.26230
30.48864
99.53396
86.28131
9.47011
48.71094
80.61794
87.86596
37.48088
11.21321
23.49912
69.99367
60.40556
77.31698
57.29098
37.64649
22.73700
71.36285
96.47571
33.05531
72.15596
5.56195
66.46912
22.54728
93.76538
82.35304
26.10009
91.08110
64.19416
96.44610
77.01852
87.58252
21.75545
98.48834
95.24853
30.30694
85.57928
34.27214
96.33467
91.40242
77.34236
51.29861
77.60868
38.74660
42.83259
95.24257
68.96712
12.32310
5.64104
79.72206
81.73138
72.43357
17.96700
3.96504
2.37530
47.43140
58.74879
12.91907
27.25632
30.01378
42.94415
87.31756
98.32477
17.68256
69.44380
69.18341
30.99378
47.45613
54.57508
24.51438
36.21023
70.01905
11.59851
75.85827
82.26999
70.91638
53.49897
88.11935
52.93553
45.03729
50.20525
10.04001
15.25411
98.70327
50.02360
45.44160
6.91846
99.44052
63.83901
8.45246
64.00356
67.01637
10.97630
41.16233
44.07536
44.23546
8.84212
69.13278
31.81172
97.72203
6.37549
45.12889
36.93429
86.11441
52.21569
91.25541
84.70143
6.64990
32.52647
97.62703
22.88810
24.53832
38.36000
23.14716
74.92379
55.93044
98.64777
54.66899
60.60635
77.71140
5.82875
6.98286
21.93260
73.53524
58.79953
53.62514
89.17311
1.83554
12.60258
89.44396
42.58278
95.03574
65.60446
30.83563
54.50721
87.74885
12.87201
79.28057
37.92773
20.52471
95.90129
78.64472
10.46861
78.80088
54.59881
53.64440
77.13008
68.57130
85.52406
78.27327
43.61297
84.59484
57.49382
67.23717
47.60164
26.81768
69.00093
25.72769
26.23543
67.19981
90.14948
73.86252
77.78429
28.99952
19.03910
5.58779
83.98217
62.54081
14.81682
49.98376
95.26315
73.78286
13.81790
10.22615
26.96921
35.16345
43.05680
77.30790
40.42789
0.09935
4.01976
70.83084
50.05446
54.92422
38.86985
23.26277
3.21675
15.23096
70.62196
23.34826
93.05610
60.51342
75.35971
91.06132
28.64631
94.88813
3.59795
74.20922
51.62711
95.91217
93.84069
23.97215
18.31169
84.78002
39.75871
4.57033
70.70740
60.14748
42.78882
21.98769
58.50578
97.43710
0.36631
2.05907
9.25529
42.10391
99.20345
13.77656
95.81789
34.44161
31.63307
25.43409
29.10829
63.39518
92.40143
36.96035
77.67914
46.32291
29.92715
41.23056
63.71037
42.27934
79.21919
53.72853
49.56622
11.23217
30.40165
6.52286
15.45417
52.70270
27.66082
41.22078
61.82665
7.81253
72.10086
31.39368
31.98546
45.48233
19.50556
36.17688
98.33740
24.84975
34.37876
88.58668
60.77114
30.51505
56.57659
59.38211
5.91578
41.87119
29.75276
62.01913
18.47108
71.86849
80.30640
5.31283
55.11192
89.88822
66.27351
74.23411
31.95759
52.98332
12.71487
91.71144
60.35189
45.76260
62.18532
38.65424
38.86029
12.47088
10.77934
26.74195
47.36583
44.98073
47.05175
14.13901
80.10269
32.40319
98.71852
24.20985
56.79271
32.47386
33.52248
72.34301
48.37451
58.28110
75.88041
44.00654
90.08712
98.00453
66.09579
46.21035
12.43848
66.42006
51.24970
66.66022
66.35488
34.42278
73.18458
3.65206
34.15313
20.05366
44.80384
5.24402
39.14102
20.10980
9.00494
74.31444
38.26373
43.64494
38.79332
80.20096
23.50042
12.51676
33.08731
14.83595
14.79719
34.42466
26.58796
28.83051
11.28435
93.29847
95.81720
53.92629
9.17994
25.67396
21.99372
99.97742
76.35321
70.16683
55.58131
85.43330
34.04730
28.60432
11.62015
62.10748
27.91512
52.62115
56.22749
20.14751
2.61329
96.29263
46.04808
26.34664
64.80761
13.61820
32.10307
26.01358
84.11579
94.86321
79.88003
9.84003
52.62848
14.02838
62.13781
92.14332
43.16765
96.21673
95.83101
40.45708
31.02186
33.62843
77.41550
69.21266
98.83895
54.21781
21.54437
63.03781
63.18642
16.52820
82.81575
41.69138
5.40036
58.07173
20.73138
59.47874
81.75621
33.43241
63.86772
6.43941
81.12182
11.67134
82.93770
67.71776
62.35947
9.15605
30.52794
59.80549
52.24146
90.87353
10.60540
84.01535
19.24418
2.32982
50.53963
67.15943
26.00331
75.44810
37.59053
14.28511
27.13905
55.62223
81.78731
82.78239
30.02328
2.82958
21.74191
27.98255
79.12071
75.24385
76.76858
11.50485
97.76607
22.13673
36.28911
37.77805
89.14889
45.26571
35.67678
8.85835
96.62576
6.62300
66.66362
98.48705
28.37751
65.54021
2.09017
74.22579
9.95189
59.54496
14.11770
8.80492
43.32940
45.89341
75.95715
83.58445
74.08297
61.45020
58.38096
65.04828
3.04733
58.92676
11.00812
51.90753
60.44289
88.13628
31.51725
88.97819
93.10206
78.21950
36.28547
47.67662
57.35635
41.73534
33.53830
41.69266
93.55879
89.98036
17.54882
46.81936
8.49499
56.15124
21.27071
1.88381
16.79548
85.75782
30.72080
36.00533
85.82213
66.87325
85.67559
66.09123
80.90189
55.66064
72.90481
66.50406
45.98023
2.40878
2.65582
65.14340
28.72919
41.99091
41.04068
30.53082
23.05789
85.17760
35.67341
16.64744
33.71130
78.13611
0.87399
87.37200
46.51770
59.39551
69.53305
35.06116
7.28659
32.93217
37.17701
51.18160
6.86666
16.90119
57.54318
32.90244
53.32640
56.65450
33.00729
80.74653
30.64279
38.55592
12.25295
71.71344
45.56124
57.30747
93.42700
63.60748
14.53714
53.55507
81.75038
76.11608
33.85370
54.31277
3.97953
20.67447
0.95210
20.50953
22.79092
70.55384
76.19674
40.76778
97.31900
96.59019
72.61544
28.28616
59.34589
53.85646
10.35678
21.14567
23.68129
46.26815
12.28139
34.06919
90.38903
86.32146
90.99768
97.93349
84.58728
82.38978
15.30489
34.65575
15.93165
28.19078
16.61860
31.07339
75.97482
43.10090
7.09213
38.54071
35.35941
91.34496
91.33988
2.46649
18.77220
91.30755
73.11487
5.39402
13.30091
6.05646
24.24085
33.28530
85.79607
12.13709
89.46590
63.66591
60.66691
42.79214
1.19003
47.90408
93.63922
43.18858
75.33416
50.54727
0.17176
59.02970
80.16431
79.51333
35.31693
48.37938
64.86066
58.62076
20.88598
4.81473
14.44680
19.71855
24.82968
62.15473
71.69188
95.94606
23.86454
78.00766
7.50597
49.47469
56.36458
9.81481
1.77856
41.40859
25.42614
25.41774
76.67006
24.45599
4.40987
40.61569
22.79863
41.72794
35.08424
40.71568
96.52273
15.99166
0.99856
10.77007
57.60029
11.22687
97.48737
4.82170
84.36312
37.93265
23.21554
5.49240
23.94547
66.43288
29.90897
90.37001
92.23119
96.85744
71.88019
41.71912
65.17933
69.16710
17.74963
83.01529
94.73434
37.48063
49.53142
1.91946
10.05932
49.43840
30.63386
55.86753
86.30926
0.78360
60.25404
79.10940
63.76219
90.61355
60.22608
53.47767
88.03069
13.02981
38.26728
35.41970
41.50320
88.61068
76.19093
92.95529
63.31793
19.51511
23.98174
74.63415
44.54173
44.35129
13.96646
65.85210
97.39293
46.49625
7.60156
59.17069
12.23698
69.06137
57.73045
73.40873
10.73362
79.70307
69.67899
10.77610
34.32673
11.58029
1.46710
94.02180
57.30060
26.92912
77.16328
99.99557
67.07510
45.63933
77.78984
80.43834
83.53641
78.52479
7.01725
23.06641
83.98498
58.24058
77.21302
14.57138
52.31310
27.66155
47.35821
76.60881
79.90158
69.66342
33.04421
52.91034
68.96802
20.19245
80.73480
86.89840
31.41241
30.61967
41.72646
14.10593
52.33371
15.38084
80.44354
97.70553
12.56440
5.78275
23.95052
13.76901
84.39440
57.13656
55.81893
16.97599
14.92976
29.76328
56.33198
91.34503
68.76121
68.12363
51.17040
53.72953
40.68638
12.41955
63.76794
71.92896
55.31487
86.70856
95.86724
1.34322
74.80587
14.93582
72.18441
55.91878
71.52208
31.41702
77.71381
97.12336
15.79716
84.58300
61.41538
16.01815
74.33250
96.00850
7.71017
2.14906
61.14819
92.64001
37.11510
79.25490
58.27381
91.46461
82.91529
59.02027
45.59184
94.70515
83.23171
77.75968
99.23729
82.95879
39.12286
92.40022
41.97303
3.39416
50.62598
21.13349
95.21292
3.45366
35.18404
97.26196
76.70502
92.20592
78.38429
95.59688
61.15002
48.67962
78.21010
28.61166
70.58040
8.84044
55.42646
41.55452
