57.32994
33.94783
94.23352
79.51722
47.76180
40.82635
12.33119
9.54100
48.57950
62.34709
0.17452
24.54310
28.99024
12.26526
88.19008
95.98126
8.37534
4.92303
21.87839
48.52185
46.18559
52.35359
56.16523
78.61444
87.24037
13.56669
29.41973
79.19763
7.20075
5.92147
48.75186
96.54385
95.82103
25.96607
95.58616
41.91310
11.90566
68.40335
32.10975
3.90705
81.82090
18.39331
7.17023
52.00342
17.66243
52.82178
58.40726
10.11564
65.26684
24.14617
98.58046
57.60972
30.38971
91.15290
96.68393
76.91278
97.44564
55.22875
41.18035
79.47509
83.51965
96.20566
80.32555
54.84412
15.71350
8.71358
4.96548
15.29925
40.26408
52.37276
75.11297
29.88360
88.76885
88.58336
58.71366
82.73642
3.77171
87.20124
52.82919
83.84836
60.23480
53.86136
86.84752
96.65153
87.47482
7.50276
1.11497
65.29759
83.39912
66.78677
91.16293
25.22609
91.17143
27.29316
30.53294
6.86991
91.58380
35.06051
66.21584
88.21562
73.45335
0.87662
64.38225
24.27648
79.14877
57.38647
16.13756
58.50310
21.11988
94.45245
29.68970
95.99093
1.06499
3.29090
47.10718
59.87235
5.59677
31.81131
93.27991
47.60715
35.57316
18.71803
41.07127
46.96117
80.69355
24.26297
43.24396
98.49935
93.38427
58.54754
60.92985
29.96916
24.81576
44.92425
6.68665
64.41159
88.31293
56.71430
95.49335
60.52623
94.84983
3.48430
17.07366
26.81267
61.83232
84.04171
97.02127
42.89653
53.48543
44.05988
26.99593
84.57917
81.49523
42.80928
51.03809
76.49120
38.98351
49.89719
68.72086
22.52579
61.56957
63.05084
39.87010
28.73301
64.23509
30.61083
45.20332
62.30907
1.35094
95.99544
52.91607
87.53757
66.77175
66.13291
82.47096
9.24187
70.23322
62.96194
17.13095
66.29688
8.46336
72.12562
32.68867
76.61028
21.56344
67.85516
18.40397
96.20073
3.69561
69.74215
38.96782
79.48436
56.80628
98.03638
91.31955
18.78162
28.76761
8.87194
95.71504
62.66784
15.39413
68.41307
25.65788
84.04210
39.94108
23.61199
20.12014
31.81872
44.92572
84.06370
97.99076
59.54304
73.17903
77.27792
90.75006
77.64082
56.58823
8.82229
85.66287
52.19330
95.02430
33.98071
92.95132
5.98587
47.70557
14.11202
54.77744
62.18436
45.18180
29.84064
22.55955
69.57731
64.89963
25.85489
60.26229
52.99979
47.75079
51.30027
52.47227
39.43004
76.57204
13.62857
85.12210
82.58057
89.63748
78.43684
36.29928
30.54656
98.89406
69.98512
75.74974
89.21176
75.03751
87.48692
24.67429
85.18301
40.20464
92.56112
91.73229
87.21624
28.97067
34.82716
2.21965
46.83311
81.99385
71.69665
95.98253
52.42934
81.28450
64.04321
84.08403
41.57406
26.46307
96.23547
61.79759
48.66955
10.16127
60.94543
56.54227
23.44580
40.36479
18.11008
76.07252
9.20874
85.27195
34.26065
16.04244
91.35372
63.50037
28.27436
32.36684
85.06619
11.24966
65.54267
79.08481
79.08775
72.92918
78.25164
54.09673
90.97802
12.12254
15.62791
34.36631
2.57138
97.09895
10.46502
2.70697
43.94910
21.61727
51.29768
78.17185
90.53010
84.32387
19.82045
32.53643
31.98288
13.48539
98.80873
48.51733
51.16930
90.07575
47.86034
13.18193
68.36092
48.14261
56.35003
73.73551
26.40972
42.80968
47.31780
84.90550
32.39717
84.87831
89.73062
72.34342
31.58141
40.16726
31.75156
44.72086
6.34857
62.82072
13.69808
85.27006
17.13719
73.21924
52.73226
22.07536
18.71722
22.70062
39.85063
51.62193
4.09102
13.41316
89.11588
14.19425
11.50090
0.05324
32.70939
89.31810
55.53631
31.36939
68.80614
6.08670
36.15224
23.53833
46.83734
84.13884
49.60109
95.82618
18.86657
72.95512
86.66540
43.88237
13.52225
68.87288
34.91860
27.33936
51.52692
15.48931
44.57669
44.77871
93.62248
41.57238
56.93523
0.16470
45.63550
31.41755
32.50483
14.66896
54.40734
32.12430
67.94278
34.22950
23.76288
69.30106
16.11371
2.92227
10.73568
75.68076
2.23755
70.35991
12.50777
8.78838
67.27140
34.73585
8.31253
39.76721
80.20212
64.06885
80.27958
75.93195
89.64302
65.97161
48.20447
72.66358
16.15579
90.12423
80.56604
12.53230
34.21927
86.01745
27.60010
80.27555
48.67575
59.73784
10.90532
70.69902
4.13870
80.41313
90.20056
60.84380
17.70491
33.56952
47.86439
95.83696
95.89847
57.61557
58.68783
37.55529
84.95340
67.72964
41.47775
43.57487
8.18167
24.63929
9.55849
91.18762
88.89088
85.74160
90.75642
92.99995
19.78917
78.11270
53.87234
11.52104
14.69286
5.07733
23.90208
45.18075
52.08021
31.77929
6.97945
81.36162
97.79307
67.92114
94.36676
54.32044
48.91647
33.99807
44.47663
1.34688
60.32799
7.10667
59.74373
46.57223
4.72464
39.76152
25.84232
10.64163
57.65468
83.07192
33.75008
15.07522
53.44842
6.17422
57.42009
25.64772
54.91742
63.68597
99.59734
42.26809
56.99398
79.67607
34.81659
99.63707
27.48802
0.04930
40.48817
60.73779
25.21256
42.08250
93.78076
62.88050
50.27900
43.09753
86.33993
44.83259
79.26745
34.18698
94.86757
93.55005
30.48452
65.47699
56.55848
57.75034
94.32661
79.67860
12.72989
2.69235
73.67904
83.12334
70.19040
46.61717
47.95313
38.17348
46.13184
56.40147
57.02543
79.79447
49.63139
65.79519
53.82699
5.37683
32.28556
73.45462
42.19670
51.95620
21.89744
78.37974
49.57704
85.44445
37.01990
0.34596
15.57493
52.49746
21.13342
32.99920
4.10745
17.04668
40.24499
85.21098
67.32085
28.81895
49.31862
77.46778
42.69419
64.57328
80.46678
82.39677
26.51571
23.11439
5.83208
96.34348
98.24663
17.94206
93.97728
14.55181
95.62468
25.75876
87.31834
97.87075
56.61999
48.40607
70.52378
76.91300
74.58289
22.70318
52.68139
79.71736
82.17004
48.11212
10.49575
49.12330
46.95713
18.72940
18.85929
95.38562
3.06939
16.47146
66.31423
47.10606
15.65990
85.74930
43.77677
2.99104
9.63699
57.73384
87.54017
40.67868
18.97740
43.14035
75.13602
76.59349
22.85618
99.50592
95.32304
28.62841
12.95035
69.84021
65.99163
72.41028
46.07427
71.59056
66.71776
12.48246
60.16798
96.06531
17.50768
3.68288
64.88110
89.47633
6.26853
69.15042
7.92612
86.26676
14.49512
15.33085
52.11016
33.87575
52.70966
37.79572
99.31286
45.29105
14.16605
71.89050
88.59694
77.03453
20.73202
64.52543
85.42761
55.15563
47.40579
14.45672
29.37978
36.53487
77.15233
92.96945
39.96790
83.48443
21.66455
26.79079
29.56329
15.93758
69.48804
27.73983
75.14430
1.52332
94.74328
67.58162
56.13163
58.16862
35.67593
92.82512
78.94998
53.82765
26.98735
81.09661
1.39790
82.78713
33.05807
5.98068
5.26754
12.74119
76.28498
5.95170
57.38920
70.58511
83.43571
8.13722
16.15438
28.52722
50.51431
61.38309
15.06095
73.52523
12.80781
79.32612
90.45753
19.64108
48.09391
76.44219
23.68816
69.67078
8.67580
90.39243
5.67915
60.82764
50.24587
4.73037
43.31135
93.84441
58.54861
45.41009
76.14709
40.97152
22.90683
40.90840
57.41894
53.97858
70.90994
37.35818
9.40266
70.49710
87.64198
31.62903
78.15708
68.05506
3.26963
60.05745
98.01449
4.64815
94.69766
49.08121
58.41122
97.81950
71.29618
44.51498
6.17987
61.24589
13.42053
41.54866
42.76170
37.07606
96.70618
57.26796
1.04175
53.14707
85.95114
17.38426
93.51468
71.76440
82.67094
4.37374
73.41387
65.15327
78.12753
44.18936
59.35048
33.72485
63.79242
83.11107
14.13600
54.49947
8.65165
78.33973
46.92657
45.55642
89.97243
47.00192
74.74346
76.41390
58.88999
97.13028
57.93896
92.27755
76.75201
18.52163
84.90812
82.09234
34.69050
81.08395
39.17059
55.38601
47.54165
53.92266
88.73536
31.37016
78.11656
65.06747
98.70086
40.84846
13.53571
78.75697
53.98216
68.75241
67.57236
4.57835
6.75276
11.67078
23.87719
69.27728
18.48167
32.44416
98.43171
15.17863
12.16363
11.26186
9.59341
84.74358
68.22642
59.86948
27.83688
52.81484
22.85308
38.83946
48.47855
72.27543
0.47077
12.94186
16.40618
82.23635
70.56160
16.85780
91.80100
89.68443
78.55063
50.95193
63.25095
89.68537
27.09141
27.40936
98.65209
87.02783
73.54101
2.98657
61.37831
44.04188
45.31086
64.61752
98.83984
70.86997
49.88477
27.44498
72.85581
69.98996
30.57481
34.24260
95.06053
83.68632
8.36416
18.68281
90.34844
0.40326
93.14999
95.64008
40.34869
83.09009
19.65606
54.21649
30.82690
9.41416
65.17915
57.53115
69.19381
93.79394
37.98005
84.76060
51.87919
66.00027
64.47168
1.70912
75.61702
14.35217
42.50813
34.89793
95.74962
32.21144
2.38464
72.10980
36.53108
44.64286
54.45804
5.01535
47.43731
30.00767
38.29503
14.31582
71.43713
62.09786
81.02950
83.00609
38.58340
65.21373
96.79215
29.97987
68.41214
15.50945
26.89478
21.00867
71.50021
20.26296
66.96454
45.28246
99.14485
91.04598
79.72458
52.11526
7.91481
28.33665
9.46517
68.29137
12.42821
64.52772
64.47032
40.32162
95.10693
2.29891
57.05022
5.69542
73.51634
30.07756
72.16457
21.57279
85.76847
25.63013
99.40117
82.28762
7.85536
10.73975
49.09158
35.13152
20.82704
17.77020
46.54003
12.90531
89.88529
5.74827
8.20857
63.84637
91.99685
71.15817
6.10747
51.06251
90.35792
53.95453
47.29811
94.25778
68.77363
44.21789
67.22691
30.46681
27.03369
23.71148
3.57462
0.01986
81.59254
34.92096
44.24294
0.06222
78.71827
54.07544
50.61438
9.19429
11.02105
48.58375
96.02664
82.10603
17.93544
50.55342
22.16659
47.26078
15.60876
64.70059
39.13400
67.09397
27.45050
92.06312
45.80758
35.60265
2.29043
55.63213
98.55944
87.73504
29.19447
14.22299
54.73932
23.94643
52.64367
88.43112
23.58598
5.47204
55.94776
46.64378
57.88951
0.23339
5.67945
8.44878
0.02612
73.80285
6.97122
46.09911
16.35295
92.34468
49.84768
41.50375
90.24300
57.39206
94.29012
15.87935
34.86895
18.97864
1.55891
14.28913
58.39382
98.79560
21.86683
25.78013
66.53933
5.82084
79.00818
45.37352
30.97426
12.28309
26.56691
58.59919
62.92276
41.60988
58.85060
71.67315
11.00817
20.06288
83.04430
17.02264
13.85325
66.69459
59.02724
67.65514
84.97173
46.96687
31.27696
60.62167
95.95077
66.94643
29.60488
6.13932
9.02227
7.64844
73.93688
64.83415
33.26872
75.12952
65.12320
33.58131
22.88260
7.69981
90.82077
75.78013
37.77444
85.40943
64.87027
45.59892
96.48541
40.11252
79.58837
58.70185
39.43675
42.44975
78.31047
84.00411
85.92815
46.97360
28.73523
15.95909
11.50218
23.97334
45.90563
17.42232
47.25163
28.63207
35.33160
28.91305
62.43386
78.02698
37.77029
52.40438
18.19212
92.61513
74.57687
20.81422
22.73083
34.26139
22.75692
21.43233
50.86724
4.91343
18.06909
48.49005
50.29848
1.46468
21.02676
81.80194
8.95033
6.14192
41.80294
52.39528
73.59368
49.16642
89.83868
19.49815
22.86176
86.55521
37.91587
92.92523
5.19134
62.28607
31.03227
4.47290
43.35218
13.47558
67.83919
87.69688
32.22080
89.66787
43.70452
2.19492
60.53049
68.61319
65.23246
46.10438
41.85601
5.04953
60.13601
56.17498
90.42104
23.52030
74.09499
36.02223
40.61416
90.15506
79.02383
95.18745
94.01189
21.39929
87.01586
97.42929
56.78710
47.85556
58.82186
9.04181
29.43219
26.10485
97.35896
2.56406
89.03736
51.12292
7.12159
29.69687
98.09417
94.09248
61.86282
83.25590
49.33232
49.12807
24.78800
75.59836
66.84891
67.42325
10.28473
35.96619
91.47656
82.75964
97.86772
18.49937
47.11517
10.93032
54.73778
33.87075
13.75157
50.12205
75.50664
63.08449
81.26231
38.60140
8.80794
20.24223
81.50390
25.92796
34.82791
6.84920
20.34974
18.61229
72.17228
48.73591
18.84918
50.11294
30.25921
87.41023
2.72868
77.11756
38.68984
64.73748
5.32978
63.16981
87.46105
31.99457
12.29637
14.62060
34.56379
1.00003
85.13863
63.11630
55.67157
75.24555
19.17423
54.31896
80.43615
85.63548
23.79428
52.59695
99.12007
23.62527
51.68653
95.24151
80.10138
16.12498
49.75320
97.70233
28.56953
61.44761
84.36057
13.51386
59.97354
83.30186
71.45570
39.85819
79.29100
90.08471
92.22376
4.06118
67.39005
76.27141
52.57539
34.46809
8.58127
37.92426
91.93137
29.93896
65.36846
85.45786
44.35405
77.13581
4.92694
26.42523
69.96026
88.51711
4.40765
65.94811
5.70035
99.47430
89.63977
43.55446
41.35755
93.31168
72.82638
57.64244
3.80222
80.25262
8.71119
84.07601
0.15379
68.02109
84.76065
66.31527
18.44818
73.84101
80.12661
63.67739
89.65048
42.94317
5.63058
99.50528
82.16977
82.35002
80.85534
70.49723
18.50709
19.82992
1.40274
3.94671
30.87139
58.58586
71.62416
4.51756
51.79614
27.30558
55.49731
97.07163
62.14160
46.65602
34.12380
42.14478
82.16225
10.68278
38.09111
16.76803
90.00851
91.44414
42.69570
69.01352
82.15051
60.34134
14.97229
92.47439
36.86515
2.22654
57.01554
45.67201
0.94014
24.11092
49.68707
31.44371
31.37793
6.43966
2.71390
41.41242
96.38187
36.95461
15.61911
6.80492
59.89993
67.01735
8.65782
71.86847
67.02855
11.51105
85.66522
21.50632
16.23436
44.85582
58.69740
79.89492
64.18068
49.44760
33.25750
47.50753
89.32552
62.23347
56.03131
77.17235
42.38349
58.06343
10.48877
86.85341
17.00340
3.68472
24.35728
15.19198
23.75963
74.43259
46.68371
8.10504
64.41885
58.46765
66.05863
52.43020
54.56852
99.47376
89.74213
61.55763
23.89552
88.64430
74.72599
8.25005
78.23436
31.53557
73.76973
64.48018
76.57501
86.98862
17.85233
35.90698
53.31134
95.96410
66.05330
37.00433
15.24660
34.46953
26.52759
20.63245
76.62006
64.90460
8.16217
72.48096
57.92917
83.34286
89.14497
71.89933
10.29701
46.07547
30.14710
65.75623
63.64491
31.76756
40.62800
21.57309
37.81499
24.70444
32.18717
30.52820
50.03142
79.64725
34.02288
31.89324
32.66480
61.90023
83.10680
47.87941
40.25990
96.33639
13.56889
2.32010
51.53520
25.40559
21.44661
79.42347
53.88607
73.89112
15.51464
33.97587
14.65545
63.40518
98.40334
76.12018
40.24878
33.03550
23.64798
82.53981
16.71793
31.10369
36.96736
65.29082
8.20568
17.80503
63.54127
86.76288
46.67926
45.13431
78.50826
68.14477
20.25965
99.82872
59.78319
81.34510
35.95528
40.71585
54.66566
99.29667
60.57002
70.83455
67.18285
74.74891
66.95855
79.35343
22.51542
2.85223
60.01811
33.58754
95.83798
81.95264
88.01532
1.15871
27.19372
4.07676
23.55077
82.25190
60.17832
20.51417
27.72582
71.87288
6.31898
50.33016
7.61295
91.81243
54.70735
51.43307
6.62050
66.22492
91.03881
76.57888
30.80678
23.96867
4.10621
3.53077
26.25805
34.34134
97.35626
75.92068
37.69175
10.85690
14.68604
70.15166
1.25081
45.68030
1.31071
83.53871
39.98864
63.82473
72.87099
10.47806
70.45821
74.40811
59.55317
35.41221
41.78191
34.62853
22.27465
34.54530
73.33422
69.84763
37.33186
89.34815
67.85299
29.79508
9.99198
35.14368
94.95087
0.09178
25.66128
99.48899
74.64741
57.29484
17.17152
34.09103
68.22127
20.72236
74.22221
66.42027
66.01263
43.02593
52.75196
88.55732
65.93691
17.16569
61.84074
51.67680
80.65500
68.40547
87.93211
8.26610
92.35397
16.27652
28.05141
78.31696
31.22483
78.98253
41.76318
22.36470
78.62909
3.66505
55.04942
5.92786
38.50927
19.00450
61.96310
77.66625
50.39231
44.39246
42.65150
34.53845
83.75068
55.04643
23.46158
71.02083
76.03438
96.87403
56.27265
81.33684
64.38535
96.52759
13.36892
85.71037
34.10978
98.44207
97.71426
22.17321
55.28170
13.64147
3.35630
72.63834
70.34082
97.36194
77.61556
82.27412
23.61899
19.04493
33.94759
34.14876
76.99351
97.31942
18.73914
3.11721
94.24864
79.06303
26.06137
12.46209
89.47548
74.41227
64.61606
48.61798
78.65226
31.61053
80.07887
60.11451
89.64757
68.35668
98.10555
28.32181
36.20064
85.41263
54.45488
83.96769
94.69774
7.98047
53.34139
83.42002
29.22115
15.07867
85.06883
40.46345
42.76262
47.91946
72.70749
93.11651
11.87468
63.98720
83.13999
7.10097
68.33554
24.91443
76.34259
20.55973
4.58895
89.15546
81.22218
68.64042
58.08552
14.86668
27.54081
21.64941
72.88860
81.91234
15.26937
55.59312
84.04808
34.80873
75.36632
26.68084
65.98008
0.68803
1.39477
38.87167
28.36574
25.34900
40.13583
80.52170
21.68239
80.13517
0.56993
80.79523
8.16650
21.19958
37.90567
56.77925
50.74001
99.37614
27.92846
58.73067
35.80510
60.89952
9.42015
37.57248
53.38817
48.72881
75.69119
38.64407
80.40851
7.73988
24.56633
37.01134
23.67111
67.41207
36.97312
42.89144
26.04048
54.10559
5.42681
69.82498
70.54417
17.57841
6.20157
8.73292
6.65629
71.50325
11.74348
95.95429
31.65487
68.54236
34.83808
39.00928
8.19091
72.50818
17.16273
91.51610
30.53264
57.20982
71.87002
38.36030
24.94590
43.74597
43.18110
82.46204
76.62660
29.64280
51.87897
29.64181
95.66791
42.76260
27.57607
60.00062
39.95996
34.32741
82.57171
82.99696
91.04153
83.43585
28.41415
58.63216
82.05547
70.44167
81.68474
60.54635
95.95785
91.79996
98.30041
30.46119
88.75543
96.61025
86.36799
35.27342
59.74951
41.08735
27.62479
67.75862
50.22277
60.93837
44.52536
19.94856
52.48400
65.65170
69.91547
14.84757
36.30525
70.71035
71.87002
39.05528
43.79990
60.66212
1.90225
93.44499
8.96128
19.71626
41.78098
75.84706
9.52110
37.88483
89.38804
21.58939
74.87897
70.48161
84.91267
43.00365
67.06693
67.27152
48.29297
95.39263
39.73755
5.68491
78.21056
25.09878
91.33195
47.86987
45.46485
57.80590
61.08406
55.73962
38.79523
18.82233
19.22512
90.46816
33.92582
31.09939
23.21219
96.98291
89.77799
6.38829
68.47603
42.71718
45.48012
17.71244
61.67807
16.54199
29.34705
37.31113
97.77069
38.69789
82.59497
92.96500
99.12401
44.04415
49.90929
3.89535
26.56862
76.66807
41.34286
89.25862
10.83021
16.26279
5.81113
43.94029
61.08537
80.26271
97.58856
17.60128
72.55482
17.24594
83.71374
46.51840
28.09392
8.64823
31.31228
21.56471
95.20416
39.24173
85.76497
90.46330
81.18568
42.63054
53.93761
76.94697
39.03698
69.89252
88.55260
4.58106
82.67817
50.84816
35.66672
53.71498
96.67696
34.68479
57.40023
8.00326
93.41842
15.93939
62.72170
73.92990
6.29465
33.75505
6.88222
96.48075
32.32608
22.34133
13.58418
4.34938
1.87940
49.47407
83.08866
23.44309
21.92316
33.12706
69.43811
25.76684
35.32043
51.82505
52.29059
42.67281
84.70330
40.29114
66.21314
69.38050
92.41488
62.66343
53.02640
28.09956
6.00973
99.85750
16.85470
12.08912
94.58415
56.63197
81.26060
65.43517
55.55401
3.52417
35.49912
50.80097
58.85517
54.27182
7.17101
70.11857
88.60287
19.67674
46.32541
15.92281
57.55518
5.78025
61.97799
84.41229
33.97474
77.30079
58.84076
33.28883
75.93604
30.64032
29.47070
95.72393
69.86536
61.75808
68.83052
90.85128
13.08518
86.59707
22.77234
50.59632
58.97226
5.43020
89.74324
41.17302
38.09549
86.38704
41.66052
65.59111
44.89900
66.68701
58.65135
82.90827
28.47913
96.78034
69.32622
19.34093
60.22265
49.10745
68.89450
79.99368
38.18677
98.78260
38.01358
85.39450
46.67756
34.52620
60.96829
14.09079
19.99915
13.11589
22.51721
53.31416
24.23246
7.67636
96.81170
98.31173
19.62436
75.01390
51.86106
50.36869
58.09461
42.80613
2.09427
76.90772
23.96358
38.57039
17.06491
73.55757
5.16367
4.57035
81.59801
26.06860
10.30347
96.12209
85.24591
51.33110
90.71237
79.10331
86.66567
11.68340
13.09619
75.12668
40.97871
18.45378
41.45138
78.40820
30.82975
96.76576
48.24619
95.42187
4.39746
12.44816
63.49976
90.16835
77.57371
43.61827
55.56515
83.78556
17.11383
85.39850
74.72073
56.54228
79.19213
47.42416
80.97483
30.26545
9.99512
74.24030
54.29368
85.43115
78.29832
95.56171
27.44339
51.33755
0.32770
44.95846
28.14410
15.91012
21.62457
37.97341
96.52608
7.58471
32.94710
45.45362
91.09658
47.12227
51.00691
67.99212
30.71950
27.73014
19.59503
44.64294
21.51305
79.67965
43.54873
98.37290
77.71848
83.07645
36.57463
47.66020
63.80614
52.68643
39.66782
14.77612
18.87033
30.41734
33.69157
88.18783
5.91090
94.80233
32.80499
91.60455
26.59197
8.74248
12.29502
91.92694
96.16237
90.75286
75.71858
45.26376
85.79255
32.49097
0.34941
47.19535
86.78669
6.47595
55.27094
21.89752
46.47722
52.52234
6.93009
93.46686
56.24385
82.83756
2.74514
91.54876
85.08371
44.56756
10.81443
82.52534
49.67231
70.13684
48.32967
75.50844
96.49394
80.52595
51.63156
31.62661
47.16490
76.49885
39.12942
1.50179
9.60992
79.94537
19.85068
81.65105
81.89624
68.31724
2.37401
48.62683
45.51048
61.98774
82.64129
99.57394
61.35114
80.89395
60.18373
83.94963
93.45624
67.42285
80.68701
89.76137
39.10314
47.29631
90.43594
76.86044
43.35012
19.03090
11.02775
45.09154
96.33998
18.52464
83.98741
31.84758
84.01980
97.86074
63.04128
45.81602
95.68497
51.78712
41.30489
84.18023
12.59659
87.94331
52.59308
23.67536
40.22495
43.69719
92.78936
50.10886
62.31622
32.09131
41.34930
44.51757
7.33398
28.70875
73.28722
73.64821
99.63310
95.92397
97.13479
14.56289
35.24528
68.58817
38.72347
57.19515
36.79339
44.67724
14.45087
55.13654
36.68532
32.57796
8.09603
9.99872
77.80609
98.25300
31.91124
19.47022
50.00993
46.39185
63.12058
42.31754
88.82044
7.76674
95.19046
47.19205
4.33583
3.16096
18.70289
35.45464
45.48945
49.29533
12.84187
42.46178
89.59515
91.41382
93.55556
16.07234
80.70555
17.28920
94.50878
3.71863
61.09919
62.05123
59.12094
67.13669
89.36738
2.23328
75.16469
23.14330
78.10617
88.04568
52.89479
9.03708
80.70347
7.27397
83.71153
80.12834
61.61239
4.90534
76.53130
13.76334
45.96913
69.38871
88.98354
1.99488
26.79676
96.58078
7.47645
6.17671
34.08141
50.88037
36.63828
24.97787
29.53543
37.08645
95.80881
62.91589
28.30005
10.32946
66.30701
18.63460
73.38185
37.37906
94.35736
36.93860
97.63112
31.73855
89.45875
31.66085
52.86783
27.49775
98.97328
24.94136
61.70430
5.98690
79.96036
34.12902
15.76988
78.13316
74.26587
20.08913
17.29987
19.54521
95.36041
93.56184
86.45730
29.08404
85.91511
18.70317
32.49579
42.98684
59.25344
64.16406
35.56834
26.40509
45.12594
66.48151
31.68504
88.25334
23.91482
74.16158
31.34709
28.06976
96.59553
72.55970
6.29349
34.93072
81.51328
17.19708
73.03279
81.52706
94.35073
35.72947
28.25300
92.88216
47.50575
16.04178
32.69481
46.45873
94.57393
65.43464
38.60389
56.57663
56.97843
67.97852
71.31836
68.26534
20.94942
63.40807
10.13022
25.13270
63.43080
2.45316
67.41365
28.60227
82.40470
14.15708
54.77426
12.33605
77.20269
58.80862
18.81119
23.64869
91.03773
80.55998
83.88164
58.96270
19.18438
27.00233
30.77789
29.86924
88.73224
15.65235
43.06669
62.76589
90.74950
94.14668
7.31657
58.62348
98.98278
73.28030
74.44745
77.73351
67.97667
12.88465
70.83068
28.83253
46.20762
87.84706
1.79643
98.61726
44.16937
22.77306
80.82760
73.22918
45.19698
6.72815
98.44799
21.70452
95.56627
72.69218
56.47126
59.28889
93.36809
0.68021
36.16127
92.88002
49.25916
39.13400
73.55827
46.67810
83.40437
7.99835
17.73895
85.86151
65.10881
35.67564
93.14203
65.92197
45.56708
36.44072
66.26001
8.85759
65.00236
67.47694
39.08985
87.18478
47.94370
54.89661
24.74791
76.25927
58.31767
88.98127
15.39941
7.49372
9.04346
70.80837
39.16162
58.31167
61.18910
21.91001
73.55204
2.31386
74.84944
20.71269
77.45469
28.18534
85.52839
76.45530
8.91089
64.16377
85.86226
20.06285
25.30503
26.65819
46.48148
33.44498
6.75984
30.75498
92.19912
19.17404
94.74520
50.25262
59.62641
66.21468
91.43023
18.01795
49.22068
82.69902
75.67716
32.38324
60.24655
56.56623
96.01264
45.47061
98.31213
24.05983
63.16233
55.78563
95.79008
47.96413
82.49542
58.02605
10.24438
92.25087
94.29278
4.22236
40.16135
89.01736
45.87056
8.70978
93.58637
81.60561
21.62564
49.70083
57.32239
22.93776
77.13508
30.18650
83.05760
30.84157
93.47133
23.89544
54.21231
18.99821
54.18225
51.63018
67.55118
64.49573
43.02243
15.89368
9.83530
7.11017
14.99845
41.32450
35.32162
38.97274
17.02697
3.74414
41.39719
16.59694
9.36546
2.97278
4.66005
67.30897
97.98289
40.74013
49.94690
32.29644
23.61235
24.69359
79.85252
18.21241
25.14525
10.06206
72.84065
25.33199
77.56744
92.58022
78.24099
66.06270
80.93837
62.29633
19.01021
89.02972
29.84664
50.69921
72.49370
7.29939
61.94506
61.71270
37.61606
23.64450
79.25503
11.95652
93.45338
67.53613
55.22023
0.76692
7.43191
10.59489
88.47752
46.27645
94.02517
98.21582
85.03181
71.99370
24.18379
74.57213
81.97869
30.76908
73.41522
57.56434
90.32451
25.35800
35.42673
33.11082
88.28396
49.96222
61.43492
28.68956
78.59724
12.03980
90.54138
18.52768
91.13045
88.08005
97.61858
27.97101
74.30389
77.04547
32.26743
94.56993
81.25167
13.47298
43.90926
41.53816
59.99105
74.49702
66.97728
80.03262
78.78533
61.76155
72.81027
14.46669
67.65164
14.74946
43.82588
90.36975
59.41884
48.27858
34.23385
55.42902
84.32686
28.49144
86.36225
48.77607
56.69813
54.23903
18.02445
64.11987
79.61542
13.76049
15.05884
12.23504
30.87371
79.70531
19.91188
92.36410
12.17519
39.77291
89.61327
5.70144
48.85309
64.26375
35.33939
73.50167
72.92009
18.63965
15.63084
72.80889
10.26147
18.53737
22.51395
28.55658
24.65346
15.35937
45.06504
8.85745
28.76141
74.95790
72.99786
75.73747
95.41400
95.83524
25.51215
79.77762
9.63435
26.43512
53.75823
21.09559
49.19421
90.00416
44.50896
96.48264
60.98820
65.91173
1.05585
52.71362
53.74323
61.61311
67.11066
77.49919
1.77831
44.54733
31.85372
24.28063
63.52078
48.45838
91.39329
48.57725
92.01713
53.71129
34.90689
14.64930
42.23577
67.62754
79.38947
50.43664
61.79457
92.49998
2.26711
38.03980
66.68365
17.55674
20.83319
68.52722
84.66628
21.79840
54.32008
84.47281
52.40939
29.94903
52.29888
22.30650
35.36877
45.85738
93.13293
83.23267
5.60680
20.57117
50.52045
27.15366
48.20437
15.84926
77.78760
55.27214
98.80452
74.91748
52.33433
77.02026
67.96403
12.52049
60.28953
89.06405
81.17273
48.74610
26.79750
34.92181
14.83904
33.33370
62.95320
36.28118
85.58286
21.33663
61.13640
59.85814
68.30732
60.53527
2.88536
48.01479
73.87490
26.80772
24.03421
0.93376
91.44379
85.36533
38.87797
52.75959
33.65188
29.33613
12.10614
23.78855
20.15448
42.62152
80.47205
48.02963
5.66567
92.16181
12.53687
70.57133
5.93458
36.01354
60.97037
0.63521
33.24655
7.42698
80.21157
79.62125
11.17303
89.65970
0.75125
26.73239
75.75574
79.60806
90.86933
7.21339
75.70155
10.29003
21.89644
96.70494
81.84291
83.56639
33.40878
30.41004
46.32085
50.97961
71.94015
87.45794
96.18886
0.70972
21.37912
81.31896
96.90638
95.87158
24.47931
99.42161
17.34720
2.01362
38.31962
34.74389
98.31985
67.18697
46.28430
92.83217
18.16808
85.31481
90.94472
1.20700
17.33215
51.56586
1.33801
42.14881
18.96416
58.03008
37.50058
22.15604
49.35906
81.72781
8.68622
24.76002
45.79422
28.43201
88.41376
82.25536
59.77870
81.46397
41.69946
13.99794
78.18509
3.53653
68.80322
67.25063
32.40671
70.52114
6.87444
12.06383
78.19329
8.30695
74.49726
74.65261
9.88157
81.58156
27.60142
13.95087
28.85574
71.28120
64.20363
42.07708
17.76418
68.12187
80.50460
73.70853
88.12760
12.36758
99.86693
19.17700
81.72883
40.29203
12.55147
12.99123
84.21305
47.24879
64.70527
63.18595
97.18082
70.46928
49.47764
83.36354
19.64625
76.30536
74.90675
31.90725
81.18637
91.69773
66.90867
43.18349
79.53323
84.79521
64.14851
48.33805
2.10925
45.28693
91.26371
1.62311
27.51036
46.06953
81.04058
20.93524
20.90628
97.44921
7.86707
23.42981
58.38273
82.99329
86.01426
12.11227
78.36795
61.97771
44.55341
67.87317
87.16043
77.70719
3.66849
17.29991
75.84853
61.38841
3.98062
3.71122
18.65161
33.60981
32.58847
24.83366
42.59382
60.29019
36.13831
10.83871
10.47560
88.23706
98.34349
42.50315
4.35110
23.98017
81.13278
62.87214
32.08945
10.20876
48.32974
37.53510
76.26709
42.24912
73.80171
51.61360
21.55990
11.04698
23.03053
15.79622
51.89506
14.03582
13.17305
15.51978
71.13005
84.96504
45.29274
76.18712
20.45269
88.04356
44.01402
99.77773
28.72881
92.97567
24.50793
45.11293
90.83001
57.66200
2.02319
61.61383
65.71538
14.47213
1.75498
9.29953
89.43013
22.36894
15.39006
83.81108
1.44371
93.18283
57.09998
49.04512
38.18076
32.89957
48.01261
20.32146
25.52448
56.73241
73.42756
66.44717
54.20024
90.49753
18.90865
66.96887
85.15035
80.53322
37.05532
72.15821
99.74934
3.33994
64.99846
69.00092
40.82358
4.61572
30.16645
81.02463
90.52964
79.72489
68.75884
12.63662
51.41446
81.06010
91.09654
92.51040
45.48543
76.74300
61.71507
24.88604
78.20090
7.20090
48.27924
51.07151
45.51902
40.09854
55.14060
72.05128
55.58881
50.55250
99.39104
74.45681
99.33121
19.01445
39.76176
76.72886
5.15022
72.21194
6.63713
57.62985
41.99392
51.93476
1.38667
99.41882
50.20101
71.76809
84.22332
81.42735
38.87935
68.20197
60.71481
85.08449
3.50749
67.05398
25.05553
88.34517
60.97677
14.51240
85.48259
96.64369
33.87196
35.51522
17.10002
83.12860
40.59611
84.48819
89.17215
58.81955
15.77253
41.35992
8.13033
64.79969
70.12296
37.13752
53.13942
27.27898
83.30430
22.09629
25.26728
79.67162
67.46649
51.06087
96.57232
68.22300
38.69925
79.38540
67.82759
20.88547
6.14772
98.48270
14.95394
32.67608
91.37717
82.32419
54.37215
90.50771
56.14309
36.32965
96.55520
70.27215
40.00591
2.74340
36.17599
2.26294
28.94502
0.23926
48.55164
67.18444
67.02704
38.69736
61.26547
83.35185
80.01050
75.19438
13.18505
31.32182
1.09072
2.54739
96.07896
99.54665
81.95817
6.52765
58.12234
15.30542
13.40344
73.13941
64.79035
49.47573
41.12383
5.39512
12.35575
41.99320
45.52178
94.10661
97.38931
4.36913
50.82339
62.43069
38.67487
42.25739
4.84836
33.30129
72.51878
4.68576
29.21557
55.92554
89.31992
69.15936
76.89479
76.23376
14.41908
70.44060
77.11660
37.83163
88.86219
68.52391
6.68679
54.40592
4.58627
81.16402
82.07691
62.36130
94.94775
50.01350
24.53990
12.85342
78.13212
7.69660
20.62908
95.09416
13.58587
4.11381
37.52616
71.59399
35.13107
78.83218
89.05100
12.42501
76.63455
86.60809
61.27895
75.48848
15.26936
38.63262
92.35428
19.99149
94.31803
18.71227
78.43820
37.51509
54.70321
84.36905
16.66940
14.24451
11.37352
19.14167
25.25715
76.96116
27.09041
39.96523
30.54435
10.72466
66.46027
61.89730
40.88783
23.12081
48.90340
59.87452
68.04694
18.31114
11.12947
42.82816
81.14643
96.62556
64.18550
82.58532
14.50193
3.66241
89.08873
83.27586
49.25484
29.85019
41.17289
15.08465
55.12173
43.58839
9.33253
21.39946
16.39902
74.66528
99.95905
69.19814
82.98985
93.82866
25.41415
34.86835
73.01837
89.83019
47.66767
23.07623
12.93629
11.65542
42.46728
51.41068
86.29399
39.66970
80.23113
94.50122
61.42950
76.14377
81.38847
71.54460
62.94483
51.15413
54.31451
80.06954
22.06731
19.25618
51.09564
75.66668
92.08282
56.84470
98.56151
19.22811
54.23649
62.58547
16.96190
60.45009
82.95056
40.45489
48.03882
93.15336
93.87098
47.19113
39.73904
3.40535
24.49660
49.48545
85.34395
11.06993
75.83172
56.65633
99.08768
43.98853
15.35586
47.68758
64.35500
34.89832
4.65645
56.28239
93.14344
0.66528
57.05589
19.97141
47.12691
17.06409
71.54443
44.14985
19.64125
80.85996
74.69126
5.19942
87.51234
6.29072
87.78044
54.54762
7.79926
67.90294
98.01058
29.34143
71.18270
10.45400
51.61923
90.02876
91.09574
23.07428
16.77968
10.73681
4.18469
8.21384
8.04737
43.53049
38.55411
48.62987
86.66651
74.86471
72.11598
88.88756
70.01873
36.27937
20.59285
31.41747
31.43684
83.36015
82.42001
4.55571
31.11435
41.31291
34.79873
79.05370
35.30325
46.59740
39.23092
64.91888
95.54613
26.72750
29.61789
70.25217
82.29812
45.02838
29.29862
30.97365
47.67088
62.63785
57.99082
98.30740
61.05853
54.79673
48.74411
30.08390
75.03457
29.00244
27.07588
95.92541
81.41562
50.05357
52.51613
73.71103
89.60368
86.22962
21.57858
41.15026
23.73771
70.89269
4.16285
59.84281
30.01662
34.07140
36.21730
15.85890
56.94565
69.58774
70.67608
0.27206
17.95779
6.07337
93.53267
28.68071
40.63166
70.15905
83.22520
94.96974
15.92755
56.26091
31.29690
64.06508
57.57132
91.03274
61.25031
90.06085
71.39689
55.80394
64.53112
65.29714
76.06623
26.93763
26.71926
8.32646
55.54823
14.77838
12.97257
97.22897
37.94435
75.12842
71.53673
52.64516
17.08314
28.30201
52.73267
43.47133
98.55945
41.44243
66.32031
49.46002
31.32218
32.51787
69.14410
36.98416
78.91963
98.31519
28.07548
34.55182
93.26176
61.65517
9.80344
18.21883
39.27794
98.46818
24.27402
11.24619
57.48504
15.60234
69.26584
89.55666
72.76821
69.38747
47.57147
41.16403
82.93439
0.24304
33.81803
87.79761
58.08382
60.35239
26.48722
38.91826
56.18161
1.47737
33.13908
42.63193
36.66498
11.81647
6.50031
22.42604
74.91111
0.92327
87.24129
95.16997
7.49759
11.34187
72.77161
14.76947
99.05525
95.46734
83.96899
15.49045
36.33372
5.32296
10.89017
77.06053
86.09809
52.56461
12.18605
89.32765
26.51308
62.92303
83.55369
81.51415
12.56194
68.30520
82.63208
38.68445
42.03481
51.64154
97.05365
66.74095
96.12827
5.62835
89.99600
24.28552
13.08752
65.45579
61.42452
5.81463
52.60091
70.16493
60.75935
42.57545
52.59981
40.52654
53.24516
33.27235
36.38859
12.81852
24.31246
98.75072
73.68150
22.13329
81.59538
51.90616
21.28889
73.23604
87.09795
20.94720
13.72300
99.17240
73.99041
57.44432
78.59672
88.62537
24.36625
48.66573
46.11723
18.40694
28.04102
32.27274
30.47719
93.16581
0.99589
80.33123
86.08062
81.01787
10.51735
85.39363
45.84487
61.67873
70.77553
97.09463
7.29803
80.12218
95.23883
26.16483
63.53254
87.16917
40.50800
77.77926
41.11447
19.15435
69.04202
1.70358
17.71586
96.42589
35.67420
90.81224
23.82805
64.98406
63.63446
50.20288
69.24313
33.19365
83.80840
61.47823
7.32657
2.57268
4.31406
68.13754
78.21060
86.86994
34.93501
47.37638
35.38120
53.76926
18.38394
92.73180
39.04724
99.04272
67.83552
75.20883
0.01708
46.02691
95.33095
6.81605
0.42501
78.24240
16.07505
23.61444
41.47461
32.67591
18.48132
17.63002
14.10180
80.63260
84.47836
97.38193
9.42012
76.45031
42.01065
43.01773
45.94260
12.92974
30.90720
62.08075
58.56538
58.48190
7.28797
3.68795
30.85639
58.62610
13.66850
24.79544
87.67136
95.82898
18.63579
22.13718
82.80532
38.95996
48.40182
27.34451
64.16783
59.96806
71.81082
92.68830
90.64177
95.21609
11.41356
51.98274
18.09272
6.84573
16.67148
17.79542
2.94318
51.39071
62.55319
51.97074
26.10897
83.86190
36.82641
38.16223
15.91392
51.70163
10.49584
72.27212
38.10781
86.16364
70.77803
41.08694
26.96570
96.67871
16.21629
39.92993
74.32817
83.56387
43.21586
21.12511
11.24276
3.69179
48.21434
42.23497
45.82799
64.63741
59.90500
46.57024
48.48833
55.74638
7.22288
25.77793
70.16817
35.93341
31.52413
88.05593
69.46386
59.29181
77.10681
29.59191
20.10915
38.81775
90.79682
29.37201
32.37754
55.90975
96.45324
84.94809
1.88728
12.78615
35.43150
67.77647
67.12174
9.31152
74.30059
93.89963
10.09844
41.08574
36.08763
1.50227
8.34758
57.37648
19.08397
61.64307
61.70035
75.72081
41.49693
95.79462
10.61289
62.00683
86.50397
66.16965
59.71487
17.32536
31.16826
4.39156
98.25910
43.71892
79.31772
94.88028
2.53498
6.47153
17.06897
97.98786
73.02441
68.85134
25.66547
9.92773
92.17133
37.01152
89.70918
16.82320
54.32344
62.66181
69.34350
18.77879
89.30808
75.92868
95.51552
2.02405
93.42409
83.62129
50.65956
10.81609
51.45019
0.14600
15.62420
3.96729
23.64977
59.50795
90.06821
64.35295
46.87195
80.44415
81.89760
20.90000
70.92443
56.37375
60.36037
52.08145
7.20434
24.45482
1.09991
53.33417
38.98454
36.90183
54.14469
44.12947
42.18295
17.18079
45.12103
57.13656
54.38964
23.22262
55.81777
69.09545
5.52539
37.96470
26.82148
31.56244
63.09180
13.48968
14.34734
50.58868
35.00806
46.84874
11.11690
12.60041
43.48410
5.97044
33.20763
91.59718
79.23354
61.69463
44.22882
40.02247
31.77419
97.93094
7.43758
47.99419
50.21094
54.08411
5.83690
46.14020
48.38631
3.57682
43.98159
78.80521
34.75886
45.31320
93.49924
30.80625
37.64863
92.79011
62.54668
6.13998
70.76259
22.90461
60.63925
97.45814
88.42040
0.77247
30.27762
43.59567
94.06132
43.07706
52.06732
42.78523
14.84513
4.36260
24.13005
28.59701
89.52467
20.38875
86.52955
39.42588
52.46372
52.16701
82.68607
28.38682
90.91583
68.32173
86.59261
15.63993
45.00201
77.75555
10.93092
19.39599
84.42826
37.48064
13.29080
96.79191
91.67446
2.93174
75.17663
98.35054
55.91002
45.55633
45.69324
51.03347
90.99510
91.11996
39.32238
91.68405
74.11802
56.27190
52.19403
65.03788
5.25573
83.01912
85.64376
73.53886
73.11343
7.18655
45.11523
93.29752
53.74939
55.88283
92.69509
83.49068
54.74563
70.76861
30.21540
81.53641
8.88114
21.94256
93.11413
74.97519
12.17203
75.21255
49.41553
86.57585
75.36693
85.87121
38.96253
35.32935
91.90109
53.76114
47.35053
23.91155
68.79692
89.45088
9.77653
31.42118
29.51433
66.14378
63.30476
13.99865
58.78685
20.53467
28.58844
62.87281
65.54011
82.56556
10.46059
15.87196
64.43321
70.43640
35.79229
48.50617
9.39226
1.02807
75.97295
39.65382
94.15072
35.91673
39.60820
64.76065
69.67467
24.20431
53.60941
49.30686
56.75995
13.55427
75.56273
0.49945
41.39671
78.42447
84.34323
61.89656
91.35563
24.43802
81.35428
53.42406
45.83091
33.06109
71.00099
11.74982
63.07387
35.30502
91.68349
99.12713
96.16137
20.96420
18.15864
0.69398
18.48125
10.35322
99.73548
79.52067
26.97280
2.44082
50.02757
75.56541
98.29619
90.87432
46.56496
59.43067
65.67503
32.01696
75.83409
5.83545
57.13251
40.80303
37.25508
23.47084
73.24609
52.99000
26.23498
34.66503
31.62554
69.79795
81.77405
8.11035
45.87774
27.77351
78.30766
54.99478
38.82265
47.12936
88.39557
79.08738
6.14509
3.93087
26.60404
33.51276
17.12855
29.79087
52.70364
95.77696
2.91719
41.07599
62.71938
71.16091
87.40872
94.55805
44.99377
13.94789
50.42135
57.03137
53.36825
33.65476
40.06653
19.46613
44.71706
0.04381
10.64668
52.56860
27.34660
59.51700
85.17513
70.42825
20.99069
56.05765
79.82689
70.64990
46.39360
24.61017
34.93891
87.32616
51.17211
5.80898
47.08366
21.88558
54.95846
15.25023
28.39763
79.78788
76.52792
92.80262
47.05929
23.49741
20.71634
52.59285
69.35993
38.07484
67.67992
74.17178
12.04823
98.26027
81.97806
52.27777
16.00689
95.14068
10.35265
45.52746
14.80092
3.59901
59.57619
13.84064
26.41013
31.58262
8.22352
61.60369
17.10579
7.27733
57.47516
47.76839
86.72862
57.33384
40.23212
62.80692
64.13910
46.61874
78.06662
70.25378
96.95858
99.40759
91.99494
46.96742
98.45959
50.42507
25.12776
32.74598
70.79835
46.97287
93.42961
20.18258
14.22643
62.23996
28.46027
14.91156
8.74265
40.28823
31.45495
5.50203
94.65313
77.92066
65.38126
1.62759
61.45047
83.59831
6.75510
55.17256
54.80532
37.90809
34.01804
18.54193
5.15861
11.34787
97.82987
19.47133
88.45306
65.86572
76.73002
29.13679
55.63726
34.36966
6.96509
0.37045
73.11785
17.83984
31.60797
82.21567
40.40781
21.87877
35.64933
33.21322
33.00284
91.17775
55.02392
73.22044
11.28880
21.11383
69.87967
94.30020
84.41332
55.68734
38.22312
73.23650
31.82672
38.45392
92.38189
71.77437
80.46551
6.71622
72.87026
41.15945
18.03718
1.25645
38.61643
20.56187
15.11517
72.29288
29.24579
32.63483
63.27866
31.64657
76.02605
32.34587
73.88126
55.44296
35.11733
61.36476
13.39539
14.45715
91.85602
37.84630
33.78603
2.44763
46.86238
1.70511
66.66528
27.22034
12.97068
57.32969
16.42529
24.14390
47.04043
23.23218
44.10252
1.76990
43.54825
23.80102
16.69122
30.03852
57.09621
9.67785
84.38630
75.02698
21.86075
0.30286
62.75419
38.23114
41.20897
86.03308
32.20989
95.34846
41.52390
83.40476
15.51523
4.10191
42.78801
76.22199
34.23453
3.80124
78.44392
77.81182
68.13734
52.69582
99.95937
7.92256
47.55352
12.35339
21.35922
66.54641
84.08027
62.03100
19.59505
56.48309
45.05879
13.86723
81.29516
5.43715
21.82252
18.17923
70.30306
44.65203
84.85543
48.58560
8.51523
26.09353
53.74743
73.69730
58.51266
53.26482
24.01207
73.26903
99.72036
43.92294
22.09518
27.30144
36.06986
21.07421
85.63575
9.29678
49.34714
60.22796
68.00822
2.48639
29.57863
95.00706
94.62256
46.96241
59.50150
62.75141
1.32154
50.53942
37.89460
13.68377
13.64061
63.39028
74.99830
23.64249
77.86057
66.60513
81.68659
44.44380
74.24744
17.70307
36.34998
35.06415
55.67257
5.55339
42.51460
33.92509
15.88166
3.97246
90.64706
73.33808
46.33480
49.01317
22.71170
58.38686
76.26203
62.30275
37.91575
36.15691
53.45161
50.55469
47.82414
7.59200
86.00334
3.21879
63.85406
64.45611
25.46050
93.09975
15.80935
11.16858
58.36152
78.75309
99.32033
80.74286
67.43906
6.14082
45.13507
73.24460
14.79227
4.07683
43.06120
16.21941
27.05660
43.68013
75.95658
66.07291
36.08378
78.37499
24.36511
50.79188
75.77238
18.25608
59.72268
26.46505
60.67354
12.17531
0.92061
4.01861
58.02563
18.08855
10.33208
79.25528
23.01476
44.31540
8.67166
17.55908
15.35444
34.42212
67.11096
76.13981
86.52532
27.43367
34.31862
22.64280
57.55908
81.13297
72.12141
46.16021
39.32011
25.82545
63.57730
53.46992
20.98718
25.66368
20.33247
3.16441
6.41713
86.23024
2.15481
55.12058
36.90980
27.02801
16.94225
77.47265
29.74880
32.48518
10.95464
92.44326
39.41925
25.39737
5.87851
78.46468
37.67074
46.75154
13.86440
67.64686
62.77582
63.86730
7.74514
36.14430
69.60846
49.02343
68.17342
97.13804
67.91161
0.52218
70.81403
75.56445
78.39255
66.74325
44.19341
45.73591
91.70247
20.06276
11.30843
56.89419
91.81164
81.49484
5.65880
70.69623
84.28160
54.69429
3.12074
20.47274
25.43348
92.04999
0.11165
61.95769
13.18833
56.38089
23.46827
80.20174
78.63281
53.75848
14.45235
2.87998
76.28559
68.52498
51.38472
43.56575
70.44101
96.47363
47.74033
79.97628
17.38352
12.30994
9.16917
52.21100
47.13718
10.76536
69.84639
81.94871
61.78111
15.93389
20.99407
55.58652
51.12041
14.88972
50.47841
35.38835
69.19459
45.92207
65.56501
27.49147
99.00070
69.21242
80.91600
7.16986
43.69958
39.18857
32.73771
91.46615
19.10594
73.20074
24.06997
65.13182
90.67926
66.84886
56.71756
88.27688
73.39424
38.91863
73.63768
1.33790
65.98757
9.54164
72.27495
67.72013
78.86624
41.29699
43.04098
93.35252
85.29826
28.85142
37.83162
15.41440
64.28828
88.96794
61.89017
44.11444
47.78301
10.05710
0.72807
62.78099
10.77669
45.03848
1.47100
8.97521
67.47132
63.06822
72.99897
8.06377
5.08727
26.56150
79.50120
69.94962
18.83353
23.76980
64.77144
7.57324
84.07219
69.12626
40.47457
29.88180
44.81722
30.22506
99.08681
42.50685
10.28285
63.69938
87.19108
51.94816
63.86416
37.67095
31.74305
38.27441
4.32145
42.65116
66.61991
7.89202
55.93810
80.80783
78.08456
42.62311
32.62038
53.32332
28.81862
60.96469
15.64534
44.18789
47.26548
24.64717
99.77026
48.72183
23.96349
67.78500
11.96054
30.64877
10.93888
86.20849
34.06889
13.00786
91.58200
48.24516
52.62490
25.28580
4.85902
30.14006
94.51809
58.81832
96.44130
40.37093
59.71488
92.81210
5.33742
49.73813
68.38492
96.40569
85.16664
38.38008
78.22327
32.73975
16.23942
88.75027
68.00531
91.84798
95.47555
20.31996
11.84001
60.40510
36.47716
80.91522
58.77212
46.55469
43.25508
11.47575
67.19241
81.43011
15.66324
89.14654
5.39572
63.39037
35.24152
69.65220
74.17267
43.41902
33.48227
63.46600
34.87153
71.19822
90.61699
11.09039
27.85179
42.50840
41.48480
10.68912
86.51275
81.58939
56.04203
27.88202
64.42183
63.40825
89.44438
22.42602
71.92170
75.96565
80.48076
26.58496
80.27607
89.44416
13.66223
27.16329
24.67450
28.00578
28.23600
42.84889
1.96401
23.70410
15.08992
44.87437
52.51374
1.45460
30.06446
91.71469
85.80086
80.75361
9.90099
75.18813
93.72757
44.65318
0.03726
20.05126
31.94142
4.82074
73.01516
97.21017
97.71283
94.98267
77.92993
69.94695
71.31529
3.77650
70.40795
14.01630
74.68430
7.82809
86.00464
66.87521
47.43996
19.74064
81.29542
18.18683
33.19108
78.48442
80.89140
45.96302
18.14622
81.54493
15.28159
37.34123
90.16298
23.49998
48.81614
11.87554
43.08655
5.57260
10.30489
90.34212
34.23415
44.52393
51.63175
67.03459
60.94459
56.31257
96.19542
20.84676
62.72830
92.88649
59.47748
50.58624
85.71143
12.51919
21.44786
54.10754
65.87899
53.59255
13.78119
53.32239
0.31974
74.41558
48.06339
93.58551
17.47382
7.58176
56.80714
37.30742
70.10559
48.56381
89.54783
8.89941
63.96789
51.76958
70.28962
38.45234
9.60348
30.84923
19.77596
75.20897
45.80374
55.98807
5.76613
46.14592
43.78039
91.84478
81.37767
56.12035
58.97426
62.66298
15.41091
62.04597
12.48752
49.61407
62.76493
54.18686
1.12035
75.46514
94.68762
81.79921
15.41545
43.04519
21.40073
26.74153
17.18079
51.58534
76.36416
45.73089
85.41340
37.95407
52.66653
15.00207
75.08089
32.22848
68.28994
94.43589
95.19108
56.66092
6.80260
11.57930
90.73971
44.73470
43.83742
44.78402
2.97754
57.72215
62.17700
29.10243
50.64978
85.82538
40.54497
94.71854
52.38636
54.25452
56.45818
69.89629
85.75113
21.99688
54.16394
7.35641
89.42056
2.45764
5.43163
5.99811
63.37467
3.61453
73.10319
97.73076
46.31363
82.03087
53.78999
71.87054
25.37532
55.11599
1.64621
22.02033
57.02374
83.41294
34.99769
82.01459
98.28357
23.43467
77.75887
47.04317
73.20837
33.11262
1.95300
82.11608
91.98325
35.57532
53.61952
90.15418
80.27607
78.90197
54.56757
80.56659
7.26360
61.43959
99.72910
90.41224
36.73769
30.09419
58.49515
91.00829
3.61540
51.46155
14.68092
9.48069
46.76291
11.39283
83.18110
67.63348
72.00868
82.71580
1.63159
15.35085
82.52478
90.34395
37.26902
44.32622
89.34196
59.40268
87.93283
56.84782
36.01267
4.69284
43.52692
65.52641
67.04508
31.48160
99.29041
60.15796
32.42170
31.69507
49.46453
43.73844
69.17343
46.96573
9.93232
92.72697
66.52070
56.83563
92.95840
40.68661
56.64176
68.11445
93.20035
6.72940
53.78514
62.64310
24.36465
82.93980
70.14280
18.77605
74.68883
94.64263
81.91990
41.54849
3.87882
29.02639
32.31173
6.59620
26.78200
38.35532
22.64272
28.24744
93.55324
98.68328
62.85789
76.24004
59.98929
70.18970
5.75173
1.34465
5.56858
14.62925
51.09247
95.83728
20.69781
42.07151
92.27654
19.59047
76.61834
37.68348
8.35540
12.06780
5.98095
94.15294
30.50445
75.73218
46.83363
81.63599
17.52339
51.22790
24.84292
55.36126
96.34047
12.09596
6.64200
27.33049
22.15657
36.02660
2.47091
58.12839
74.23867
14.86445
69.05101
98.73192
17.43997
5.31782
52.30414
79.13462
2.55906
10.59845
29.22969
18.35172
15.62452
61.38965
27.04223
35.14028
13.86444
31.45696
76.31241
91.00154
75.27155
24.32260
99.37625
57.49560
82.48048
71.45989
76.45564
96.52385
20.50376
44.33170
80.09611
29.40776
52.41392
35.46150
87.04293
54.08739
19.65881
90.56908
62.52781
9.99862
20.64428
50.45781
88.60108
8.34813
6.90363
98.33957
59.08667
87.73046
97.96276
62.45392
26.95556
86.55347
1.58852
58.36025
55.13448
8.92264
37.97600
6.53093
73.63570
20.24084
46.71459
27.81070
28.17651
27.42891
71.40931
87.53411
96.75898
12.53356
80.65970
41.73945
5.85073
22.80837
41.77064
72.48257
17.49228
62.88824
82.77197
93.86793
30.54836
52.69290
68.58408
65.05716
88.13109
24.10960
7.16101
52.67559
92.40752
83.97994
51.49312
5.58062
32.67973
0.52832
80.14330
82.79451
40.93568
18.80896
8.37009
32.77987
36.87238
65.01247
78.73664
55.25552
40.37009
52.32589
27.48013
77.56199
73.44443
92.07964
30.76868
50.93080
62.81266
23.08778
12.25320
80.38029
82.84153
85.32866
29.43004
24.82285
8.86511
13.54629
22.11833
71.99791
3.25148
50.98216
84.12192
83.32782
80.47245
75.24091
72.50996
8.44944
41.02956
80.29669
8.93825
73.26187
43.86373
27.14116
5.16553
16.01647
97.30452
36.50637
45.36563
15.99373
92.74794
74.62423
14.42781
