4.37186
54.37186
79.37186
29.37186
41.87186
91.87186
66.87186
16.87186
23.12186
73.12186
98.12186
48.12186
35.62186
85.62186
60.62186
10.62186
7.49686
57.49686
82.49686
32.49686
44.99686
94.99686
69.99686
19.99686
13.74686
63.74686
88.74686
38.74686
26.24686
76.24686
51.24686
1.24686
0.85623
50.85623
75.85623
25.85623
38.35623
88.35623
63.35623
13.35623
19.60623
69.60623
94.60623
44.60623
32.10623
82.10623
57.10623
7.10623
10.23123
60.23123
85.23123
35.23123
47.73123
97.73123
72.73123
22.73123
16.48123
66.48123
91.48123
41.48123
28.98123
78.98123
53.98123
3.98123
5.54373
55.54373
80.54373
30.54373
43.04373
93.04373
68.04373
18.04373
24.29373
74.29373
99.29373
49.29373
36.79373
86.79373
61.79373
11.79373
8.66873
58.66873
83.66873
33.66873
46.16873
96.16873
71.16873
21.16873
14.91873
64.91873
89.91873
39.91873
27.41873
77.41873
52.41873
2.41873
1.63748
51.63748
76.63748
26.63748
39.13748
89.13748
64.13748
14.13748
20.38748
70.38748
95.38748
45.38748
32.88748
82.88748
57.88748
7.88748
11.01248
61.01248
86.01248
36.01248
48.51248
98.51248
73.51248
23.51248
17.26248
67.26248
92.26248
42.26248
29.76248
79.76248
54.76248
4.76248
3.19998
53.19998
78.19998
28.19998
40.69998
90.69998
65.69998
15.69998
21.94998
71.94998
96.94998
46.94998
34.44998
84.44998
59.44998
9.44998
6.32498
56.32498
81.32498
31.32498
43.82498
93.82498
68.82498
18.82498
12.57498
62.57498
87.57498
37.57498
25.07498
75.07498
50.07498
0.07498
0.05057
50.05057
75.05057
25.05057
37.55057
87.55057
62.55057
12.55057
18.80057
68.80057
93.80057
43.80057
31.30057
81.30057
56.30057
6.30057
9.42557
59.42557
84.42557
34.42557
46.92557
96.92557
71.92557
21.92557
15.67557
65.67557
90.67557
40.67557
28.17557
78.17557
53.17557
3.17557
4.73807
54.73807
79.73807
29.73807
42.23807
92.23807
67.23807
17.23807
23.48807
73.48807
98.48807
48.48807
35.98807
85.98807
60.98807
10.98807
7.86307
57.86307
82.86307
32.86307
45.36307
95.36307
70.36307
20.36307
14.11307
64.11307
89.11307
39.11307
26.61307
76.61307
51.61307
1.61307
2.39432
52.39432
77.39432
27.39432
39.89432
89.89432
64.89432
14.89432
21.14432
71.14432
96.14432
46.14432
33.64432
83.64432
58.64432
8.64432
11.76932
61.76932
86.76932
36.76932
49.26932
99.26932
74.26932
24.26932
18.01932
68.01932
93.01932
43.01932
30.51932
80.51932
55.51932
5.51932
3.95682
53.95682
78.95682
28.95682
41.45682
91.45682
66.45682
16.45682
22.70682
72.70682
97.70682
47.70682
35.20682
85.20682
60.20682
10.20682
7.08182
57.08182
82.08182
32.08182
44.58182
94.58182
69.58182
19.58182
13.33182
63.33182
88.33182
38.33182
25.83182
75.83182
50.83182
0.83182
1.22244
51.22244
76.22244
26.22244
38.72244
88.72244
63.72244
13.72244
19.97244
69.97244
94.97244
44.97244
32.47244
82.47244
57.47244
7.47244
10.59744
60.59744
85.59744
35.59744
48.09744
98.09744
73.09744
23.09744
16.84744
66.84744
91.84744
41.84744
29.34744
79.34744
54.34744
4.34744
5.90994
55.90994
80.90994
30.90994
43.40994
93.40994
68.40994
18.40994
24.65994
74.65994
99.65994
49.65994
37.15994
87.15994
62.15994
12.15994
9.03494
59.03494
84.03494
34.03494
46.53494
96.53494
71.53494
21.53494
15.28494
65.28494
90.28494
40.28494
27.78494
77.78494
52.78494
2.78494
2.00369
52.00369
77.00369
27.00369
39.50369
89.50369
64.50369
14.50369
20.75369
70.75369
95.75369
45.75369
33.25369
83.25369
58.25369
8.25369
11.37869
61.37869
86.37869
36.37869
48.87869
98.87869
73.87869
23.87869
17.62869
67.62869
92.62869
42.62869
30.12869
80.12869
55.12869
5.12869
3.56619
53.56619
78.56619
28.56619
41.06619
91.06619
66.06619
16.06619
22.31619
72.31619
97.31619
47.31619
34.81619
84.81619
59.81619
9.81619
6.69119
56.69119
81.69119
31.69119
44.19119
94.19119
69.19119
19.19119
12.94119
62.94119
87.94119
37.94119
25.44119
75.44119
50.44119
0.44119
0.63651
50.63651
75.63651
25.63651
38.13651
88.13651
63.13651
13.13651
19.38651
69.38651
94.38651
44.38651
31.88651
81.88651
56.88651
6.88651
10.01151
60.01151
85.01151
35.01151
47.51151
97.51151
72.51151
22.51151
16.26151
66.26151
91.26151
41.26151
28.76151
78.76151
53.76151
3.76151
5.32401
55.32401
80.32401
30.32401
42.82401
92.82401
67.82401
17.82401
24.07401
74.07401
99.07401
49.07401
36.57401
86.57401
61.57401
11.57401
8.44901
58.44901
83.44901
33.44901
45.94901
95.94901
70.94901
20.94901
14.69901
64.69901
89.69901
39.69901
27.19901
77.19901
52.19901
2.19901
2.98026
52.98026
77.98026
27.98026
40.48026
90.48026
65.48026
15.48026
21.73026
71.73026
96.73026
46.73026
34.23026
84.23026
59.23026
9.23026
12.35526
62.35526
87.35526
37.35526
49.85526
99.85526
74.85526
24.85526
18.60526
68.60526
93.60526
43.60526
31.10526
81.10526
56.10526
6.10526
4.54276
54.54276
79.54276
29.54276
42.04276
92.04276
67.04276
17.04276
23.29276
73.29276
98.29276
48.29276
35.79276
85.79276
60.79276
10.79276
7.66776
57.66776
82.66776
32.66776
45.16776
95.16776
70.16776
20.16776
13.91776
63.91776
88.91776
38.91776
26.41776
76.41776
51.41776
1.41776
1.02713
51.02713
76.02713
26.02713
38.52713
88.52713
63.52713
13.52713
19.77713
69.77713
94.77713
44.77713
32.27713
82.27713
57.27713
7.27713
10.40213
60.40213
85.40213
35.40213
47.90213
97.90213
72.90213
22.90213
16.65213
66.65213
91.65213
41.65213
29.15213
79.15213
54.15213
4.15213
5.71463
55.71463
80.71463
30.71463
43.21463
93.21463
68.21463
18.21463
24.46463
74.46463
99.46463
49.46463
36.96463
86.96463
61.96463
11.96463
8.83963
58.83963
83.83963
33.83963
46.33963
96.33963
71.33963
21.33963
15.08963
65.08963
90.08963
40.08963
27.58963
77.58963
52.58963
2.58963
1.80838
51.80838
76.80838
26.80838
39.30838
89.30838
64.30838
14.30838
20.55838
70.55838
95.55838
45.55838
33.05838
83.05838
58.05838
8.05838
11.18338
61.18338
86.18338
36.18338
48.68338
98.68338
73.68338
23.68338
17.43338
67.43338
92.43338
42.43338
29.93338
79.93338
54.93338
4.93338
3.37088
53.37088
78.37088
28.37088
40.87088
90.87088
65.87088
15.87088
22.12088
72.12088
97.12088
47.12088
34.62088
84.62088
59.62088
9.62088
6.49588
56.49588
81.49588
31.49588
43.99588
93.99588
68.99588
18.99588
12.74588
62.74588
87.74588
37.74588
25.24588
75.24588
50.24588
0.24588
0.34354
50.34354
75.34354
25.34354
37.84354
87.84354
62.84354
12.84354
19.09354
69.09354
94.09354
44.09354
31.59354
81.59354
56.59354
6.59354
9.71854
59.71854
84.71854
34.71854
47.21854
97.21854
72.21854
22.21854
15.96854
65.96854
90.96854
40.96854
28.46854
78.46854
53.46854
3.46854
5.03104
55.03104
80.03104
30.03104
42.53104
92.53104
67.53104
17.53104
23.78104
73.78104
98.78104
48.78104
36.28104
86.28104
61.28104
11.28104
8.15604
58.15604
83.15604
33.15604
45.65604
95.65604
70.65604
20.65604
14.40604
64.40604
89.40604
39.40604
26.90604
76.90604
51.90604
1.90604
2.68729
52.68729
77.68729
27.68729
40.18729
90.18729
65.18729
15.18729
21.43729
71.43729
96.43729
46.43729
33.93729
83.93729
58.93729
8.93729
12.06229
62.06229
87.06229
37.06229
49.56229
99.56229
74.56229
24.56229
18.31229
68.31229
93.31229
43.31229
30.81229
80.81229
55.81229
5.81229
4.24979
54.24979
79.24979
29.24979
41.74979
91.74979
66.74979
16.74979
22.99979
72.99979
97.99979
47.99979
35.49979
85.49979
60.49979
10.49979
7.37479
57.37479
82.37479
32.37479
44.87479
94.87479
69.87479
19.87479
13.62479
63.62479
88.62479
38.62479
26.12479
76.12479
51.12479
1.12479
1.51541
51.51541
76.51541
26.51541
39.01541
89.01541
64.01541
14.01541
20.26541
70.26541
95.26541
45.26541
32.76541
82.76541
57.76541
7.76541
10.89041
60.89041
85.89041
35.89041
48.39041
98.39041
73.39041
23.39041
17.14041
67.14041
92.14041
42.14041
29.64041
79.64041
54.64041
4.64041
6.20291
56.20291
81.20291
31.20291
43.70291
93.70291
68.70291
18.70291
24.95291
74.95291
99.95291
49.95291
37.45291
87.45291
62.45291
12.45291
9.32791
59.32791
84.32791
34.32791
46.82791
96.82791
71.82791
21.82791
15.57791
65.57791
90.57791
40.57791
28.07791
78.07791
53.07791
3.07791
2.29666
52.29666
77.29666
27.29666
39.79666
89.79666
64.79666
14.79666
21.04666
71.04666
96.04666
46.04666
33.54666
83.54666
58.54666
8.54666
11.67166
61.67166
86.67166
36.67166
49.17166
99.17166
74.17166
24.17166
17.92166
67.92166
92.92166
42.92166
30.42166
80.42166
55.42166
5.42166
3.85916
53.85916
78.85916
28.85916
41.35916
91.35916
66.35916
16.35916
22.60916
72.60916
97.60916
47.60916
35.10916
85.10916
60.10916
10.10916
6.98416
56.98416
81.98416
31.98416
44.48416
94.48416
69.48416
19.48416
13.23416
63.23416
88.23416
38.23416
25.73416
75.73416
50.73416
0.73416
0.53885
50.53885
75.53885
25.53885
38.03885
88.03885
63.03885
13.03885
19.28885
69.28885
94.28885
44.28885
31.78885
81.78885
56.78885
6.78885
9.91385
59.91385
84.91385
34.91385
47.41385
97.41385
72.41385
22.41385
16.16385
66.16385
91.16385
41.16385
28.66385
78.66385
53.66385
3.66385
5.22635
55.22635
80.22635
30.22635
42.72635
92.72635
67.72635
17.72635
23.97635
73.97635
98.97635
48.97635
36.47635
86.47635
61.47635
11.47635
8.35135
58.35135
83.35135
33.35135
45.85135
95.85135
70.85135
20.85135
14.60135
64.60135
89.60135
39.60135
27.10135
77.10135
52.10135
2.10135
2.88260
52.88260
77.88260
27.88260
40.38260
90.38260
65.38260
15.38260
21.63260
71.63260
96.63260
46.63260
34.13260
84.13260
59.13260
9.13260
12.25760
62.25760
87.25760
37.25760
49.75760
99.75760
74.75760
24.75760
18.50760
68.50760
93.50760
43.50760
31.00760
81.00760
56.00760
6.00760
4.44510
54.44510
79.44510
29.44510
41.94510
91.94510
66.94510
16.94510
23.19510
73.19510
98.19510
48.19510
35.69510
85.69510
60.69510
10.69510
7.57010
57.57010
82.57010
32.57010
45.07010
95.07010
70.07010
20.07010
13.82010
63.82010
88.82010
38.82010
26.32010
76.32010
51.32010
1.32010
0.92947
50.92947
75.92947
25.92947
38.42947
88.42947
63.42947
13.42947
19.67947
69.67947
94.67947
44.67947
32.17947
82.17947
57.17947
7.17947
10.30447
60.30447
85.30447
35.30447
47.80447
97.80447
72.80447
22.80447
16.55447
66.55447
91.55447
41.55447
29.05447
79.05447
54.05447
4.05447
5.61697
55.61697
80.61697
30.61697
43.11697
93.11697
68.11697
18.11697
24.36697
74.36697
99.36697
49.36697
36.86697
86.86697
61.86697
11.86697
8.74197
58.74197
83.74197
33.74197
46.24197
96.24197
71.24197
21.24197
14.99197
64.99197
89.99197
39.99197
27.49197
77.49197
52.49197
2.49197
1.71072
51.71072
76.71072
26.71072
39.21072
89.21072
64.21072
14.21072
20.46072
70.46072
95.46072
45.46072
32.96072
82.96072
57.96072
7.96072
11.08572
61.08572
86.08572
36.08572
48.58572
98.58572
73.58572
23.58572
17.33572
67.33572
92.33572
42.33572
29.83572
79.83572
54.83572
4.83572
3.27322
53.27322
78.27322
28.27322
40.77322
90.77322
65.77322
15.77322
22.02322
72.02322
97.02322
47.02322
34.52322
84.52322
59.52322
9.52322
6.39822
56.39822
81.39822
31.39822
43.89822
93.89822
68.89822
18.89822
12.64822
62.64822
87.64822
37.64822
25.14822
75.14822
50.14822
0.14822
0.09940
50.09940
75.09940
25.09940
37.59940
87.59940
62.59940
12.59940
18.84940
68.84940
93.84940
43.84940
31.34940
81.34940
56.34940
6.34940
9.47440
59.47440
84.47440
34.47440
46.97440
96.97440
71.97440
21.97440
15.72440
65.72440
90.72440
40.72440
28.22440
78.22440
53.22440
3.22440
4.78690
54.78690
79.78690
29.78690
42.28690
92.28690
67.28690
17.28690
23.53690
73.53690
98.53690
48.53690
36.03690
86.03690
61.03690
11.03690
7.91190
57.91190
82.91190
32.91190
45.41190
95.41190
70.41190
20.41190
14.16190
64.16190
89.16190
39.16190
26.66190
76.66190
51.66190
1.66190
2.44315
52.44315
77.44315
27.44315
39.94315
89.94315
64.94315
14.94315
21.19315
71.19315
96.19315
46.19315
33.69315
83.69315
58.69315
8.69315
11.81815
61.81815
86.81815
36.81815
49.31815
99.31815
74.31815
24.31815
18.06815
68.06815
93.06815
43.06815
30.56815
80.56815
55.56815
5.56815
4.00565
54.00565
79.00565
29.00565
41.50565
91.50565
66.50565
16.50565
22.75565
72.75565
97.75565
47.75565
35.25565
85.25565
60.25565
10.25565
7.13065
57.13065
82.13065
32.13065
44.63065
94.63065
69.63065
19.63065
13.38065
63.38065
88.38065
38.38065
25.88065
75.88065
50.88065
0.88065
1.27127
51.27127
76.27127
26.27127
38.77127
88.77127
63.77127
13.77127
20.02127
70.02127
95.02127
45.02127
32.52127
82.52127
57.52127
7.52127
10.64627
60.64627
85.64627
35.64627
48.14627
98.14627
73.14627
23.14627
16.89627
66.89627
91.89627
41.89627
29.39627
79.39627
54.39627
4.39627
5.95877
55.95877
80.95877
30.95877
43.45877
93.45877
68.45877
18.45877
24.70877
74.70877
99.70877
49.70877
37.20877
87.20877
62.20877
12.20877
9.08377
59.08377
84.08377
34.08377
46.58377
96.58377
71.58377
21.58377
15.33377
65.33377
90.33377
40.33377
27.83377
77.83377
52.83377
2.83377
2.05252
52.05252
77.05252
27.05252
39.55252
89.55252
64.55252
14.55252
20.80252
70.80252
95.80252
45.80252
33.30252
83.30252
58.30252
8.30252
11.42752
61.42752
86.42752
36.42752
48.92752
98.92752
73.92752
23.92752
17.67752
67.67752
92.67752
42.67752
30.17752
80.17752
55.17752
5.17752
3.61502
53.61502
78.61502
28.61502
41.11502
91.11502
66.11502
16.11502
22.36502
72.36502
97.36502
47.36502
34.86502
84.86502
59.86502
9.86502
6.74002
56.74002
81.74002
31.74002
44.24002
94.24002
69.24002
19.24002
12.99002
62.99002
87.99002
37.99002
25.49002
75.49002
50.49002
0.49002
0.68533
50.68533
75.68533
25.68533
38.18533
88.18533
63.18533
13.18533
19.43533
69.43533
94.43533
44.43533
31.93533
81.93533
56.93533
6.93533
10.06033
60.06033
85.06033
35.06033
47.56033
97.56033
72.56033
22.56033
16.31033
66.31033
91.31033
41.31033
28.81033
78.81033
53.81033
3.81033
5.37283
55.37283
80.37283
30.37283
42.87283
92.87283
67.87283
17.87283
24.12283
74.12283
99.12283
49.12283
36.62283
86.62283
61.62283
11.62283
8.49783
58.49783
83.49783
33.49783
45.99783
95.99783
70.99783
20.99783
14.74783
64.74783
89.74783
39.74783
27.24783
77.24783
52.24783
2.24783
3.02908
53.02908
78.02908
28.02908
40.52908
90.52908
65.52908
15.52908
21.77908
71.77908
96.77908
46.77908
34.27908
84.27908
59.27908
9.27908
12.40408
62.40408
87.40408
37.40408
49.90408
99.90408
74.90408
24.90408
18.65408
68.65408
93.65408
43.65408
31.15408
81.15408
56.15408
6.15408
4.59158
54.59158
79.59158
29.59158
42.09158
92.09158
67.09158
17.09158
23.34158
73.34158
98.34158
48.34158
35.84158
85.84158
60.84158
10.84158
7.71658
57.71658
82.71658
32.71658
45.21658
95.21658
70.21658
20.21658
13.96658
63.96658
88.96658
38.96658
26.46658
76.46658
51.46658
1.46658
1.07596
51.07596
76.07596
26.07596
38.57596
88.57596
63.57596
13.57596
19.82596
69.82596
94.82596
44.82596
32.32596
82.32596
57.32596
7.32596
10.45096
60.45096
85.45096
35.45096
47.95096
97.95096
72.95096
22.95096
16.70096
66.70096
91.70096
41.70096
29.20096
79.20096
54.20096
4.20096
5.76346
55.76346
80.76346
30.76346
43.26346
93.26346
68.26346
18.26346
24.51346
74.51346
99.51346
49.51346
37.01346
87.01346
62.01346
12.01346
8.88846
58.88846
83.88846
33.88846
46.38846
96.38846
71.38846
21.38846
15.13846
65.13846
90.13846
40.13846
27.63846
77.63846
52.63846
2.63846
1.85721
51.85721
76.85721
26.85721
39.35721
89.35721
64.35721
14.35721
20.60721
70.60721
95.60721
45.60721
33.10721
83.10721
58.10721
8.10721
11.23221
61.23221
86.23221
36.23221
48.73221
98.73221
73.73221
23.73221
17.48221
67.48221
92.48221
42.48221
29.98221
79.98221
54.98221
4.98221
3.41971
53.41971
78.41971
28.41971
40.91971
90.91971
65.91971
15.91971
22.16971
72.16971
97.16971
47.16971
34.66971
84.66971
59.66971
9.66971
6.54471
56.54471
81.54471
31.54471
44.04471
94.04471
69.04471
19.04471
12.79471
62.79471
87.79471
37.79471
25.29471
75.29471
50.29471
0.29471
0.19705
50.19705
75.19705
25.19705
37.69705
87.69705
62.69705
12.69705
18.94705
68.94705
93.94705
43.94705
31.44705
81.44705
56.44705
6.44705
9.57205
59.57205
84.57205
34.57205
47.07205
97.07205
72.07205
22.07205
15.82205
65.82205
90.82205
40.82205
28.32205
78.32205
53.32205
3.32205
4.88455
54.88455
79.88455
29.88455
42.38455
92.38455
67.38455
17.38455
23.63455
73.63455
98.63455
48.63455
36.13455
86.13455
61.13455
11.13455
8.00955
58.00955
83.00955
33.00955
45.50955
95.50955
70.50955
20.50955
14.25955
64.25955
89.25955
39.25955
26.75955
76.75955
51.75955
1.75955
2.54080
52.54080
77.54080
27.54080
40.04080
90.04080
65.04080
15.04080
21.29080
71.29080
96.29080
46.29080
33.79080
83.79080
58.79080
8.79080
11.91580
61.91580
86.91580
36.91580
49.41580
99.41580
74.41580
24.41580
18.16580
68.16580
93.16580
43.16580
30.66580
80.66580
55.66580
5.66580
4.10330
54.10330
79.10330
29.10330
41.60330
91.60330
66.60330
16.60330
22.85330
72.85330
97.85330
47.85330
35.35330
85.35330
60.35330
10.35330
7.22830
57.22830
82.22830
32.22830
44.72830
94.72830
69.72830
19.72830
13.47830
63.47830
88.47830
38.47830
25.97830
75.97830
50.97830
0.97830
1.36893
51.36893
76.36893
26.36893
38.86893
88.86893
63.86893
13.86893
20.11893
70.11893
95.11893
45.11893
32.61893
82.61893
57.61893
7.61893
10.74393
60.74393
85.74393
35.74393
48.24393
98.24393
73.24393
23.24393
16.99393
66.99393
91.99393
41.99393
29.49393
79.49393
54.49393
4.49393
6.05643
56.05643
81.05643
31.05643
43.55643
93.55643
68.55643
18.55643
24.80643
74.80643
99.80643
49.80643
37.30643
87.30643
62.30643
12.30643
9.18143
59.18143
84.18143
34.18143
46.68143
96.68143
71.68143
21.68143
15.43143
65.43143
90.43143
40.43143
27.93143
77.93143
52.93143
2.93143
2.15018
52.15018
77.15018
27.15018
39.65018
89.65018
64.65018
14.65018
20.90018
70.90018
95.90018
45.90018
33.40018
83.40018
58.40018
8.40018
11.52518
61.52518
86.52518
36.52518
49.02518
99.02518
74.02518
24.02518
17.77518
67.77518
92.77518
42.77518
30.27518
80.27518
55.27518
5.27518
3.71268
53.71268
78.71268
28.71268
41.21268
91.21268
66.21268
16.21268
22.46268
72.46268
97.46268
47.46268
34.96268
84.96268
59.96268
9.96268
6.83768
56.83768
81.83768
31.83768
44.33768
94.33768
69.33768
19.33768
13.08768
63.08768
88.08768
38.08768
25.58768
75.58768
50.58768
0.58768
0.39237
50.39237
75.39237
25.39237
37.89237
87.89237
62.89237
12.89237
19.14237
69.14237
94.14237
44.14237
31.64237
81.64237
56.64237
6.64237
9.76737
59.76737
84.76737
34.76737
47.26737
97.26737
72.26737
22.26737
16.01737
66.01737
91.01737
41.01737
28.51737
78.51737
53.51737
3.51737
5.07987
55.07987
80.07987
30.07987
42.57987
92.57987
67.57987
17.57987
23.82987
73.82987
98.82987
48.82987
36.32987
86.32987
61.32987
11.32987
8.20487
58.20487
83.20487
33.20487
45.70487
95.70487
70.70487
20.70487
14.45487
64.45487
89.45487
39.45487
26.95487
76.95487
51.95487
1.95487
2.73612
52.73612
77.73612
27.73612
40.23612
90.23612
65.23612
15.23612
21.48612
71.48612
96.48612
46.48612
33.98612
83.98612
58.98612
8.98612
12.11112
62.11112
87.11112
37.11112
49.61112
99.61112
74.61112
24.61112
18.36112
68.36112
93.36112
43.36112
30.86112
80.86112
55.86112
5.86112
4.29862
54.29862
79.29862
29.29862
41.79862
91.79862
66.79862
16.79862
23.04862
73.04862
98.04862
48.04862
35.54862
85.54862
60.54862
10.54862
7.42362
57.42362
82.42362
32.42362
44.92362
94.92362
69.92362
19.92362
13.67362
63.67362
88.67362
38.67362
26.17362
76.17362
51.17362
1.17362
0.78299
50.78299
75.78299
25.78299
38.28299
88.28299
63.28299
13.28299
19.53299
69.53299
94.53299
44.53299
32.03299
82.03299
57.03299
7.03299
10.15799
60.15799
85.15799
35.15799
47.65799
97.65799
72.65799
22.65799
16.40799
66.40799
91.40799
41.40799
28.90799
78.90799
53.90799
3.90799
5.47049
55.47049
80.47049
30.47049
42.97049
92.97049
67.97049
17.97049
24.22049
74.22049
99.22049
49.22049
36.72049
86.72049
61.72049
11.72049
8.59549
58.59549
83.59549
33.59549
46.09549
96.09549
71.09549
21.09549
14.84549
64.84549
89.84549
39.84549
27.34549
77.34549
52.34549
2.34549
1.56424
51.56424
76.56424
26.56424
39.06424
89.06424
64.06424
14.06424
20.31424
70.31424
95.31424
45.31424
32.81424
82.81424
57.81424
7.81424
10.93924
60.93924
85.93924
35.93924
48.43924
98.43924
73.43924
23.43924
17.18924
67.18924
92.18924
42.18924
29.68924
79.68924
54.68924
4.68924
3.12674
53.12674
78.12674
28.12674
40.62674
90.62674
65.62674
15.62674
21.87674
71.87674
96.87674
46.87674
34.37674
84.37674
59.37674
9.37674
6.25174
56.25174
81.25174
31.25174
43.75174
93.75174
68.75174
18.75174
12.50174
62.50174
87.50174
37.50174
25.00174
75.00174
50.00174
0.00174
0.00250
50.00250
75.00250
25.00250
37.50250
87.50250
62.50250
12.50250
18.75250
68.75250
93.75250
43.75250
31.25250
81.25250
56.25250
6.25250
9.37750
59.37750
84.37750
34.37750
46.87750
96.87750
71.87750
21.87750
15.62750
65.62750
90.62750
40.62750
28.12750
78.12750
53.12750
3.12750
4.69000
54.69000
79.69000
29.69000
42.19000
92.19000
67.19000
17.19000
23.44000
73.44000
98.44000
48.44000
35.94000
85.94000
60.94000
10.94000
7.81500
57.81500
82.81500
32.81500
45.31500
95.31500
70.31500
20.31500
14.06500
64.06500
89.06500
39.06500
26.56500
76.56500
51.56500
1.56500
2.34625
52.34625
77.34625
27.34625
39.84625
89.84625
64.84625
14.84625
21.09625
71.09625
96.09625
46.09625
33.59625
83.59625
58.59625
8.59625
11.72125
61.72125
86.72125
36.72125
49.22125
99.22125
74.22125
24.22125
17.97125
67.97125
92.97125
42.97125
30.47125
80.47125
55.47125
5.47125
3.90875
53.90875
78.90875
28.90875
41.40875
91.40875
66.40875
16.40875
22.65875
72.65875
97.65875
47.65875
35.15875
85.15875
60.15875
10.15875
7.03375
57.03375
82.03375
32.03375
44.53375
94.53375
69.53375
19.53375
13.28375
63.28375
88.28375
38.28375
25.78375
75.78375
50.78375
0.78375
1.17438
51.17438
76.17438
26.17438
38.67438
88.67438
63.67438
13.67438
19.92438
69.92438
94.92438
44.92438
32.42438
82.42438
57.42438
7.42438
10.54938
60.54938
85.54938
35.54938
48.04938
98.04938
73.04938
23.04938
16.79938
66.79938
91.79938
41.79938
29.29938
79.29938
54.29938
4.29938
5.86188
55.86188
80.86188
30.86188
43.36188
93.36188
68.36188
18.36188
24.61188
74.61188
99.61188
49.61188
37.11188
87.11188
62.11188
12.11188
8.98688
58.98688
83.98688
33.98688
46.48688
96.48688
71.48688
21.48688
15.23688
65.23688
90.23688
40.23688
27.73688
77.73688
52.73688
2.73688
1.95563
51.95563
76.95563
26.95563
39.45563
89.45563
64.45563
14.45563
20.70563
70.70563
95.70563
45.70563
33.20563
83.20563
58.20563
8.20563
11.33063
61.33063
86.33063
36.33063
48.83063
98.83063
73.83063
23.83063
17.58063
67.58063
92.58063
42.58063
30.08063
80.08063
55.08063
5.08063
3.51813
53.51813
78.51813
28.51813
41.01813
91.01813
66.01813
16.01813
22.26813
72.26813
97.26813
47.26813
34.76813
84.76813
59.76813
9.76813
6.64313
56.64313
81.64313
31.64313
44.14313
94.14313
69.14313
19.14313
12.89313
62.89313
87.89313
37.89313
25.39313
75.39313
50.39313
0.39313
0.58844
50.58844
75.58844
25.58844
38.08844
88.08844
63.08844
13.08844
19.33844
69.33844
94.33844
44.33844
31.83844
81.83844
56.83844
6.83844
9.96344
59.96344
84.96344
34.96344
47.46344
97.46344
72.46344
22.46344
16.21344
66.21344
91.21344
41.21344
28.71344
78.71344
53.71344
3.71344
5.27594
55.27594
80.27594
30.27594
42.77594
92.77594
67.77594
17.77594
24.02594
74.02594
99.02594
49.02594
36.52594
86.52594
61.52594
11.52594
8.40094
58.40094
83.40094
33.40094
45.90094
95.90094
70.90094
20.90094
14.65094
64.65094
89.65094
39.65094
27.15094
77.15094
52.15094
2.15094
2.93219
52.93219
77.93219
27.93219
40.43219
90.43219
65.43219
15.43219
21.68219
71.68219
96.68219
46.68219
34.18219
84.18219
59.18219
9.18219
12.30719
62.30719
87.30719
37.30719
49.80719
99.80719
74.80719
24.80719
18.55719
68.55719
93.55719
43.55719
31.05719
81.05719
56.05719
6.05719
4.49469
54.49469
79.49469
29.49469
41.99469
91.99469
66.99469
16.99469
23.24469
73.24469
98.24469
48.24469
35.74469
85.74469
60.74469
10.74469
7.61969
57.61969
82.61969
32.61969
45.11969
95.11969
70.11969
20.11969
13.86969
63.86969
88.86969
38.86969
26.36969
76.36969
51.36969
1.36969
0.97907
50.97907
75.97907
25.97907
38.47907
88.47907
63.47907
13.47907
19.72907
69.72907
94.72907
44.72907
32.22907
82.22907
57.22907
7.22907
10.35407
60.35407
85.35407
35.35407
47.85407
97.85407
72.85407
22.85407
16.60407
66.60407
91.60407
41.60407
29.10407
79.10407
54.10407
4.10407
5.66657
55.66657
80.66657
30.66657
43.16657
93.16657
68.16657
18.16657
24.41657
74.41657
99.41657
49.41657
36.91657
86.91657
61.91657
11.91657
8.79157
58.79157
83.79157
33.79157
46.29157
96.29157
71.29157
21.29157
15.04157
65.04157
90.04157
40.04157
27.54157
77.54157
52.54157
2.54157
1.76032
51.76032
76.76032
26.76032
39.26032
89.26032
64.26032
14.26032
20.51032
70.51032
95.51032
45.51032
33.01032
83.01032
58.01032
8.01032
11.13532
61.13532
86.13532
36.13532
48.63532
98.63532
73.63532
23.63532
17.38532
67.38532
92.38532
42.38532
29.88532
79.88532
54.88532
4.88532
3.32282
53.32282
78.32282
28.32282
40.82282
90.82282
65.82282
15.82282
22.07282
72.07282
97.07282
47.07282
34.57282
84.57282
59.57282
9.57282
6.44782
56.44782
81.44782
31.44782
43.94782
93.94782
68.94782
18.94782
12.69782
62.69782
87.69782
37.69782
25.19782
75.19782
50.19782
0.19782
0.29547
50.29547
75.29547
25.29547
37.79547
87.79547
62.79547
12.79547
19.04547
69.04547
94.04547
44.04547
31.54547
81.54547
56.54547
6.54547
9.67047
59.67047
84.67047
34.67047
47.17047
97.17047
72.17047
22.17047
15.92047
65.92047
90.92047
40.92047
28.42047
78.42047
53.42047
3.42047
4.98297
54.98297
79.98297
29.98297
42.48297
92.48297
67.48297
17.48297
23.73297
73.73297
98.73297
48.73297
36.23297
86.23297
61.23297
11.23297
8.10797
58.10797
83.10797
33.10797
45.60797
95.60797
70.60797
20.60797
14.35797
64.35797
89.35797
39.35797
26.85797
76.85797
51.85797
1.85797
2.63922
52.63922
77.63922
27.63922
40.13922
90.13922
65.13922
15.13922
21.38922
71.38922
96.38922
46.38922
33.88922
83.88922
58.88922
8.88922
12.01422
62.01422
87.01422
37.01422
49.51422
99.51422
74.51422
24.51422
18.26422
68.26422
93.26422
43.26422
30.76422
80.76422
55.76422
5.76422
4.20172
54.20172
79.20172
29.20172
41.70172
91.70172
66.70172
16.70172
22.95172
72.95172
97.95172
47.95172
35.45172
85.45172
60.45172
10.45172
7.32672
57.32672
82.32672
32.32672
44.82672
94.82672
69.82672
19.82672
13.57672
63.57672
88.57672
38.57672
26.07672
76.07672
51.07672
1.07672
1.46735
51.46735
76.46735
26.46735
38.96735
88.96735
63.96735
13.96735
20.21735
70.21735
95.21735
45.21735
32.71735
82.71735
57.71735
7.71735
10.84235
60.84235
85.84235
35.84235
48.34235
98.34235
73.34235
23.34235
17.09235
67.09235
92.09235
42.09235
29.59235
79.59235
54.59235
4.59235
6.15485
56.15485
81.15485
31.15485
43.65485
93.65485
68.65485
18.65485
24.90485
74.90485
99.90485
49.90485
37.40485
87.40485
62.40485
12.40485
9.27985
59.27985
84.27985
34.27985
46.77985
96.77985
71.77985
21.77985
15.52985
65.52985
90.52985
40.52985
28.02985
78.02985
53.02985
3.02985
2.24860
52.24860
77.24860
27.24860
39.74860
89.74860
64.74860
14.74860
20.99860
70.99860
95.99860
45.99860
33.49860
83.49860
58.49860
8.49860
11.62360
61.62360
86.62360
36.62360
49.12360
99.12360
74.12360
24.12360
17.87360
67.87360
92.87360
42.87360
30.37360
80.37360
55.37360
5.37360
3.81110
53.81110
78.81110
28.81110
41.31110
91.31110
66.31110
16.31110
22.56110
72.56110
97.56110
47.56110
35.06110
85.06110
60.06110
10.06110
6.93610
56.93610
81.93610
31.93610
44.43610
94.43610
69.43610
19.43610
13.18610
63.18610
88.18610
38.18610
25.68610
75.68610
50.68610
0.68610
0.49078
50.49078
75.49078
25.49078
37.99078
87.99078
62.99078
12.99078
19.24078
69.24078
94.24078
44.24078
31.74078
81.74078
56.74078
6.74078
9.86578
59.86578
84.86578
34.86578
47.36578
97.36578
72.36578
22.36578
16.11578
66.11578
91.11578
41.11578
28.61578
78.61578
53.61578
3.61578
5.17828
55.17828
80.17828
30.17828
42.67828
92.67828
67.67828
17.67828
23.92828
73.92828
98.92828
48.92828
36.42828
86.42828
61.42828
11.42828
8.30328
58.30328
83.30328
33.30328
45.80328
95.80328
70.80328
20.80328
14.55328
64.55328
89.55328
39.55328
27.05328
77.05328
52.05328
2.05328
2.83453
52.83453
77.83453
27.83453
40.33453
90.33453
65.33453
15.33453
21.58453
71.58453
96.58453
46.58453
34.08453
84.08453
59.08453
9.08453
12.20953
62.20953
87.20953
37.20953
49.70953
99.70953
74.70953
24.70953
18.45953
68.45953
93.45953
43.45953
30.95953
80.95953
55.95953
5.95953
4.39703
54.39703
79.39703
29.39703
41.89703
91.89703
66.89703
16.89703
23.14703
73.14703
98.14703
48.14703
35.64703
85.64703
60.64703
10.64703
7.52203
57.52203
82.52203
32.52203
45.02203
95.02203
70.02203
20.02203
13.77203
63.77203
88.77203
38.77203
26.27203
76.27203
51.27203
1.27203
0.88141
50.88141
75.88141
25.88141
38.38141
88.38141
63.38141
13.38141
19.63141
69.63141
94.63141
44.63141
32.13141
82.13141
57.13141
7.13141
10.25641
60.25641
85.25641
35.25641
47.75641
97.75641
72.75641
22.75641
16.50641
66.50641
91.50641
41.50641
29.00641
79.00641
54.00641
4.00641
5.56891
55.56891
80.56891
30.56891
43.06891
93.06891
68.06891
18.06891
24.31891
74.31891
99.31891
49.31891
36.81891
86.81891
61.81891
11.81891
8.69391
58.69391
83.69391
33.69391
46.19391
96.19391
71.19391
21.19391
14.94391
64.94391
89.94391
39.94391
27.44391
77.44391
52.44391
2.44391
1.66266
51.66266
76.66266
26.66266
39.16266
89.16266
64.16266
14.16266
20.41266
70.41266
95.41266
45.41266
32.91266
82.91266
57.91266
7.91266
11.03766
61.03766
86.03766
36.03766
48.53766
98.53766
73.53766
23.53766
17.28766
67.28766
92.28766
42.28766
29.78766
79.78766
54.78766
4.78766
3.22516
53.22516
78.22516
28.22516
40.72516
90.72516
65.72516
15.72516
21.97516
71.97516
96.97516
46.97516
34.47516
84.47516
59.47516
9.47516
6.35016
56.35016
81.35016
31.35016
43.85016
93.85016
68.85016
18.85016
12.60016
62.60016
87.60016
37.60016
25.10016
75.10016
50.10016
0.10016
0.14899
50.14899
75.14899
25.14899
37.64899
87.64899
62.64899
12.64899
18.89899
68.89899
93.89899
43.89899
31.39899
81.39899
56.39899
6.39899
9.52399
59.52399
84.52399
34.52399
47.02399
97.02399
72.02399
22.02399
15.77399
65.77399
90.77399
40.77399
28.27399
78.27399
53.27399
3.27399
4.83649
54.83649
79.83649
29.83649
42.33649
92.33649
67.33649
17.33649
23.58649
73.58649
98.58649
48.58649
36.08649
86.08649
61.08649
11.08649
7.96149
57.96149
82.96149
32.96149
45.46149
95.46149
70.46149
20.46149
14.21149
64.21149
89.21149
39.21149
26.71149
76.71149
51.71149
1.71149
2.49274
52.49274
77.49274
27.49274
39.99274
89.99274
64.99274
14.99274
21.24274
71.24274
96.24274
46.24274
33.74274
83.74274
58.74274
8.74274
11.86774
61.86774
86.86774
36.86774
49.36774
99.36774
74.36774
24.36774
18.11774
68.11774
93.11774
43.11774
30.61774
80.61774
55.61774
5.61774
4.05524
54.05524
79.05524
29.05524
41.55524
91.55524
66.55524
16.55524
22.80524
72.80524
97.80524
47.80524
35.30524
85.30524
60.30524
10.30524
7.18024
57.18024
82.18024
32.18024
44.68024
94.68024
69.68024
19.68024
13.43024
63.43024
88.43024
38.43024
25.93024
75.93024
50.93024
0.93024
1.32086
51.32086
76.32086
26.32086
38.82086
88.82086
63.82086
13.82086
20.07086
70.07086
95.07086
45.07086
32.57086
82.57086
57.57086
7.57086
10.69586
60.69586
85.69586
35.69586
48.19586
98.19586
73.19586
23.19586
16.94586
66.94586
91.94586
41.94586
29.44586
79.44586
54.44586
4.44586
6.00836
56.00836
81.00836
31.00836
43.50836
93.50836
68.50836
18.50836
24.75836
74.75836
99.75836
49.75836
37.25836
87.25836
62.25836
12.25836
9.13336
59.13336
84.13336
34.13336
46.63336
96.63336
71.63336
21.63336
15.38336
65.38336
90.38336
40.38336
27.88336
77.88336
52.88336
2.88336
2.10211
52.10211
77.10211
27.10211
39.60211
89.60211
64.60211
14.60211
20.85211
70.85211
95.85211
45.85211
33.35211
83.35211
58.35211
8.35211
11.47711
61.47711
86.47711
36.47711
48.97711
98.97711
73.97711
23.97711
17.72711
67.72711
92.72711
42.72711
30.22711
80.22711
55.22711
5.22711
3.66461
53.66461
78.66461
28.66461
41.16461
91.16461
66.16461
16.16461
22.41461
72.41461
97.41461
47.41461
34.91461
84.91461
59.91461
9.91461
6.78961
56.78961
81.78961
31.78961
44.28961
94.28961
69.28961
19.28961
13.03961
63.03961
88.03961
38.03961
25.53961
75.53961
50.53961
0.53961
0.73493
50.73493
75.73493
25.73493
38.23493
88.23493
63.23493
13.23493
19.48493
69.48493
94.48493
44.48493
31.98493
81.98493
56.98493
6.98493
10.10993
60.10993
85.10993
35.10993
47.60993
97.60993
72.60993
22.60993
16.35993
66.35993
91.35993
41.35993
28.85993
78.85993
53.85993
3.85993
5.42243
55.42243
80.42243
30.42243
42.92243
92.92243
67.92243
17.92243
24.17243
74.17243
99.17243
49.17243
36.67243
86.67243
61.67243
11.67243
8.54743
58.54743
83.54743
33.54743
46.04743
96.04743
71.04743
21.04743
14.79743
64.79743
89.79743
39.79743
27.29743
77.29743
52.29743
2.29743
3.07868
53.07868
78.07868
28.07868
40.57868
90.57868
65.57868
15.57868
21.82868
71.82868
96.82868
46.82868
34.32868
84.32868
59.32868
9.32868
12.45368
62.45368
87.45368
37.45368
49.95368
99.95368
74.95368
24.95368
18.70368
68.70368
93.70368
43.70368
31.20368
81.20368
56.20368
6.20368
4.64118
54.64118
79.64118
29.64118
42.14118
92.14118
67.14118
17.14118
23.39118
73.39118
98.39118
48.39118
35.89118
85.89118
60.89118
10.89118
7.76618
57.76618
82.76618
32.76618
45.26618
95.26618
70.26618
20.26618
14.01618
64.01618
89.01618
39.01618
26.51618
76.51618
51.51618
1.51618
1.12555
51.12555
76.12555
26.12555
38.62555
88.62555
63.62555
13.62555
19.87555
69.87555
94.87555
44.87555
32.37555
82.37555
57.37555
7.37555
10.50055
60.50055
85.50055
35.50055
48.00055
98.00055
73.00055
23.00055
16.75055
66.75055
91.75055
41.75055
29.25055
79.25055
54.25055
4.25055
5.81305
55.81305
80.81305
30.81305
43.31305
93.31305
68.31305
18.31305
24.56305
74.56305
99.56305
49.56305
37.06305
87.06305
62.06305
12.06305
8.93805
58.93805
83.93805
33.93805
46.43805
96.43805
71.43805
21.43805
15.18805
65.18805
90.18805
40.18805
27.68805
77.68805
52.68805
2.68805
1.90680
51.90680
76.90680
26.90680
39.40680
89.40680
64.40680
14.40680
20.65680
70.65680
95.65680
45.65680
33.15680
83.15680
58.15680
8.15680
11.28180
61.28180
86.28180
36.28180
48.78180
98.78180
73.78180
23.78180
17.53180
67.53180
92.53180
42.53180
30.03180
80.03180
55.03180
5.03180
3.46930
53.46930
78.46930
28.46930
40.96930
90.96930
65.96930
15.96930
22.21930
72.21930
97.21930
47.21930
34.71930
84.71930
59.71930
9.71930
6.59430
56.59430
81.59430
31.59430
44.09430
94.09430
69.09430
19.09430
12.84430
62.84430
87.84430
37.84430
25.34430
75.34430
50.34430
0.34430
0.24664
50.24664
75.24664
25.24664
37.74664
87.74664
62.74664
12.74664
18.99664
68.99664
93.99664
43.99664
31.49664
81.49664
56.49664
6.49664
9.62164
59.62164
84.62164
34.62164
47.12164
97.12164
72.12164
22.12164
15.87164
65.87164
90.87164
40.87164
28.37164
78.37164
53.37164
3.37164
4.93414
54.93414
79.93414
29.93414
42.43414
92.43414
67.43414
17.43414
23.68414
73.68414
98.68414
48.68414
36.18414
86.18414
61.18414
11.18414
8.05914
58.05914
83.05914
33.05914
45.55914
95.55914
70.55914
20.55914
14.30914
64.30914
89.30914
39.30914
26.80914
76.80914
51.80914
1.80914
2.59039
52.59039
77.59039
27.59039
40.09039
90.09039
65.09039
15.09039
21.34039
71.34039
96.34039
46.34039
33.84039
83.84039
58.84039
8.84039
11.96539
61.96539
86.96539
36.96539
49.46539
99.46539
74.46539
24.46539
18.21539
68.21539
93.21539
43.21539
30.71539
80.71539
55.71539
5.71539
4.15289
54.15289
79.15289
29.15289
41.65289
91.65289
66.65289
16.65289
22.90289
72.90289
97.90289
47.90289
35.40289
85.40289
60.40289
10.40289
7.27789
57.27789
82.27789
32.27789
44.77789
94.77789
69.77789
19.77789
13.52789
63.52789
88.52789
38.52789
26.02789
76.02789
51.02789
1.02789
1.41852
51.41852
76.41852
26.41852
38.91852
88.91852
63.91852
13.91852
20.16852
70.16852
95.16852
45.16852
32.66852
82.66852
57.66852
7.66852
10.79352
60.79352
85.79352
35.79352
48.29352
98.29352
73.29352
23.29352
17.04352
67.04352
92.04352
42.04352
29.54352
79.54352
54.54352
4.54352
6.10602
56.10602
81.10602
31.10602
43.60602
93.60602
68.60602
18.60602
24.85602
74.85602
99.85602
49.85602
37.35602
87.35602
62.35602
12.35602
9.23102
59.23102
84.23102
34.23102
46.73102
96.73102
71.73102
21.73102
15.48102
65.48102
90.48102
40.48102
27.98102
77.98102
52.98102
2.98102
2.19977
52.19977
77.19977
27.19977
39.69977
89.69977
64.69977
14.69977
20.94977
70.94977
95.94977
45.94977
33.44977
83.44977
58.44977
8.44977
11.57477
61.57477
86.57477
36.57477
49.07477
99.07477
74.07477
24.07477
17.82477
67.82477
92.82477
42.82477
30.32477
80.32477
55.32477
5.32477
3.76227
53.76227
78.76227
28.76227
41.26227
91.26227
66.26227
16.26227
22.51227
72.51227
97.51227
47.51227
35.01227
85.01227
60.01227
10.01227
6.88727
56.88727
81.88727
31.88727
44.38727
94.38727
69.38727
19.38727
13.13727
63.13727
88.13727
38.13727
25.63727
75.63727
50.63727
0.63727
0.44196
50.44196
75.44196
25.44196
37.94196
87.94196
62.94196
12.94196
19.19196
69.19196
94.19196
44.19196
31.69196
81.69196
56.69196
6.69196
9.81696
59.81696
84.81696
34.81696
47.31696
97.31696
72.31696
22.31696
16.06696
66.06696
91.06696
41.06696
28.56696
78.56696
53.56696
3.56696
5.12946
55.12946
80.12946
30.12946
42.62946
92.62946
67.62946
17.62946
23.87946
73.87946
98.87946
48.87946
36.37946
86.37946
61.37946
11.37946
8.25446
58.25446
83.25446
33.25446
45.75446
95.75446
70.75446
20.75446
14.50446
64.50446
89.50446
39.50446
27.00446
77.00446
52.00446
2.00446
2.78571
52.78571
77.78571
27.78571
40.28571
90.28571
65.28571
15.28571
21.53571
71.53571
96.53571
46.53571
34.03571
84.03571
59.03571
9.03571
12.16071
62.16071
87.16071
37.16071
49.66071
99.66071
74.66071
24.66071
18.41071
68.41071
93.41071
43.41071
30.91071
80.91071
55.91071
5.91071
4.34821
54.34821
79.34821
29.34821
41.84821
91.84821
66.84821
16.84821
23.09821
73.09821
98.09821
48.09821
35.59821
85.59821
60.59821
10.59821
7.47321
57.47321
82.47321
32.47321
44.97321
94.97321
69.97321
19.97321
13.72321
63.72321
88.72321
38.72321
26.22321
76.22321
51.22321
1.22321
0.83258
50.83258
75.83258
25.83258
38.33258
88.33258
63.33258
13.33258
19.58258
69.58258
94.58258
44.58258
32.08258
82.08258
57.08258
7.08258
10.20758
60.20758
85.20758
35.20758
47.70758
97.70758
72.70758
22.70758
16.45758
66.45758
91.45758
41.45758
28.95758
78.95758
53.95758
3.95758
5.52008
55.52008
80.52008
30.52008
43.02008
93.02008
68.02008
18.02008
24.27008
74.27008
99.27008
49.27008
36.77008
86.77008
61.77008
11.77008
8.64508
58.64508
83.64508
33.64508
46.14508
96.14508
71.14508
21.14508
14.89508
64.89508
89.89508
39.89508
27.39508
77.39508
52.39508
2.39508
1.61383
51.61383
76.61383
26.61383
39.11383
89.11383
64.11383
14.11383
20.36383
70.36383
95.36383
45.36383
32.86383
82.86383
57.86383
7.86383
10.98883
60.98883
85.98883
35.98883
48.48883
98.48883
73.48883
23.48883
17.23883
67.23883
92.23883
42.23883
29.73883
79.73883
54.73883
4.73883
3.17633
53.17633
78.17633
28.17633
40.67633
90.67633
65.67633
15.67633
21.92633
71.92633
96.92633
46.92633
34.42633
84.42633
59.42633
9.42633
6.30133
56.30133
81.30133
31.30133
43.80133
93.80133
68.80133
18.80133
12.55133
62.55133
87.55133
37.55133
25.05133
75.05133
50.05133
0.05133
0.07575
50.07575
75.07575
25.07575
37.57575
87.57575
62.57575
12.57575
18.82575
68.82575
93.82575
43.82575
31.32575
81.32575
56.32575
6.32575
9.45075
59.45075
84.45075
34.45075
46.95075
96.95075
71.95075
21.95075
15.70075
65.70075
90.70075
40.70075
28.20075
78.20075
53.20075
3.20075
4.76325
54.76325
79.76325
29.76325
42.26325
92.26325
67.26325
17.26325
23.51325
73.51325
98.51325
48.51325
36.01325
86.01325
61.01325
11.01325
7.88825
57.88825
82.88825
32.88825
45.38825
95.38825
70.38825
20.38825
14.13825
64.13825
89.13825
39.13825
26.63825
76.63825
51.63825
1.63825
2.41950
52.41950
77.41950
27.41950
39.91950
89.91950
64.91950
14.91950
21.16950
71.16950
96.16950
46.16950
33.66950
83.66950
58.66950
8.66950
11.79450
61.79450
86.79450
36.79450
49.29450
99.29450
74.29450
24.29450
18.04450
68.04450
93.04450
43.04450
30.54450
80.54450
55.54450
5.54450
3.98200
53.98200
78.98200
28.98200
41.48200
91.48200
66.48200
16.48200
22.73200
72.73200
97.73200
47.73200
35.23200
85.23200
60.23200
10.23200
7.10700
57.10700
82.10700
32.10700
44.60700
94.60700
69.60700
19.60700
13.35700
63.35700
88.35700
38.35700
25.85700
75.85700
50.85700
0.85700
1.24762
51.24762
76.24762
26.24762
38.74762
88.74762
63.74762
13.74762
19.99762
69.99762
94.99762
44.99762
32.49762
82.49762
57.49762
7.49762
10.62262
60.62262
85.62262
35.62262
48.12262
98.12262
73.12262
23.12262
16.87262
66.87262
91.87262
41.87262
29.37262
79.37262
54.37262
4.37262
5.93512
55.93512
80.93512
30.93512
43.43512
93.43512
68.43512
18.43512
24.68512
74.68512
99.68512
49.68512
37.18512
87.18512
62.18512
12.18512
9.06012
59.06012
84.06012
34.06012
46.56012
96.56012
71.56012
21.56012
15.31012
65.31012
90.31012
40.31012
27.81012
77.81012
52.81012
2.81012
2.02887
52.02887
77.02887
27.02887
39.52887
89.52887
64.52887
14.52887
20.77887
70.77887
95.77887
45.77887
33.27887
83.27887
58.27887
8.27887
11.40387
61.40387
86.40387
36.40387
48.90387
98.90387
73.90387
23.90387
17.65387
67.65387
92.65387
42.65387
30.15387
80.15387
55.15387
5.15387
3.59137
53.59137
78.59137
28.59137
41.09137
91.09137
66.09137
16.09137
22.34137
72.34137
97.34137
47.34137
34.84137
84.84137
59.84137
9.84137
6.71637
56.71637
81.71637
31.71637
44.21637
94.21637
69.21637
19.21637
12.96637
62.96637
87.96637
37.96637
25.46637
75.46637
50.46637
0.46637
0.66168
50.66168
75.66168
25.66168
38.16168
88.16168
63.16168
13.16168
19.41168
69.41168
94.41168
44.41168
31.91168
81.91168
56.91168
6.91168
10.03668
60.03668
85.03668
35.03668
47.53668
97.53668
72.53668
22.53668
16.28668
66.28668
91.28668
41.28668
28.78668
78.78668
53.78668
3.78668
5.34918
55.34918
80.34918
30.34918
42.84918
92.84918
67.84918
17.84918
24.09918
74.09918
99.09918
49.09918
36.59918
86.59918
61.59918
11.59918
8.47418
58.47418
83.47418
33.47418
45.97418
95.97418
70.97418
20.97418
14.72418
64.72418
89.72418
39.72418
27.22418
77.22418
52.22418
2.22418
3.00543
53.00543
78.00543
28.00543
40.50543
90.50543
65.50543
15.50543
21.75543
71.75543
96.75543
46.75543
34.25543
84.25543
59.25543
9.25543
12.38043
62.38043
87.38043
37.38043
49.88043
99.88043
74.88043
24.88043
18.63043
68.63043
93.63043
43.63043
31.13043
81.13043
56.13043
6.13043
4.56793
54.56793
79.56793
29.56793
42.06793
92.06793
67.06793
17.06793
23.31793
73.31793
98.31793
48.31793
35.81793
85.81793
60.81793
10.81793
7.69293
57.69293
82.69293
32.69293
45.19293
95.19293
70.19293
20.19293
13.94293
63.94293
88.94293
38.94293
26.44293
76.44293
51.44293
1.44293
1.05231
51.05231
76.05231
26.05231
38.55231
88.55231
63.55231
13.55231
19.80231
69.80231
94.80231
44.80231
32.30231
82.30231
57.30231
7.30231
10.42731
60.42731
85.42731
35.42731
47.92731
97.92731
72.92731
22.92731
16.67731
66.67731
91.67731
41.67731
29.17731
79.17731
54.17731
4.17731
5.73981
55.73981
80.73981
30.73981
43.23981
93.23981
68.23981
18.23981
24.48981
74.48981
99.48981
49.48981
36.98981
86.98981
61.98981
11.98981
8.86481
58.86481
83.86481
33.86481
46.36481
96.36481
71.36481
21.36481
15.11481
65.11481
90.11481
40.11481
27.61481
77.61481
52.61481
2.61481
1.83356
51.83356
76.83356
26.83356
39.33356
89.33356
64.33356
14.33356
20.58356
70.58356
95.58356
45.58356
33.08356
83.08356
58.08356
8.08356
11.20856
61.20856
86.20856
36.20856
48.70856
98.70856
73.70856
23.70856
17.45856
67.45856
92.45856
42.45856
29.95856
79.95856
54.95856
4.95856
3.39606
53.39606
78.39606
28.39606
40.89606
90.89606
65.89606
15.89606
22.14606
72.14606
97.14606
47.14606
34.64606
84.64606
59.64606
9.64606
6.52106
56.52106
81.52106
31.52106
44.02106
94.02106
69.02106
19.02106
12.77106
62.77106
87.77106
37.77106
25.27106
75.27106
50.27106
0.27106
0.36871
50.36871
75.36871
25.36871
37.86871
87.86871
62.86871
12.86871
19.11871
69.11871
94.11871
44.11871
31.61871
81.61871
56.61871
6.61871
9.74371
59.74371
84.74371
34.74371
47.24371
97.24371
72.24371
22.24371
15.99371
65.99371
90.99371
40.99371
28.49371
78.49371
53.49371
3.49371
5.05621
55.05621
80.05621
30.05621
42.55621
92.55621
67.55621
17.55621
23.80621
73.80621
98.80621
48.80621
36.30621
86.30621
61.30621
11.30621
8.18121
58.18121
83.18121
33.18121
45.68121
95.68121
70.68121
20.68121
14.43121
64.43121
89.43121
39.43121
26.93121
76.93121
51.93121
1.93121
2.71246
52.71246
77.71246
27.71246
40.21246
90.21246
65.21246
15.21246
21.46246
71.46246
96.46246
46.46246
33.96246
83.96246
58.96246
8.96246
12.08746
62.08746
87.08746
37.08746
49.58746
99.58746
74.58746
24.58746
18.33746
68.33746
93.33746
43.33746
30.83746
80.83746
55.83746
5.83746
4.27496
54.27496
79.27496
29.27496
41.77496
91.77496
66.77496
16.77496
23.02496
73.02496
98.02496
48.02496
35.52496
85.52496
60.52496
10.52496
7.39996
57.39996
82.39996
32.39996
44.89996
94.89996
69.89996
19.89996
13.64996
63.64996
88.64996
38.64996
26.14996
76.14996
51.14996
1.14996
1.54059
51.54059
76.54059
26.54059
39.04059
89.04059
64.04059
14.04059
20.29059
70.29059
95.29059
45.29059
32.79059
82.79059
57.79059
7.79059
10.91559
60.91559
85.91559
35.91559
48.41559
98.41559
73.41559
23.41559
17.16559
67.16559
92.16559
42.16559
29.66559
79.66559
54.66559
4.66559
6.22809
56.22809
81.22809
31.22809
43.72809
93.72809
68.72809
18.72809
24.97809
74.97809
99.97809
49.97809
37.47809
87.47809
62.47809
12.47809
9.35309
59.35309
84.35309
34.35309
46.85309
96.85309
71.85309
21.85309
15.60309
65.60309
90.60309
40.60309
28.10309
78.10309
53.10309
3.10309
2.32184
52.32184
77.32184
27.32184
39.82184
89.82184
64.82184
14.82184
21.07184
71.07184
96.07184
46.07184
33.57184
83.57184
58.57184
8.57184
11.69684
61.69684
86.69684
36.69684
49.19684
99.19684
74.19684
24.19684
17.94684
67.94684
92.94684
42.94684
30.44684
80.44684
55.44684
5.44684
3.88434
53.88434
78.88434
28.88434
41.38434
91.38434
66.38434
16.38434
