42.33907
32.47445
42.40866
13.93603
99.44821
85.44841
72.03210
58.87927
30.70568
43.28110
28.19314
39.41940
21.32856
62.50259
25.82875
77.51902
97.40226
76.19463
13.46495
55.59074
18.28628
10.13444
10.20385
40.68254
93.07395
78.06396
10.37320
9.31666
54.29958
22.80198
32.06220
84.47769
92.81089
17.95436
36.11491
37.48828
84.46934
98.00282
0.53505
78.00527
76.14711
22.84295
45.04282
28.26308
25.98331
18.77332
57.10479
26.44728
77.06245
31.70661
15.22292
59.89101
85.03109
31.08063
42.08827
14.61251
34.32846
44.25844
83.55589
61.33890
40.57172
53.40387
98.32759
0.73015
89.37254
0.60750
34.50868
84.28024
68.19621
18.86377
13.63905
7.81489
80.14109
36.62797
28.35065
82.18860
80.90085
77.24964
25.21759
13.40625
46.57948
96.43878
57.50024
41.86141
69.16651
60.27291
99.47893
97.83896
51.45958
75.31617
55.05956
13.90758
24.08279
53.17341
36.40493
19.43049
66.64402
20.38651
81.29477
78.60411
92.96784
99.07135
35.27966
69.81177
81.49565
28.22158
33.13023
20.02429
78.51849
6.33250
1.63459
98.91897
51.49844
16.44893
17.41657
99.28998
73.19118
1.62413
80.63052
3.07296
89.29234
28.34457
96.12009
20.20603
3.20108
58.03340
75.77788
74.87028
73.80374
33.78389
33.27462
89.20234
55.44322
89.93472
63.53227
51.54554
79.52508
83.37329
46.28032
67.63258
84.04994
80.60064
79.47007
74.77796
29.69010
35.48107
57.24067
87.31840
65.44875
26.29659
48.24267
97.64677
78.33296
84.45406
76.30560
27.23370
29.27039
83.30458
88.16446
50.57395
39.59047
58.01245
64.09726
33.12568
11.44077
61.89760
83.79818
87.20164
16.76651
47.52182
55.83911
44.75717
82.12678
83.44490
99.15341
98.87061
85.37076
41.03118
21.47103
98.91177
46.83625
30.27218
70.22743
39.64848
88.24431
40.54395
81.71416
79.16045
43.86189
90.53536
78.33456
43.42480
2.50179
57.55903
22.13174
68.15522
98.52579
14.19834
7.25796
23.21156
96.63861
45.84440
37.69549
22.22784
64.23163
70.74286
15.05732
62.46688
51.52405
3.26400
40.61458
40.13573
21.61744
71.88068
68.41470
80.00263
31.36676
61.81462
36.52512
82.22666
53.19025
10.44730
2.02704
25.14684
65.33701
60.02528
73.70646
54.34198
38.43077
92.61881
1.28430
42.95933
45.09077
63.09956
52.68346
96.18747
23.01097
13.62270
85.24748
72.21052
49.27394
10.79929
47.42699
45.39645
69.32037
99.79927
59.43742
81.10523
8.63933
26.39202
64.77922
22.06957
67.07371
84.27499
81.20406
82.16718
39.74469
10.99987
49.05901
68.57944
81.35809
59.01488
75.53639
92.34463
48.13377
93.26555
60.27928
3.79931
13.88986
63.77473
86.61273
21.30119
8.17377
38.90183
23.79706
98.20835
93.18580
35.65766
52.68092
21.88245
74.90273
3.60697
89.14080
49.56775
17.86213
83.80623
23.53068
2.73294
97.82853
81.23163
68.10220
64.79207
35.48634
35.73134
98.58473
76.87909
93.03712
57.70742
85.01917
79.54944
27.38868
62.62100
17.02004
58.09162
32.66191
46.70138
63.69686
27.02175
58.25805
11.71702
85.40028
0.21489
57.88287
15.01377
89.15348
20.36363
84.04642
96.07968
98.46072
25.74996
59.42955
9.25552
68.73551
75.71352
38.87027
56.77777
94.60445
64.46937
64.03895
6.57626
44.87673
64.25293
44.87230
7.15994
33.44417
66.82839
55.18174
81.63624
44.42916
60.26173
0.19383
94.21791
5.03402
11.61473
44.46606
29.93542
34.19530
52.24954
86.12336
87.14246
51.53474
97.24282
94.59087
37.75782
83.93145
45.93108
79.26387
93.88027
41.69922
90.30057
15.24404
83.37141
55.98730
5.07000
87.89611
92.57255
6.49273
66.71060
87.65765
17.88349
46.83048
45.71432
26.24766
77.07697
17.94284
67.45562
75.18742
83.24734
51.52807
42.29358
96.88333
59.10531
66.20803
14.01887
85.22816
62.53227
73.86268
13.76797
56.23629
38.43005
6.92142
59.92996
18.97240
42.90095
91.98271
98.24575
26.50962
58.54838
40.63866
58.36314
71.53228
96.70303
27.10772
44.37546
11.95580
65.59490
92.06677
84.53377
84.48120
77.27936
94.50343
23.46761
19.11349
84.61347
36.71640
20.54232
95.05279
8.92796
28.90837
20.66663
24.30311
53.69645
20.08161
33.80195
60.37832
91.75055
63.25447
62.96335
77.73328
98.60727
18.41900
2.71251
88.12387
94.41159
54.56720
82.44024
8.75437
34.11261
88.95842
95.83143
57.86395
47.53235
49.29976
8.72219
95.52457
13.22775
2.95950
94.09558
68.70941
63.99189
34.84201
83.76682
45.14652
7.15613
91.35201
76.61086
6.85296
17.21168
13.93951
60.95163
20.42057
42.44855
9.03861
42.08124
77.29424
58.92296
14.62811
67.41187
48.56284
94.23372
85.45991
55.51534
7.74238
84.80019
51.22677
37.07352
59.00899
78.51753
27.61386
35.85166
33.00648
11.45344
19.32097
31.74773
69.99074
8.00568
15.11072
82.70811
32.24520
61.28369
33.11159
9.96299
95.42548
6.90613
40.98691
23.29626
85.20915
0.31832
16.00630
20.78964
68.30333
73.72018
67.27114
4.74378
48.47507
28.75686
69.65639
89.98604
62.39916
95.44429
31.95155
80.33597
92.05820
91.24177
17.27514
6.68127
95.47944
71.61096
6.88185
84.00036
95.45632
52.24680
74.00149
10.20140
8.48022
35.80077
55.78961
60.23211
55.00981
59.00183
77.49105
10.16214
19.32089
85.15718
28.63697
53.84158
13.99780
73.95645
39.93405
7.93186
90.24671
74.05131
60.83958
86.29955
45.06872
43.16762
19.39610
60.75635
92.41179
36.46744
38.37944
94.04009
84.72992
32.18223
33.23882
21.00429
31.02847
55.57422
22.03342
49.83318
7.18459
68.12520
8.58779
57.99598
54.97029
65.38323
58.24638
69.99667
33.67393
80.22271
7.60299
70.00425
17.13800
72.19662
53.99002
37.36018
81.50073
43.83096
92.46156
8.62976
51.36003
89.48552
37.45340
14.18862
18.02109
83.83332
73.19386
52.99276
5.15090
17.23174
62.45119
0.66288
85.41803
4.94276
15.50175
38.75869
59.27965
73.29347
89.55285
72.55182
92.34945
56.65364
4.33622
31.00972
80.32571
66.08923
7.94580
62.48778
44.27695
96.99173
29.12837
13.09105
12.47003
50.74240
18.13823
18.98098
66.42838
78.43308
75.09082
41.78985
34.30646
64.38140
8.46726
5.47140
11.54587
9.58008
42.91150
67.42695
22.29512
81.61603
46.23793
96.19957
61.84099
13.00447
7.94489
9.76563
35.84861
46.71823
93.22241
79.67793
42.36424
86.07421
75.28382
81.92968
23.83957
16.71801
68.32196
78.79210
26.22703
29.53034
54.17574
8.70877
58.07255
49.37360
40.06818
57.42128
4.41097
29.97225
61.70765
53.55639
50.68016
49.65396
37.93397
41.67693
76.61840
21.73020
62.71164
19.87831
11.60149
22.10657
24.33126
20.94573
82.48915
25.19036
64.17087
89.98324
61.42254
20.39161
24.40546
95.80382
19.37515
66.89877
68.66127
55.91401
62.06541
20.96875
80.36197
6.72260
14.74058
17.29458
52.07251
71.21208
63.09322
25.39981
93.47266
28.67433
13.11718
63.33406
64.76855
89.06045
6.17201
64.42281
74.75937
1.55691
75.57842
54.79553
79.88768
68.87556
82.89441
95.27623
93.94456
13.30618
33.54456
21.15796
76.39464
94.80583
91.09225
33.59556
36.88086
97.89861
48.00423
62.29352
58.96225
38.79925
83.37730
49.92441
61.36874
6.39681
54.62101
6.19835
17.89855
66.07948
12.42776
16.35284
78.95939
45.02409
9.72503
19.44365
13.77867
9.36100
64.04914
77.42248
6.31244
4.94926
33.93627
32.71787
30.25719
14.04265
93.68070
46.50451
65.42950
93.82777
86.20912
96.58888
79.62883
0.44562
72.77542
58.66462
25.88664
90.99216
13.19137
35.40098
25.75656
36.76183
27.46737
13.37628
39.54067
2.89142
41.22648
6.31598
12.02058
34.60940
9.82906
27.07283
40.14390
96.78057
43.54440
3.63402
32.96390
0.77612
15.04746
15.57433
3.83646
41.83457
54.77259
32.78536
59.05890
44.07662
40.91789
96.70855
61.57029
75.60926
13.10149
72.87070
88.67836
43.53679
40.03888
76.89413
94.64649
97.83727
31.06502
22.66273
97.36647
44.87486
81.19042
46.85977
84.22282
54.15478
11.96554
29.59587
94.48665
13.53341
15.30210
82.97918
99.49068
3.68766
6.43806
44.78550
82.02517
88.66746
22.91262
82.36220
63.08579
45.13671
25.56449
98.06690
25.88360
88.77652
19.60711
21.48308
63.65995
16.79616
15.72346
51.15520
50.05061
47.57148
44.58079
18.74894
69.47087
40.89101
83.90255
85.91591
10.43844
39.93023
27.59122
66.99483
93.93230
52.52809
8.16809
26.23488
86.75641
7.45899
42.03038
16.89329
59.00505
85.34885
82.20488
76.94061
40.34113
24.01534
21.53598
95.84391
64.71825
75.84389
88.11375
27.02670
56.93626
9.69328
46.28142
54.98597
25.67517
63.28760
72.13892
3.43037
89.23961
61.31106
55.40581
39.96574
81.52968
71.48125
56.68949
89.92109
98.20492
9.95700
33.91346
54.99866
76.69879
42.08824
15.87612
49.59578
80.73077
21.46111
90.31770
7.11141
12.02979
50.76335
1.58347
28.28194
17.76092
50.06949
55.16458
49.02788
79.29225
98.87601
37.42157
29.06239
27.96154
25.44975
34.18665
95.65430
1.83525
48.15063
57.68355
83.98833
80.82309
64.10409
38.76635
18.14934
28.69802
85.58723
61.73402
95.10584
43.56756
82.87257
80.78532
61.53348
7.79374
24.10138
3.30469
68.60704
46.21707
76.70808
32.06189
87.46940
81.40429
27.32293
78.33452
39.54103
53.35047
74.45881
45.23929
43.26317
94.87197
66.21943
87.22922
94.29907
68.67131
32.62889
92.61733
83.48752
80.45063
62.46325
41.95040
3.84988
48.27057
40.89734
89.61628
37.20724
7.72317
63.71773
27.99261
77.75781
69.73728
13.46223
2.37929
10.67022
30.19589
66.12219
97.51983
63.89493
80.10650
32.80330
69.74641
6.37650
54.75709
16.48606
83.01675
5.65800
33.62238
72.41997
80.74447
58.77656
18.38939
99.47112
72.99020
61.58433
11.16373
91.96683
1.88346
87.59641
21.95125
42.06585
16.05314
66.58699
62.46128
35.11185
63.17796
96.08332
5.05641
20.47659
18.41867
85.61031
58.40265
88.22573
29.99754
16.29473
81.36241
69.35254
79.56560
71.34068
3.51359
9.47395
63.71636
12.44167
4.45823
32.26968
74.25279
7.55947
55.38051
37.90647
62.34806
2.91566
42.25324
83.54303
73.81134
65.64982
64.66509
20.25465
52.69163
78.25899
3.44473
80.17914
87.78720
91.66793
63.37423
30.72732
47.62391
29.87527
11.28314
71.00796
26.23255
0.56371
72.93496
23.20875
39.42994
19.86850
80.23212
64.14186
97.54791
7.83196
1.24854
61.29356
13.12752
66.08069
20.10477
84.49285
67.57279
64.65587
73.87632
36.28073
35.96390
48.04563
82.44803
3.13978
26.35986
62.09926
70.55582
25.13418
15.78034
64.86368
56.43890
98.88875
8.38775
61.02847
0.18074
34.01155
85.92048
93.56718
34.28557
96.54759
18.63073
84.91233
15.73875
62.48103
67.05665
67.07665
6.04966
70.72239
13.98967
5.64267
51.29729
16.63705
45.18565
55.08512
86.65101
59.08126
10.64229
13.24102
89.78251
88.71086
96.90138
76.70951
60.70952
15.09817
92.55643
75.39702
60.22112
11.60765
0.14490
71.44964
41.93727
1.76306
12.44573
87.43238
72.06697
66.23562
60.86850
76.12724
87.58635
34.51043
23.12649
39.05352
19.26795
68.66733
64.93640
88.40194
37.77862
16.47866
29.70821
19.76639
96.11504
11.29270
97.95560
98.24417
16.58248
80.33656
18.32945
76.25494
30.00619
83.27025
50.78840
75.26544
28.86165
16.45506
10.43469
65.58138
10.04808
83.55409
21.10953
16.78937
63.58880
58.76699
21.05167
69.88911
64.20378
80.83868
92.02734
86.23156
74.98774
63.58453
39.40219
5.48959
96.53267
77.57384
32.90275
35.63771
35.12797
81.02696
47.98552
83.17283
7.03166
41.87229
75.89799
48.25579
87.49352
32.16388
54.07534
93.12879
71.19978
65.24598
24.42946
53.47625
89.80520
67.99643
9.88857
17.79841
19.84710
90.74221
61.37157
79.97794
3.85266
55.50420
35.24872
77.13119
68.46342
32.77958
54.37626
37.81888
5.57491
78.03783
99.20136
69.44722
3.79682
7.19668
52.83945
41.50697
78.97432
46.84337
98.20649
76.45291
25.19182
43.26886
43.19243
60.81779
81.88416
32.59959
66.68322
7.68383
2.87274
47.11122
9.74368
89.14139
91.34987
46.97231
90.29246
60.11686
54.98284
70.91252
4.85209
76.81417
2.84426
15.39212
31.09875
63.00417
15.95456
21.33728
59.39837
71.40078
84.30308
59.33299
18.05338
96.24692
67.75658
23.17626
46.20671
14.30416
59.82918
3.09196
79.35629
82.08314
36.40059
28.17746
41.91317
61.94452
78.39227
81.80823
58.60158
9.09895
23.21942
9.31676
1.36216
88.42764
75.46668
72.24623
13.88214
43.67204
89.27603
89.25268
37.32849
98.47504
27.45883
41.56173
41.61046
24.97300
72.11158
30.90421
9.61560
4.38086
91.04842
48.95889
69.77671
75.60646
26.64015
96.00734
9.96989
86.20033
82.83487
75.47280
4.45338
14.57508
26.63107
37.15790
86.85726
40.84983
9.97342
35.93942
28.40515
19.79063
96.54456
98.94779
20.90272
94.30752
74.98505
39.39876
17.59881
31.76381
20.83470
96.99888
63.50181
61.92171
17.23940
82.24632
95.39436
0.89442
40.29549
98.91821
95.69001
17.13844
10.10986
23.52574
29.82623
65.47606
16.78321
11.03770
73.45331
46.40862
18.99255
75.04798
7.09833
76.17402
32.53554
75.33471
37.99937
73.77726
58.05097
64.71649
19.33573
4.72709
70.18782
26.71745
96.02048
79.90371
67.36445
36.93161
12.26594
16.79233
94.12934
97.47689
23.56051
17.79731
43.30903
86.24786
78.80548
96.25163
65.18498
33.02893
78.40712
64.69158
21.00701
53.70542
74.65252
19.39879
89.38440
54.12016
56.91787
12.25248
44.30091
61.95884
62.25504
5.91085
78.39991
28.23331
17.19088
11.99721
0.59217
3.00370
35.29242
2.52391
4.01352
79.50742
53.52492
19.84721
9.84500
28.83194
89.60410
77.45082
32.48796
83.03736
86.84801
81.22621
96.16256
54.22739
53.14758
97.97965
83.71571
6.74203
97.15027
24.56257
31.88576
73.45352
55.49016
78.77052
39.95509
96.45746
52.70100
72.38894
56.17940
3.10327
48.30796
15.97872
42.41123
61.69798
92.95831
8.83133
13.78516
20.45068
4.88248
21.24922
44.80168
2.10819
88.32754
84.86431
39.74250
48.84952
9.15442
75.23417
63.00466
64.24216
21.88059
52.27036
69.15631
57.36052
84.86780
44.53690
87.69510
67.62535
81.78991
84.01782
60.45445
48.35098
61.30491
48.40164
25.12336
85.07971
90.16571
68.10238
79.05436
95.26111
21.10128
91.08254
68.83233
23.14320
23.44683
95.04119
10.80027
49.52382
60.67883
56.49302
74.88929
97.13911
0.16075
41.20703
37.01552
58.25664
83.19114
95.99059
63.39262
58.03123
48.74495
47.00147
67.18646
10.12634
13.98028
99.33305
74.41521
13.44663
49.16772
29.10115
72.60366
76.13490
8.17514
91.48174
34.97043
44.98811
70.39064
87.11043
71.12313
7.38275
77.58878
26.95398
15.19815
13.77890
45.43270
18.57576
51.87297
56.46141
82.18245
19.29530
64.03603
4.11185
85.23092
87.40777
78.47824
28.03185
38.85378
19.42059
25.57544
25.71925
57.69594
90.04734
90.52451
61.07595
21.67972
1.81108
38.90321
94.51602
94.67697
63.07703
40.44461
82.87505
29.98567
42.39387
35.82344
33.29879
57.84625
58.31666
14.22099
36.65563
83.58417
96.09073
78.45259
49.20333
41.58367
26.92713
35.63126
34.65845
56.71519
83.59517
24.52193
15.48965
61.96009
97.76737
48.48255
45.98428
76.89479
98.60642
30.15247
36.77882
79.03360
82.84510
31.75721
88.41569
82.04790
98.84910
17.68027
59.99057
61.58161
47.19026
93.48665
81.91890
48.20576
17.72816
29.89723
49.72142
10.20334
71.33948
67.72678
25.29254
80.20318
76.03035
1.66032
28.62872
54.40965
78.03959
54.56084
13.45587
47.73003
30.67825
30.38246
60.92748
87.52368
99.53288
51.64580
83.98137
83.90761
36.49927
53.18515
80.33448
75.84787
13.40744
37.14332
66.43968
3.07007
68.09274
35.89253
90.52062
52.85778
74.80957
36.91594
48.58885
17.46347
26.18063
90.37052
63.97425
69.24021
82.73510
69.73361
54.49491
94.85148
40.37888
62.83416
32.30590
16.31691
99.22034
10.47556
49.18677
80.09974
82.10675
18.04536
52.04856
60.32620
48.17778
99.85458
56.64341
99.28329
50.16956
8.18177
24.01971
8.58690
58.80068
99.34307
49.40792
1.02166
61.30829
13.00955
91.15624
22.73324
88.29192
46.99934
58.90339
93.62061
23.10618
51.41754
34.75687
28.59774
71.17482
87.91704
27.02128
44.12217
99.91897
5.00696
63.17361
98.82957
87.82889
80.63124
85.31015
12.77449
66.83038
61.78347
94.79375
98.59019
2.32802
51.67114
31.35846
11.85210
96.68288
66.58786
26.70684
92.56007
38.83574
40.71094
91.09793
38.36699
18.14052
76.07853
2.44260
91.59768
69.20898
25.48741
42.81404
83.96028
34.65043
21.62794
34.87473
62.11579
90.71561
97.57281
13.73831
45.73430
49.55472
84.62138
45.72205
43.14032
39.54515
38.08735
13.43834
43.30796
19.28228
67.37442
0.48011
57.96961
54.19347
20.26903
38.12644
98.31893
90.09498
77.19796
75.90950
65.99692
25.87748
98.23975
11.67682
5.22015
74.30486
31.31799
38.90866
57.10207
49.51489
80.82132
21.36152
75.24369
41.72847
38.97929
3.46308
30.39784
59.43939
42.25616
89.55578
54.33491
59.49096
72.09840
42.87993
77.53128
42.39944
18.54574
35.78606
53.09162
56.29475
43.84321
30.42739
11.12758
33.68022
67.84651
73.77405
7.27090
82.21791
49.40022
52.78167
7.01192
91.21285
19.97799
66.02556
96.79017
50.46084
27.80175
19.62667
38.32571
12.23943
80.95854
92.32905
18.54529
30.20846
52.43285
68.85258
21.42865
61.17414
62.01850
14.34097
68.17732
53.84746
87.72788
40.12520
89.57560
53.94624
19.68345
86.67674
14.77567
30.11218
67.37775
97.13907
57.02456
50.87651
19.10865
46.20747
97.27675
20.69693
72.87386
28.66043
22.85567
55.90862
54.25444
17.50931
60.54788
17.49381
82.91697
93.91680
24.75836
71.02989
96.72964
55.41446
32.93135
25.98402
94.67008
94.85277
59.70707
97.33650
38.43809
17.30195
60.18739
14.81841
55.10560
44.52154
50.72023
46.37423
46.57361
91.82073
43.26568
30.62725
97.56884
77.08640
91.07153
0.85435
31.39627
57.24629
38.65805
95.93461
63.20722
64.24735
81.19786
40.16949
0.61376
43.26176
97.52753
87.11156
40.26776
15.11182
31.13598
65.81501
17.86071
54.26289
40.23667
59.54404
23.14072
45.37499
26.07494
33.26756
64.59568
14.51397
77.74868
71.52582
82.36339
45.15527
12.02066
49.27092
77.49064
92.37650
95.24879
1.43751
59.34843
64.74626
12.41443
50.39915
4.67215
91.49291
18.69130
24.55729
42.60845
35.21465
98.36640
11.57724
70.10246
83.40802
61.55662
25.72261
87.61720
46.09537
97.11022
2.09888
24.62054
81.73187
11.14879
58.46430
25.82287
51.95176
63.92501
31.30872
27.26019
86.20865
84.43489
16.16370
0.83128
40.49972
70.62362
84.27800
3.10334
12.18269
68.53150
69.48104
62.70371
58.21331
53.93317
6.49653
26.44457
62.70076
93.90223
20.95307
17.12865
39.48816
38.07280
77.75926
39.57013
53.14773
9.53172
51.29510
20.84241
25.34004
52.36149
52.09015
10.54225
6.68211
74.46963
39.25415
15.86703
78.77206
90.13278
20.76857
23.69941
40.02114
56.21722
63.14835
75.80773
35.05650
21.99097
4.79033
90.43914
90.09156
54.82258
92.24296
16.83653
83.21734
9.62277
63.79243
52.19523
9.41589
51.21224
1.54898
37.88480
31.40971
33.45568
19.05149
86.59742
15.39789
92.04174
68.08359
40.44748
97.73597
48.40319
43.91953
11.94064
5.69845
15.42661
79.41573
53.69844
88.95345
66.21896
11.84896
23.13362
32.39190
46.45623
42.00577
43.53353
34.49597
76.59343
48.75547
86.18494
39.02963
67.54125
72.61683
78.55701
6.37037
19.26677
22.71335
1.69709
8.23774
27.73303
92.41400
5.90179
39.24094
0.22951
29.65095
0.77609
88.54854
35.51182
45.07097
39.34033
78.71202
57.41745
52.25159
22.53275
4.32951
44.93056
65.74670
34.42554
37.43886
31.41466
92.88684
9.29056
5.83677
54.44851
2.21646
0.29702
87.80016
99.49958
89.91450
59.81560
8.13239
58.56423
56.48366
4.77677
65.77640
15.45019
16.68527
22.05581
80.16744
63.14143
53.19328
56.38095
86.29942
0.92194
9.80336
7.61986
18.44719
43.49323
75.28460
47.23699
66.27886
55.54842
7.22614
67.83548
89.97258
34.17652
34.04315
7.99306
92.05122
78.83887
89.68401
45.05273
2.16097
88.48048
91.10939
18.06353
36.69039
77.51385
46.46805
17.37323
35.30183
5.01490
74.72867
40.02014
62.21590
61.56011
66.08690
46.96275
43.43025
59.42636
91.48713
31.02703
76.43217
62.05486
58.60458
44.22731
5.97323
13.05668
58.72008
95.19002
67.40023
53.58712
76.27656
91.45948
61.74482
85.73353
57.60970
85.63515
24.93639
75.62361
55.54190
21.83949
89.83530
61.42004
15.70456
12.79561
8.43067
67.20354
11.23759
68.06163
9.20357
72.59346
4.77443
59.43212
63.28580
66.98121
2.31320
75.56524
17.08119
78.28747
78.59056
14.44990
49.71636
5.33487
65.54553
57.84422
46.23439
82.44361
82.59707
95.96116
1.64797
55.49469
60.53236
59.60789
99.60781
37.00148
61.09434
27.15463
1.31627
22.48728
55.73957
57.05537
56.57503
5.69823
44.15318
80.01053
12.50293
33.50488
16.04997
59.76117
78.41541
78.12942
41.83734
6.04795
77.86787
33.01214
97.40811
22.89807
91.12555
81.35345
54.53158
89.49720
85.68997
79.12079
12.84274
72.83644
6.48522
19.91071
54.50804
43.60132
37.34079
93.65159
78.88026
76.28759
82.36632
91.14259
71.38083
82.57912
85.32419
90.49530
74.47783
50.36474
17.47108
58.16105
71.58568
8.17166
51.57076
56.10306
27.88424
82.82311
70.78870
91.73340
40.70662
52.19318
51.68407
29.75317
16.44270
86.79510
60.77181
51.80815
59.28925
83.06460
32.35730
78.91807
83.13831
66.83620
14.18766
76.02458
41.44734
16.41264
1.24164
80.47910
94.43461
12.62997
16.76975
75.98049
72.36280
80.66877
54.00579
73.34319
5.82219
46.17970
83.89371
62.94369
45.35493
9.08678
5.36276
60.32798
68.20360
77.97531
5.03118
7.67289
98.28228
29.36487
49.05518
63.39072
42.21247
92.75186
76.29472
54.66061
77.50458
19.49784
8.84733
45.14328
25.34469
55.45659
70.94213
75.66865
38.71731
49.08906
10.99775
42.50187
58.31075
21.19716
8.42701
97.22813
71.30601
95.74912
62.10898
92.99733
76.44613
45.20702
61.65570
93.99068
23.46082
48.07657
36.46664
75.52506
73.33782
61.83194
25.45945
50.91435
80.27497
41.55820
68.16884
57.84868
10.51295
0.50018
6.79296
22.06313
12.31519
74.66905
37.46220
40.48359
44.28818
19.45772
13.01453
81.86707
13.00097
40.30735
40.53347
8.32330
7.27094
76.60788
33.71923
62.83884
36.40423
96.52469
57.24135
32.41214
26.78496
33.65634
0.03430
26.68654
9.39983
59.36959
6.35585
86.59519
65.45847
55.00262
41.15314
74.23716
0.13073
5.92395
49.17525
47.25297
28.80367
77.32586
88.76612
15.89658
63.18036
89.72959
62.72247
44.58121
68.13523
60.40615
59.66417
74.89014
3.00544
41.37261
90.02734
3.92477
36.36202
66.31149
89.49764
47.74071
95.00446
5.62005
16.86884
41.09339
47.53429
32.63993
69.29739
2.72883
68.50498
50.29937
71.75886
44.35767
9.06002
43.46092
79.27444
19.92885
70.13464
32.23012
56.10545
45.49857
51.65255
13.71395
27.36723
91.66174
58.13739
69.89233
12.76227
0.01815
76.47392
85.15054
45.48855
39.93306
37.01415
77.15118
85.58810
76.98932
30.17303
58.84692
79.96335
95.28473
76.42077
93.29230
5.50445
60.13331
33.57097
4.12967
56.85709
88.23797
71.92231
20.79908
76.16026
62.41916
83.65900
1.25168
73.75978
5.65086
39.51812
8.06807
51.14063
23.56647
87.19980
79.12839
4.18912
28.94011
22.62067
3.44893
97.53311
91.15850
7.79774
3.88819
72.33996
64.50859
34.86299
56.41070
82.96152
67.96281
65.07057
50.47663
66.10723
41.90166
14.49876
48.69370
75.25374
48.74618
66.54722
81.55362
65.82316
35.26794
71.76795
11.37715
3.80026
85.46843
17.78892
28.52406
21.43121
95.69933
56.27277
64.06457
29.50205
39.35874
79.40718
41.18207
93.46982
60.60797
59.49782
41.14458
43.95470
68.64403
43.77283
64.50868
55.46334
96.54424
27.81573
94.56864
33.86826
94.33465
47.46027
58.03106
51.51289
19.30954
57.03980
77.19557
51.69822
63.25609
98.46737
60.13829
80.55002
3.91924
60.55238
96.89369
5.60291
50.56002
42.21066
81.76519
56.53036
56.91500
82.55330
40.72693
20.70012
3.13715
36.44763
45.35332
44.18342
5.00772
1.62380
52.32859
15.10074
89.82970
13.46922
95.05459
12.06100
53.42216
92.54557
74.99680
70.71748
16.45345
31.80897
65.53167
7.74987
64.28342
14.27013
17.89754
9.99802
79.62419
11.31353
56.53353
13.40338
97.30362
78.98748
90.69988
81.79035
66.53443
68.92054
74.48534
53.69408
53.31860
98.28501
6.37183
7.41195
57.80666
28.57939
18.57354
48.79508
40.33925
82.96882
17.95078
27.50122
79.87524
90.35807
83.60373
71.86167
25.99677
47.23897
35.50172
15.67652
6.90881
17.01935
86.95058
96.92877
45.03616
51.74676
46.03814
26.06728
64.40385
36.58536
69.88172
41.08651
14.59980
26.00082
97.13404
97.24527
9.86443
23.75199
39.25872
81.82879
73.88319
40.96302
22.80276
86.50000
97.46154
75.11962
50.53261
66.32309
94.65342
81.63143
95.42866
38.32551
48.05041
42.23606
51.85815
99.70142
90.00127
40.95997
9.06034
9.20086
84.70559
94.32070
0.68312
90.84546
86.80811
56.47389
82.95596
98.88566
87.77543
31.27869
77.36655
52.38471
4.02291
62.98411
8.08403
68.68071
29.57966
76.20439
56.62730
7.66056
72.30417
59.32245
35.33041
89.99889
15.58262
35.32855
35.21497
93.63922
26.71201
59.37963
78.40272
68.11467
15.71329
86.80642
79.92636
49.25067
98.82285
50.11036
89.43351
6.54957
48.74249
44.09780
38.10062
3.46805
46.40219
89.26677
19.52647
41.46455
86.47795
81.44445
40.58071
49.42861
21.28677
31.89836
23.37417
77.09927
2.54724
73.38287
13.95192
62.38793
46.51803
20.58937
45.89456
20.31823
10.32661
82.01403
40.83115
15.18177
5.85373
6.90129
97.04831
18.58165
40.20418
97.58194
55.82283
12.18061
30.18029
18.60102
70.98153
29.25488
24.70102
4.71343
18.56028
81.98169
25.12599
11.67343
60.78350
16.59490
93.41468
42.07912
66.69398
56.03629
25.77584
94.74579
59.42476
48.63206
85.05061
36.52199
75.63407
17.81958
46.86839
52.93746
30.17970
41.97932
54.69871
9.46962
10.33698
21.46754
40.88217
3.57112
73.97943
49.73516
2.00709
31.66864
20.82238
75.91644
62.98527
72.56290
60.12550
71.82057
74.56158
24.66923
64.18116
92.45288
57.95731
87.38717
50.65356
60.98696
0.07774
42.55479
75.08852
20.60061
50.63942
17.27513
94.64446
8.79197
31.86788
68.18819
65.54620
46.16657
27.66078
19.63564
70.56568
69.76277
52.44346
84.04923
98.27476
22.44663
16.14312
59.65077
28.44748
56.38315
79.75433
61.76773
33.12254
16.57996
52.10559
14.47176
8.09256
82.21014
7.62634
62.62779
9.59970
81.39922
83.57343
59.80974
96.87539
85.48513
4.98725
16.88180
68.93877
90.68469
49.66049
76.44805
92.75151
49.96587
69.63159
34.95270
83.55556
89.55354
64.42468
35.63158
98.39023
20.50962
89.96845
7.50626
60.48968
96.80574
46.87121
33.34238
85.61105
51.36937
23.88542
54.86361
16.27123
44.30724
63.38008
29.00890
16.25158
14.86700
50.46317
4.38982
64.79462
62.09133
93.05487
52.57082
43.82411
18.88772
98.80228
88.47044
37.60120
0.86814
60.09953
50.06338
49.37880
8.80991
58.92370
39.58577
42.47867
70.59202
98.13908
37.86811
74.31144
40.03086
30.34067
62.90516
7.82829
4.79725
17.23972
61.28633
51.91937
69.40512
12.70386
71.26944
71.16176
77.33963
79.10544
23.81186
66.61866
85.39657
47.31311
1.86853
38.81597
42.42317
58.04860
40.78446
83.75831
93.10151
74.32248
64.10412
91.47566
92.10813
41.27188
42.21832
85.42525
39.40732
88.38228
15.99770
97.89471
57.13933
0.74859
92.04527
21.98873
68.06377
25.74016
84.49555
67.76987
74.99161
54.70879
0.65931
28.15746
92.58093
17.44279
47.02909
13.05704
11.63953
94.88534
58.28728
81.52878
47.44917
47.93840
69.80899
10.69474
13.43339
97.80106
3.13575
37.29651
24.72529
37.96033
39.00535
56.55624
44.53652
56.87977
60.01629
60.65827
67.30953
2.88385
49.33022
67.03577
0.57707
60.00364
21.16796
55.27744
84.70069
37.63712
96.06105
78.24606
40.67719
42.94722
47.97329
47.07784
30.57213
50.97291
14.50008
68.81439
10.24231
32.24846
78.03249
55.45114
74.33289
69.86974
3.90373
30.54466
61.48409
61.98870
95.86454
45.49426
6.50794
72.17844
20.22344
54.23121
45.93407
27.77487
32.90183
28.76441
2.39355
8.83564
59.02718
54.69079
40.62632
63.61924
62.57158
4.57800
40.19123
42.39641
23.11798
29.91767
22.36764
35.95280
74.33637
80.36846
63.69361
77.91974
14.12395
91.36802
53.98533
64.50612
24.53558
80.49797
25.61410
59.37732
93.93548
40.91331
55.89948
40.06602
28.40281
23.81699
6.42345
49.81272
92.67118
51.53088
31.47455
68.39701
97.50852
67.76460
59.25437
55.94431
95.41122
88.25303
67.23828
96.61514
29.09414
71.43827
74.91825
67.87957
51.91863
64.08374
75.67598
68.46818
28.39208
72.11629
90.31409
95.04276
46.55342
33.32624
19.69602
62.72153
27.33087
92.65265
20.16109
73.75746
56.26274
45.46956
38.20374
21.10641
78.09315
38.25642
16.05845
45.23568
26.20314
44.72718
56.64333
69.54834
3.81296
85.17988
67.70436
79.75330
79.14918
81.85364
18.32497
96.77191
90.75569
13.76832
95.55558
18.63564
69.23937
11.54178
46.84097
60.24929
30.25108
13.48554
87.04693
71.77713
45.44352
30.20048
8.39378
82.00613
88.05457
25.83161
43.15472
5.91474
37.00596
43.86602
43.78478
48.50693
43.91431
24.19310
55.40660
74.28368
56.82860
1.67236
77.10964
76.09363
98.93855
91.76790
18.38571
38.78002
23.32815
77.25817
74.72356
4.03854
60.03489
58.94346
78.95677
73.71127
75.92345
66.14304
47.00732
61.50299
19.57698
39.77982
25.40165
58.53332
41.18261
49.03760
75.72351
91.20896
0.99591
17.00396
88.61561
92.49013
15.89804
52.32054
11.53903
38.21680
32.78014
4.36121
77.89022
58.38310
13.12078
26.81722
53.42193
9.81285
1.96783
1.19469
52.03874
98.87817
22.35173
49.99157
51.03846
62.07808
75.64269
88.24433
35.44913
11.77015
50.47057
48.47758
75.97237
36.42309
85.47484
59.16976
1.25474
30.82824
92.37468
1.64223
78.22807
85.83671
67.68678
19.97718
63.38625
5.76697
32.69968
40.28118
25.51291
20.75819
45.28612
80.08365
63.59388
12.34857
25.16252
35.87797
36.88003
84.37472
54.24039
24.50439
84.79034
65.90737
68.51017
50.70573
52.44418
78.05073
44.96419
27.10643
19.10479
81.57672
33.03711
66.28946
27.45960
24.71868
71.48641
50.06189
56.30649
35.01718
83.57215
40.67415
38.19721
29.88353
12.00337
53.64169
19.31767
29.24395
78.38651
98.25322
99.68723
40.64246
18.27330
0.21147
58.54727
95.04582
75.71364
40.22970
48.29002
94.46134
26.02704
72.35885
59.70049
2.63283
66.25287
64.39535
31.97908
87.30674
16.99259
12.01651
42.55453
18.46410
26.04922
20.53124
37.57103
94.17810
0.92398
56.50305
32.45137
24.66952
88.76743
61.51252
21.78770
12.31986
25.71244
80.70467
9.90112
81.31127
20.27959
79.09192
93.92276
10.15917
58.92611
36.36535
67.17787
70.14617
74.15142
90.11253
20.32371
75.67597
96.02124
12.77980
26.15291
49.94587
72.07442
81.50367
3.87057
8.70182
29.54974
77.78509
14.81655
87.63099
98.70256
50.28943
18.23255
85.34084
92.41581
14.14686
93.84361
41.97965
32.27874
17.01945
15.04195
33.96493
85.01363
0.41568
55.15018
57.67728
37.45283
77.23680
87.04914
14.93223
18.59601
1.03733
18.14638
30.39908
24.76305
26.87503
58.77484
41.12344
24.72333
13.78093
33.72624
58.73851
11.37532
9.25841
38.93578
60.12897
99.79065
64.38135
30.03737
56.06260
32.92901
24.63184
3.00697
82.00658
86.37209
49.64386
70.50448
79.26809
78.69709
5.28459
60.03679
71.28215
73.70970
59.57567
26.06196
72.54907
90.12355
86.92210
31.56606
5.70072
61.72489
25.44216
42.42284
94.02117
44.71064
98.69885
52.94324
78.27154
46.81347
97.89623
96.08461
7.29975
62.78194
12.71647
83.90462
15.23829
22.41028
14.38167
0.68830
33.30724
84.83498
30.09889
93.99806
80.15975
4.16483
98.16714
58.59672
10.35469
44.85664
44.76861
96.49845
22.26541
41.67018
40.95975
42.48972
44.66474
88.83092
3.95859
99.45024
6.81715
35.59690
46.38458
97.93142
33.73476
4.51963
20.64689
10.47442
97.72676
14.05563
6.35847
73.37481
37.32014
94.85213
1.25200
36.09115
0.12838
44.52901
48.95227
9.48818
27.39791
76.23053
42.28176
31.82883
96.58480
56.48481
86.38647
43.21932
40.96912
21.22182
41.24112
53.65616
49.00583
33.05997
63.44888
39.38275
66.95939
65.36476
2.06615
93.39246
84.56739
78.59269
36.19817
99.07047
80.48286
54.73454
19.69875
3.10295
96.64101
84.45460
93.69259
44.51654
67.62838
73.22217
32.02636
60.61256
18.84402
95.54696
24.14647
80.58708
3.74424
52.29282
6.72841
68.27989
75.46626
0.00145
31.86630
85.44060
27.13371
92.63751
85.83699
30.39738
76.83105
37.85082
14.16462
30.73469
7.97380
29.61885
15.34442
82.64768
61.45334
72.56038
96.19050
87.27312
64.04605
81.25641
28.04207
40.24991
66.73673
50.71319
6.45215
38.26072
98.51613
57.44790
51.38575
2.76682
11.89169
46.29474
84.34713
83.19672
22.83442
18.31477
73.85248
26.11065
65.22936
0.22442
7.13100
23.45675
58.01411
34.12932
22.28313
62.99980
59.85262
73.32453
54.60007
40.57706
87.14287
21.40975
11.05772
38.67605
83.25048
72.49197
97.37596
72.23550
64.85117
90.16948
14.14145
1.78544
10.00305
50.48019
57.78518
38.69560
99.15467
45.88182
74.05208
23.53581
81.52343
23.44371
28.29639
13.56536
48.56561
9.88088
5.82757
57.00155
37.70944
15.66041
36.96205
13.00818
99.34069
91.99812
11.67899
32.83151
77.35319
1.94684
2.07795
93.71813
41.72672
56.91785
99.53673
48.64310
3.00160
38.97029
93.36470
83.38785
7.51821
36.20077
19.13372
76.95231
46.27246
55.75185
87.19803
37.21940
22.73552
37.82463
86.73373
63.64102
35.17661
45.23577
5.94030
70.65802
85.54175
23.10408
47.93648
48.24291
67.69523
75.37948
84.60373
2.11293
48.84100
42.93441
49.30787
44.67839
42.44113
8.05050
44.29837
55.73365
43.95691
34.92936
34.96768
15.14340
17.53044
15.22491
56.81942
61.16932
21.72442
85.38470
62.41723
45.50373
15.73236
41.31532
14.68684
0.19284
41.13838
28.74312
34.43288
52.59804
72.47429
23.85096
61.62230
71.64743
34.09436
55.47124
80.57585
36.44097
36.59206
68.04635
27.30104
29.47475
17.29053
67.03523
18.58788
2.10189
75.46939
96.60179
64.57160
58.55369
90.78531
9.17966
26.49269
22.66574
87.58709
0.73509
24.88906
52.66098
28.76450
78.40530
78.11460
69.11876
5.90359
10.38415
13.95690
85.66956
99.29587
82.51091
70.90820
23.56550
29.29153
24.91833
73.60460
32.87078
15.75235
21.72214
1.30930
84.12746
7.30865
35.96590
52.34214
82.01616
6.27940
90.88436
70.25218
67.07824
93.46694
46.44669
67.34678
29.00963
82.11836
45.41349
4.60315
54.92340
17.00244
54.08110
89.66641
6.49654
26.48477
78.04029
93.60003
74.53590
82.29318
4.75755
47.65559
75.76255
45.07890
61.71123
63.06357
11.05319
11.32512
10.57203
49.67502
65.16671
85.74763
70.81401
97.64925
49.81429
20.75018
75.42826
95.91123
87.90044
62.32615
39.77088
38.25853
29.59772
61.47294
38.11033
41.69616
83.72544
14.28751
12.46189
3.48469
63.32881
96.74434
82.22884
58.96421
37.33411
80.29744
4.40496
48.61682
63.92243
12.45855
80.13163
46.43427
89.01110
7.14986
90.07271
18.47574
86.45270
80.48234
85.54140
30.72122
86.23134
99.12346
1.44644
21.36271
26.43755
66.28593
89.22257
0.35962
58.45867
44.02474
88.06338
1.93831
1.52411
32.39306
16.40377
54.05662
25.82737
89.65649
11.63857
44.13436
98.21464
30.70077
65.65349
61.30952
73.79365
18.13520
68.79060
65.47376
36.54980
60.78333
35.09862
88.52266
30.13182
60.43604
30.19037
52.84748
93.30021
58.23800
0.22897
95.73522
73.41891
85.00170
53.77988
25.12054
47.01821
2.29181
79.99282
17.81617
98.94287
48.37994
28.40770
9.21002
95.09178
20.98100
28.55169
85.67213
78.95096
48.52677
9.86266
54.91907
74.73415
61.53586
88.20088
85.22757
90.87484
8.75462
55.39282
76.60048
77.25821
33.51083
21.58751
60.86262
28.93361
66.25919
21.21280
51.65633
41.19481
94.31339
92.88019
15.86908
16.87952
0.09228
46.15014
50.52026
10.42319
88.05269
68.95234
63.67472
36.82760
61.41639
63.64471
41.15269
6.56677
81.19808
19.49127
83.62882
72.97240
49.71280
24.34392
18.69525
43.51846
46.21899
67.56621
95.62467
8.31295
73.52223
19.46315
29.89142
85.99014
47.79255
81.14744
81.44610
42.94222
93.24207
55.65380
63.24195
20.88381
29.50328
74.02826
86.66428
46.65106
31.27020
9.04194
44.03703
85.69078
84.15410
70.36696
67.15741
37.95248
2.57905
65.94732
34.66236
42.12556
80.86362
96.16290
46.07066
75.26435
64.54743
88.52238
79.77752
89.82432
67.72696
74.74324
28.69290
33.35429
92.82087
76.37374
38.33715
62.56788
35.81073
22.16259
87.11578
3.05670
19.89677
5.78581
46.11477
52.66198
42.99915
86.71577
40.82018
80.99926
60.22370
47.26104
25.44803
54.74473
81.27998
7.57657
79.53913
39.25349
1.65272
70.63614
48.33406
97.61623
4.95936
59.40976
2.97834
47.56794
64.32030
44.49557
63.50636
7.19918
76.92985
33.12503
98.31160
44.29811
86.29708
14.66696
29.07051
51.97884
17.34630
74.13297
95.49787
90.93142
6.41418
11.17338
59.32525
21.91695
66.26240
15.16087
18.21889
28.78338
12.04664
52.02457
54.90048
19.60879
9.64545
42.28387
84.96725
9.50078
42.48436
69.63718
0.46293
14.91741
87.23627
55.43121
37.81778
28.69667
89.04650
90.39395
80.83750
48.49731
45.57427
72.22962
68.44769
72.23576
35.84919
93.33416
90.42699
50.79284
19.51296
99.83198
13.42697
16.45303
27.71677
36.30793
76.10510
66.42592
79.37915
80.01454
90.10163
14.98014
45.59732
86.55931
38.33515
65.01444
80.46324
67.47179
53.27531
4.47563
24.28412
7.16500
77.98939
7.77250
97.00016
6.56768
12.09369
12.40187
5.56597
35.13455
80.52943
47.10437
79.96287
49.64726
39.91318
66.82907
32.45253
86.98728
61.51439
7.01797
21.84270
92.11891
67.86125
1.46943
13.03814
72.41815
9.43578
27.12197
99.28528
25.53158
52.83674
97.16469
1.59346
90.89296
10.45262
57.53150
6.54219
80.80004
64.05623
43.10156
56.42026
77.43930
17.68770
95.29638
79.00253
3.26584
27.57933
4.38887
87.28835
81.27680
79.66985
71.44383
31.50612
38.88757
74.92170
8.52866
64.21377
4.96049
84.97007
51.19112
89.79800
25.89604
46.61033
8.11527
93.50138
95.61339
84.89328
6.22472
36.81186
70.36367
75.72256
17.29540
64.26493
97.96162
96.78998
53.99840
14.81569
4.16806
26.62709
23.20363
0.72918
74.25622
55.66672
83.39238
69.69286
78.67242
17.35681
63.77254
75.04616
34.95443
16.36392
83.47080
77.63047
96.63022
75.21707
84.53756
44.31987
47.11966
19.92660
51.44511
51.79288
60.56819
94.10013
78.87167
60.32629
3.82262
90.72294
91.00054
1.81823
39.41136
13.46697
6.36667
44.70364
57.59164
11.31004
83.44906
16.28258
11.54438
87.95103
75.88551
52.80454
53.73884
66.47517
7.13245
61.33004
54.45035
98.98365
34.23809
16.03000
76.95429
80.48813
99.81644
27.48581
12.86914
36.94531
51.89817
68.94271
95.01976
24.34559
33.39405
20.29907
34.15594
21.48028
86.76803
47.32670
15.22451
9.95833
23.80386
85.02831
67.66432
54.04937
1.01225
92.63666
38.15580
48.17431
87.44551
85.89331
73.53235
32.58343
95.37508
33.32246
73.61547
42.69772
51.55090
49.73053
33.07945
21.53652
59.59126
1.70480
76.31779
42.90955
20.04710
40.99912
36.04408
82.22029
94.35460
85.10782
20.06740
76.06825
31.95404
45.66808
7.94550
62.85403
89.74373
74.16682
72.28430
96.91894
36.33877
50.32205
40.88925
62.33140
69.45763
25.44419
26.28764
99.97141
70.77395
49.13419
98.56073
25.74398
27.88736
0.85372
91.54507
55.32094
4.35838
16.41252
19.66839
3.46876
58.19275
17.61867
40.80353
1.67827
58.17223
3.27523
85.47508
37.28503
61.78257
27.94820
62.57278
29.77854
21.78913
94.34307
89.29590
2.18300
3.52895
77.21785
7.42327
16.30116
93.77628
5.17410
77.70836
80.72761
72.26914
10.83183
73.00835
17.26991
45.69443
26.34719
75.48624
87.09578
69.69437
97.16232
28.21767
92.98245
83.00435
59.60086
54.21932
45.70483
12.34270
3.66992
58.53944
96.25799
52.49009
6.94069
84.99858
66.03443
73.48709
9.06312
52.65013
20.56388
39.36869
10.18041
98.27910
70.25561
2.16516
91.71971
79.04886
71.41250
16.26900
6.64572
16.55309
4.57486
78.32111
73.96721
8.70529
32.79419
39.31516
92.02104
72.84692
71.49893
66.66475
41.87002
18.79424
79.20376
32.03485
70.02924
84.01391
73.43892
28.55974
13.62486
13.57872
58.58438
58.78308
61.10858
71.21179
98.85799
28.45496
50.53948
27.00893
92.41814
23.31953
94.22519
40.66216
56.55063
98.40777
72.80403
3.22902
53.83554
80.28764
97.56857
54.80796
38.71085
77.26415
89.66690
28.39597
68.90373
82.22378
95.31530
13.23610
70.61625
48.70321
38.20530
38.04798
29.44961
53.99133
48.39858
43.80578
74.64905
94.19227
65.21727
35.32669
13.68132
95.89172
53.81806
84.94188
47.04498
41.21485
10.16638
71.95100
81.44911
13.13713
51.13524
33.22147
66.40150
87.77409
66.38873
66.14162
28.55430
11.06957
59.11000
94.54537
15.90868
58.02996
81.67897
18.88986
56.81444
80.52990
78.09291
82.54975
56.41613
43.23756
1.52830
42.36322
97.81968
6.18913
2.62906
43.28168
14.63046
9.23729
87.92036
32.21244
31.35089
17.30413
40.50870
8.46807
41.90243
23.10985
41.68893
64.94634
77.88003
18.07888
63.81598
32.13116
48.12155
58.28407
36.80480
87.36882
62.72376
83.77806
13.10793
79.96713
37.91040
46.21899
39.93652
67.17945
30.56065
38.70635
83.13773
81.37951
94.29852
65.33588
48.12424
54.34767
95.84827
51.42350
45.23690
92.67340
48.88817
35.20132
0.71082
92.15633
8.94776
42.39671
48.41382
73.95684
88.17437
99.84722
70.25302
75.42644
36.97241
7.10203
59.47532
12.49803
4.08580
85.49644
80.17608
59.64693
88.71746
67.24418
69.35401
49.92562
58.95724
72.68921
76.06798
73.64439
35.89345
71.48650
77.14840
70.63787
48.21082
98.15797
54.43291
20.06358
41.86800
74.43276
98.69658
85.33298
95.85394
37.95160
19.36967
19.38854
45.10358
84.97899
94.64795
87.37583
99.17277
66.46942
84.26211
71.42076
28.50195
27.99879
23.53783
62.01094
83.40874
55.66331
34.99028
32.27574
42.78180
88.94985
62.32008
20.67532
85.88825
57.41404
39.01234
45.30503
48.02856
47.21507
44.39241
22.52754
42.30843
8.52174
36.97094
21.92540
74.26988
83.75931
1.78480
73.50013
79.16531
25.89809
53.17813
55.97976
46.78480
2.46572
64.83676
13.93445
72.72789
33.26188
25.14377
43.93709
80.41375
49.45249
98.71247
45.91369
31.25888
90.78646
49.51593
95.44610
58.94425
9.54735
33.01174
40.64631
7.53867
53.85778
28.84569
32.78494
7.77438
22.27190
94.71397
97.90910
88.09590
90.09935
55.80400
13.73262
29.04827
77.19758
21.32352
42.35995
97.52897
94.56976
13.60194
9.73991
16.71809
95.31862
76.81474
11.35782
99.05641
52.89051
33.31465
34.90841
9.08245
12.09894
98.63256
50.92901
72.88995
68.37138
14.52502
59.86925
24.38522
67.96624
49.03626
68.82384
63.52479
17.37439
31.37135
43.67284
27.17035
46.94409
63.93342
73.46063
33.28892
73.23792
9.07394
53.44281
32.67703
42.47163
58.90160
52.50224
88.47735
30.39279
17.98285
4.98532
80.37896
24.71382
75.81186
35.70668
71.59000
72.68736
41.33899
60.56087
93.73403
26.59244
86.61802
30.90289
39.51379
51.85913
96.31676
36.49654
18.36092
51.95575
73.68847
97.51283
30.85943
15.39867
88.06074
93.41429
32.47356
37.83116
52.94898
83.86009
96.62221
3.41355
38.51349
69.33566
80.85762
12.72154
96.83610
11.65666
14.30129
45.16533
32.36732
28.89595
10.66087
87.49585
93.42077
77.78333
97.12176
58.62874
77.65680
91.72088
40.15787
7.49555
7.74909
17.89651
36.18510
47.98134
22.21765
22.38834
21.38858
32.77923
91.67520
75.69827
82.11922
8.03054
5.52591
1.10539
45.35628
29.14006
40.91797
34.30639
89.99721
79.32501
3.88790
76.51686
73.27194
1.22667
54.97233
70.07167
42.66030
71.11692
73.98534
52.78204
11.64576
88.45028
59.61334
78.32243
90.49995
48.67806
0.57553
72.63827
72.44026
13.61181
21.16205
5.22101
65.07802
20.28998
5.20843
43.73355
66.39138
90.91036
5.44896
29.54667
39.63701
3.55316
14.05052
27.02995
91.44887
47.90101
34.11990
45.80764
81.66944
69.55772
48.47375
2.12416
34.59520
20.56909
31.40403
38.81805
51.80229
95.95837
91.40423
31.54459
53.20175
54.86691
25.58761
60.87295
27.49287
79.91834
10.71097
74.80661
8.28701
26.34550
25.22915
2.72681
10.94067
61.14833
19.90873
19.42920
28.09479
54.76845
3.32877
38.04861
71.81408
4.58748
59.91016
60.15188
55.17250
33.32470
35.64789
85.39761
54.79619
49.73687
88.81285
62.78330
30.20327
2.50237
64.89544
33.36158
82.90714
79.81791
74.08989
94.52840
33.95866
92.87572
76.47735
56.06245
16.18254
83.99703
54.16443
12.56117
89.72725
82.43911
56.57560
25.35915
44.10183
37.53919
9.38923
97.28043
36.71564
18.35844
11.22066
30.27300
56.32090
77.55415
83.91993
77.11674
43.20375
41.62867
71.56580
34.07263
79.84471
77.94559
77.39478
15.41549
76.13871
43.70171
37.93358
75.34035
37.81453
83.11854
21.71054
69.47729
95.07080
66.79023
29.82376
43.47149
58.89536
73.99899
61.46661
22.24755
84.46434
87.57524
80.89707
67.95987
45.28997
94.86540
24.56962
92.01812
53.23766
97.68029
18.88660
9.14656
66.29433
92.02544
60.85225
36.37565
14.55616
3.17927
74.53606
38.67236
74.01654
14.37807
74.82034
6.42669
92.24103
80.77142
99.49518
94.64601
92.72059
18.18994
39.31758
52.02104
2.96596
86.27809
96.89070
14.34354
21.29270
19.49392
46.74168
74.93653
15.45360
63.37701
52.13265
46.68012
59.61352
25.25989
61.38281
22.48211
16.10448
44.83343
47.06459
96.64857
54.14761
36.24003
75.33608
89.57024
58.18506
64.57093
0.83036
3.27458
49.74541
48.22691
5.32109
70.93793
12.74231
16.29742
16.15054
57.40345
56.23390
30.82167
72.36241
37.42036
8.77407
28.37065
94.42821
60.81111
45.30784
85.71590
91.93196
47.53486
73.33625
8.37904
85.76498
37.43268
50.34973
51.81409
86.63912
2.79137
65.40676
77.06831
7.16762
50.63420
73.01409
46.01651
62.33156
19.49020
9.42554
23.46725
19.51653
62.44591
18.42940
68.69801
8.28598
51.15731
54.90828
89.08556
81.16259
22.49275
14.52216
99.44611
11.14908
7.15466
98.59988
68.05215
31.03177
76.03000
66.34446
44.77200
15.62831
99.80433
19.07222
6.34792
44.91964
12.96718
59.12763
94.93402
5.53098
87.81511
43.72538
43.07735
43.59667
66.88906
11.40503
74.67343
84.45407
54.84258
25.55971
73.69629
87.21825
96.29226
83.22934
24.86799
18.52937
27.97401
58.53156
64.52547
83.84520
47.82882
84.34141
99.39653
29.17095
77.63880
79.49571
34.79676
84.70270
14.95148
89.30388
23.89097
15.15868
94.59300
39.92879
93.09624
92.74235
99.62443
23.81250
32.20985
82.57911
11.02027
66.33181
6.12389
0.43343
52.51990
1.45622
18.70248
24.04353
99.54521
52.91754
29.18936
72.93511
43.23964
82.77089
13.67570
88.21404
81.82858
9.54154
23.09526
28.59738
19.59012
96.60999
19.99653
90.64175
81.93866
66.95538
72.86258
17.89983
92.22207
38.48539
76.08342
16.40025
1.37480
4.12189
57.20617
54.59337
97.34684
16.34842
20.83760
87.82814
34.59338
32.57360
46.77210
17.45908
17.70442
0.86287
89.93294
84.95452
62.14772
91.82399
76.40392
40.16418
10.79026
24.58357
96.10338
68.97466
56.22237
87.70076
92.58482
6.52272
0.99131
57.14187
39.43239
81.74467
87.07031
85.29168
42.39108
79.47968
51.19692
68.24648
38.90099
43.03989
51.99589
85.64266
26.47292
65.79963
76.16454
75.47992
57.95919
42.91544
7.56573
15.78823
66.34039
63.56441
12.88012
19.07786
13.56309
47.99140
41.65900
5.56022
24.58576
38.59672
48.84176
52.49707
26.48398
95.02899
43.90957
41.22274
97.80113
74.56216
95.67005
68.95315
92.91885
86.86194
73.90964
76.60807
35.34278
57.10550
81.98185
80.77706
15.19195
80.99326
20.70014
28.69741
12.71962
66.21541
55.13478
55.78390
62.03497
32.17613
63.29621
62.46660
69.61070
27.12923
68.17615
21.00612
72.78510
43.42543
88.56942
49.88555
15.91667
11.90704
36.08738
9.45601
85.82946
79.77250
33.83775
37.00621
87.13251
83.37008
21.50960
72.77545
59.97731
71.31483
17.34885
81.60032
2.36802
84.69920
9.47967
1.99302
73.96105
36.96249
39.97092
80.93544
99.57477
82.06114
28.85738
86.80588
12.01812
14.03620
41.62226
28.68746
27.38060
99.22426
84.44260
86.31414
98.63942
95.82126
49.75714
22.77944
90.22190
96.88938
38.67174
75.30250
63.51096
22.03603
55.16670
4.67675
13.24254
2.39319
62.05987
64.61256
19.81966
83.09041
22.09674
38.73757
28.77941
7.01648
59.56192
31.12423
6.00722
42.43728
50.64944
30.08840
51.35081
51.90329
77.93253
47.42317
62.27325
24.03133
25.59547
7.18431
77.59418
65.17933
78.18362
67.41443
13.17990
50.42793
50.53310
13.98891
12.51593
1.54213
59.52844
28.25259
44.76560
11.33828
68.18490
38.67735
97.93214
30.64316
46.30926
28.97192
92.50734
65.71227
5.52802
78.93631
71.31439
22.77828
31.03093
1.39037
53.56248
70.87060
15.26463
20.34036
94.60173
42.05832
4.55908
40.12718
24.68915
60.53634
83.32225
30.40049
7.17918
4.85260
12.73312
83.91964
18.20508
96.69083
49.35855
88.51221
74.56869
30.88275
24.30124
68.12463
76.49827
73.29138
50.28322
11.79377
69.56725
11.20028
53.89971
0.55846
98.38969
14.52671
71.52230
33.87614
12.25531
32.73027
45.65273
66.60019
25.43349
0.90486
95.60736
42.26837
75.40126
1.10517
63.35650
62.78287
37.50515
99.57405
19.25636
85.49325
74.35668
60.70098
34.12683
20.61426
53.34466
87.92843
87.67873
33.23882
85.38956
34.24312
76.04050
89.48985
51.26886
69.61180
44.60600
22.38198
89.18433
58.02459
37.62784
76.84825
67.01204
42.41377
28.79774
1.77648
65.67675
9.19867
57.27018
50.29036
50.15255
77.58923
69.23074
21.03006
41.52959
12.24607
0.26929
9.73965
11.12823
11.45099
53.23637
65.28805
3.29746
55.36820
66.40101
88.65272
60.43505
74.43612
69.57039
32.17711
83.18927
99.30148
71.84981
90.93423
4.03748
26.47179
36.62724
71.77489
42.91212
26.85247
21.78126
96.93009
4.02829
45.13867
55.94865
23.97906
48.15202
96.81304
26.07546
68.77011
52.13745
27.83380
95.82166
17.70086
33.19704
43.15872
85.02846
2.13611
57.06335
58.62346
70.17921
60.37750
47.43571
86.36180
20.30562
22.82558
14.59776
3.47901
73.66207
42.59940
2.73359
63.94182
56.19924
61.02042
20.51651
92.99461
77.13330
58.99433
96.19165
82.77162
36.64715
95.19033
34.33448
70.47333
93.13748
31.65701
77.04485
14.75114
88.33146
85.93729
36.82811
37.31151
19.25581
19.00034
76.22997
71.68648
3.67863
88.36480
41.27176
27.85880
33.06707
84.18791
82.51675
47.20870
70.17068
22.75278
71.02547
45.91087
95.31311
40.25733
12.81580
51.99654
6.79316
54.45871
24.02067
10.34411
71.60018
38.01373
42.47085
20.84003
85.47746
57.52697
36.14927
60.66102
15.42893
32.32997
72.12897
86.19646
35.37350
69.87323
42.05643
56.60055
56.65345
28.73445
50.42114
97.70951
4.98799
91.74120
50.48155
5.82390
40.82810
95.39173
67.58043
84.73372
46.16101
70.42144
92.07508
46.36400
32.11063
59.37357
5.81246
33.79799
27.21187
93.04182
98.40287
76.20108
14.04568
53.17851
13.29550
33.54775
67.92118
67.89627
17.13731
72.58620
33.95019
32.43479
6.70678
65.33730
98.27778
42.90398
2.78829
43.92204
43.51583
80.48084
79.59457
89.96671
53.23368
67.01818
71.20742
89.32216
41.13928
54.22004
48.07026
49.92391
33.10866
46.86199
33.11618
70.13333
76.73404
32.14437
79.42719
16.46000
28.03165
68.95340
92.23441
58.98196
70.42062
21.86273
37.06306
11.80268
94.28848
52.64586
18.87714
19.86822
30.83572
0.91905
28.62709
88.86719
42.40881
8.05752
50.43747
31.20491
31.30465
59.82664
66.07536
7.36304
50.35258
64.84021
56.03850
64.25626
58.94543
38.99865
28.62976
40.74904
24.43106
37.23024
5.95031
95.80765
75.57205
44.29047
56.27471
24.01992
49.00359
33.49315
73.72920
50.36227
5.67802
43.39128
24.40007
66.77612
84.59370
4.40115
60.32410
17.71323
3.27115
60.67836
60.16126
6.63757
26.59169
65.45891
18.47660
55.01529
95.54289
9.85234
57.47869
74.48707
79.50503
4.19302
2.76028
33.17592
91.09941
93.89903
44.41150
87.88040
38.21538
51.26248
25.15860
68.55584
65.67117
30.36543
88.76626
6.48492
2.95297
68.81021
99.70426
91.56703
37.77194
0.04091
69.81262
14.00666
73.78424
67.21488
50.59326
26.43235
57.91231
16.38003
5.90634
63.37036
52.25314
70.62367
10.85783
94.59420
22.69751
28.71745
41.12188
55.22790
34.43734
30.04733
50.61364
26.91762
34.26018
48.07457
57.91795
35.17041
14.92070
22.20590
87.11562
22.10037
55.06838
38.82646
27.85588
41.16606
28.28485
21.23466
60.99178
20.45877
43.64760
80.82913
16.39612
82.89896
51.23024
22.43338
62.65479
35.99101
70.67983
46.32821
89.30244
35.07364
91.93115
32.85563
75.11947
85.95573
13.44767
44.32891
12.29141
0.63351
30.09823
50.97780
56.95514
35.73974
59.39573
50.45113
15.04602
32.93310
73.57442
95.28681
4.36527
64.78812
67.14658
65.55987
39.52774
78.20528
54.13874
55.83929
32.18716
68.25997
87.07078
76.86734
48.26692
13.46339
4.94343
14.03376
60.91773
0.71781
28.64748
66.20301
73.52586
90.55202
51.45958
85.13939
5.49753
84.18596
7.76693
0.83603
30.56232
68.13775
85.44815
55.60743
88.21015
55.19936
48.41696
82.39724
61.12502
4.51521
69.85246
45.05267
78.49725
21.86107
49.86240
31.87993
24.83387
86.80694
46.38943
73.95664
19.57904
52.00769
7.79306
7.42018
25.15485
29.60416
0.23738
3.32763
41.50843
93.35956
9.15382
7.38280
67.81391
57.13917
97.00022
36.08206
41.64526
45.39299
77.98246
8.13737
15.04571
3.88524
57.30698
54.18958
1.05557
77.01650
27.81541
63.78963
31.98000
34.61368
87.87854
19.45022
79.21797
14.99050
7.84277
98.93922
95.93404
25.99811
72.71437
39.53479
75.76170
63.57618
75.79204
82.63415
99.69341
13.86239
52.66065
44.07321
49.17064
83.86378
71.10059
99.32215
81.15561
74.37845
85.82617
1.88763
94.20012
50.35973
93.56214
22.78078
38.26014
56.03147
11.48867
38.70515
37.14516
70.48536
10.66803
74.96888
67.17144
73.92288
26.52822
54.57388
30.35065
45.24750
82.51724
85.55674
93.94727
74.43671
84.85285
81.07785
81.44159
85.11337
13.27596
37.09800
19.57296
91.63843
22.38970
99.69746
29.47232
58.87350
99.18836
52.54377
99.28139
38.49474
14.52817
45.60927
85.85236
0.41155
23.21001
78.62038
71.13196
96.97601
65.62816
18.45410
15.48160
6.76654
42.63188
3.10305
86.62978
22.24088
61.58833
58.74952
27.54622
90.10525
44.30075
69.55617
36.07575
77.62407
21.11344
40.43504
90.81672
50.15355
72.25455
50.78949
2.39350
41.19539
20.51869
45.30016
3.34285
59.63967
34.63037
95.11531
53.86046
99.08021
29.16492
25.47864
57.49701
24.52367
65.45201
47.63308
54.48539
29.86139
27.58104
94.70090
52.63108
47.45058
71.54335
38.35331
66.40799
30.19892
75.76832
53.52298
86.14262
83.41325
83.22587
41.28817
91.68937
27.07295
72.63285
71.81738
4.78132
16.18507
36.24105
87.53382
58.04798
68.93715
73.27891
79.30166
52.52962
0.76798
11.33916
38.19768
30.26459
6.44233
10.63575
49.99364
0.80848
86.19390
65.75206
41.81635
71.14712
84.20152
50.03149
66.49147
9.86584
30.51836
25.84312
89.88030
76.89241
53.87462
52.21164
36.05804
1.43406
79.69448
93.24156
9.54580
17.60093
70.36767
30.92530
12.36545
97.57105
7.09380
66.31840
65.32230
43.56589
77.37700
12.01974
94.74889
58.68619
38.06460
11.91174
29.27261
25.03164
82.30366
92.62890
78.83562
76.30274
7.65395
19.01232
60.58242
89.31572
89.58988
82.72977
15.09256
44.54847
53.26912
26.20084
17.49512
29.53722
44.87900
19.17716
9.95652
3.94374
56.65942
37.56427
4.27780
28.20655
29.30275
16.59602
17.20085
54.51371
8.67917
1.06910
52.53683
9.35647
82.74908
57.58542
60.67956
32.04380
30.66593
44.78505
56.10952
35.89277
35.27444
81.02830
79.01039
96.91616
51.24068
65.05926
60.85913
10.61033
23.62008
13.54624
81.51827
78.45910
12.35062
82.78317
43.82048
55.43633
29.07033
59.43186
80.00217
5.59511
60.20109
68.76276
40.04039
34.33657
24.42702
63.86505
52.78525
55.56243
79.77163
55.55712
44.63357
97.54315
25.30934
92.97214
71.86845
63.37357
20.13786
69.23434
43.05035
72.71420
2.40418
69.85627
60.67804
76.69841
10.30114
70.88889
31.03285
4.79776
76.91106
49.71476
36.50508
96.26659
53.66624
81.87851
38.25776
49.40296
19.16229
35.11611
50.64571
48.47084
69.59159
8.82700
73.54306
13.71718
72.26965
23.84938
54.61775
74.65667
27.53048
31.27410
5.33430
96.05257
97.88564
79.43310
24.58128
36.31698
60.23068
70.20015
51.74606
23.17096
24.52847
27.65942
14.36597
46.70015
74.94037
7.63919
45.18118
88.10166
65.30348
80.88811
74.09728
26.78313
19.55937
90.64042
78.96791
83.82253
64.00797
67.55621
49.25406
16.07252
10.47524
47.76014
84.36807
69.14756
30.14943
37.57122
57.06987
49.32696
35.16453
24.88175
5.26862
37.85673
25.09342
22.00191
3.92195
6.72054
27.79859
99.77799
23.19985
67.03007
88.37056
0.65246
94.70534
83.72111
64.53361
66.35761
34.70317
60.56879
57.32347
28.05716
61.77754
73.11156
98.04005
52.16428
6.55304
16.31160
78.55543
12.41989
6.76677
1.40606
34.20238
48.90437
72.27344
74.00486
40.82374
89.82315
15.58383
97.19357
60.14513
98.16785
30.39485
51.97731
20.59896
7.10950
5.83297
81.21095
96.43439
82.55636
29.63915
13.60262
68.40152
13.36693
41.07031
95.25389
38.63609
0.66225
4.10423
31.20759
55.85947
59.49983
31.61823
58.52276
39.05522
94.91990
61.51218
39.93921
86.44632
83.30529
49.72301
80.00124
87.55930
62.53631
95.66126
67.58714
96.16011
3.38148
26.60365
28.81822
65.99711
96.02128
30.69244
32.46838
74.40764
12.66555
10.24374
74.91816
47.82287
98.78422
85.94213
7.09212
63.89004
98.20010
61.30998
96.00557
41.02803
64.21985
57.97645
3.07397
51.67733
21.62589
66.26571
53.70841
15.36432
98.49232
64.47366
58.09317
32.74103
10.25144
48.89073
78.03400
6.65932
62.30581
91.96333
56.65774
45.88792
3.11355
20.86921
7.71240
1.14323
40.83604
21.14314
27.33721
71.85680
56.65085
62.36365
52.77581
70.12991
30.45474
68.67948
24.89351
64.00893
34.65879
69.46567
84.57831
33.64162
57.45584
72.86616
80.32689
58.02121
9.19378
24.30951
62.33036
70.74821
65.34135
62.40264
41.76906
14.79406
49.03880
77.39164
6.81975
56.11041
32.34454
36.38840
13.68971
9.32421
3.09092
52.23307
67.94758
32.05472
67.54699
23.79062
19.84383
93.56361
50.28673
7.91432
34.42852
28.43529
33.37024
47.41311
65.91659
68.71824
46.06584
28.19961
94.58789
65.41036
35.75096
43.59531
15.96118
28.59960
79.64663
8.83326
23.34971
73.89019
59.97966
18.01535
78.83124
7.14923
63.33382
12.42509
61.97145
21.77587
54.66141
76.50603
96.67387
51.71657
72.13396
58.97079
24.11511
86.57534
31.64058
84.39150
40.49116
98.05031
72.78577
25.81903
59.62084
57.59663
9.22077
52.06682
23.83063
66.53870
65.61346
31.48419
4.28290
36.43912
78.63055
41.47450
93.79497
62.10872
8.72441
53.97066
89.46672
1.03672
28.35498
16.03120
5.70422
25.89156
84.62507
33.46640
39.31975
91.13207
27.84368
14.31917
48.26615
50.09364
41.34939
10.47679
72.76054
27.00220
54.77144
57.29190
99.53449
95.82900
70.29052
1.92835
92.91487
20.05912
19.27118
8.46080
1.20490
23.61417
10.42223
7.56632
92.35494
21.33470
13.66897
18.45447
9.76444
8.12362
32.84689
63.54780
29.39563
65.21315
89.42229
2.23937
33.58622
34.77657
25.16328
52.77401
17.02510
62.17108
88.58742
99.24603
60.90988
34.95705
53.03828
86.14147
23.04761
89.19744
7.80139
79.95569
29.41186
71.65161
28.00074
48.72976
57.92140
55.77558
99.78943
54.69764
58.38505
53.00963
87.13369
75.28834
78.38868
22.99295
78.46720
83.35839
56.66084
12.32232
65.03973
82.14483
51.62895
72.90716
16.14727
59.28084
47.97458
68.65949
98.68994
66.41499
47.23080
29.45669
78.48721
49.31180
67.60695
51.59373
35.04314
35.34204
67.01548
8.02523
60.90252
39.55140
72.10017
79.62032
80.03600
53.12636
58.40327
14.50948
66.21172
0.40331
98.50910
38.87066
17.70372
82.18835
76.07415
89.80624
27.84191
10.09497
19.62914
50.78290
31.18164
20.46519
16.28495
39.04534
48.21005
67.62295
8.39919
66.62395
35.56427
7.56648
47.84122
73.38136
4.63879
66.08544
91.65399
86.45294
0.97149
82.76324
95.73221
69.82437
28.91528
49.53791
14.76623
36.69889
3.07179
37.42227
6.46429
77.34927
55.31448
28.58952
38.89766
57.84690
50.88266
75.01983
17.67109
21.11419
10.87484
75.34849
82.53243
13.97670
23.17843
79.32482
46.90640
59.82386
23.69821
22.54424
96.87389
42.42702
36.70403
32.62402
22.61527
53.70563
73.26963
98.74415
96.63168
70.62255
44.77586
5.90418
53.02753
11.93803
5.72810
88.70068
16.86921
20.09146
25.51008
78.07236
10.71535
18.47164
93.58819
35.58712
69.09802
56.58554
44.16485
54.19024
80.48068
45.36692
85.26764
13.23669
8.84730
33.14659
96.34448
60.83985
38.24661
22.69954
42.52614
18.63293
10.76798
10.35225
77.11932
14.43841
39.67750
58.37211
66.15911
34.61062
6.69557
63.23835
95.60739
61.17157
20.78154
93.36971
20.05845
50.94524
8.41879
21.62237
14.58314
84.21980
52.68929
59.87075
23.04998
6.45477
84.23920
12.11130
72.08351
55.54978
74.56291
1.00773
45.69702
36.14591
38.79816
84.65727
61.49616
28.71843
75.42175
76.23608
99.91689
58.27165
66.85285
42.02265
59.65391
0.71724
8.74898
82.87739
6.91720
66.70706
64.58705
33.52892
92.40250
26.84944
59.53765
9.12507
70.56583
80.60833
39.37650
70.63260
21.03013
87.57033
91.11018
79.03153
96.32981
7.40616
30.49229
57.23503
54.69749
81.13993
77.55395
7.57402
84.66456
88.77436
27.56376
10.20309
36.87891
36.07861
48.79164
2.43944
94.79465
95.92798
7.50131
20.45130
89.30781
70.64652
64.56636
57.94712
33.73531
4.70130
71.41709
24.95338
55.23871
41.03033
93.21574
90.71899
83.72088
44.15634
70.09163
72.22696
27.37506
73.64497
97.15255
39.82652
63.25951
40.23271
58.29215
41.23886
36.71839
80.86619
9.12908
35.36102
21.44257
22.35382
85.54180
42.46944
6.08934
18.48250
70.81450
1.12471
42.41854
91.29557
92.87143
19.13339
2.95029
19.74813
12.66523
46.98800
69.14987
43.12076
69.05259
54.49331
7.42283
52.08380
47.35870
45.89261
39.10174
1.98249
14.69350
59.28188
12.03759
92.27528
21.90853
99.30936
77.09861
47.34789
3.34658
79.43240
95.55334
23.90947
19.05905
83.47763
77.04556
4.37347
51.01594
82.91921
80.51433
43.44921
20.41691
88.74732
65.03260
14.86420
91.99169
39.05842
15.94867
64.00785
96.03781
13.24060
94.15036
66.25325
41.98207
16.95734
3.18303
54.76830
7.45302
64.44628
83.16137
13.30426
6.79951
55.75383
77.31382
64.11706
19.18777
99.92065
65.15225
66.93172
28.88307
37.91366
96.67214
24.26795
68.37394
11.36358
16.72074
42.49978
32.27737
84.84106
81.65248
46.49099
32.95727
80.42254
27.30578
47.52268
66.39764
67.89554
33.23968
15.43647
44.48855
33.08742
77.38129
57.46668
24.53709
74.03664
76.03665
60.76708
76.68900
37.83184
96.92514
61.56560
91.97529
18.23783
54.74239
92.67893
35.84361
38.90932
83.42225
8.90885
57.90191
55.32429
64.04309
45.92135
95.94603
67.89139
85.80421
34.79452
84.87240
53.33802
47.39535
22.09658
39.48209
90.74570
88.43070
75.98414
4.62450
6.23896
3.46394
16.67385
38.06635
79.54110
67.32793
96.34682
9.89328
32.25321
87.23066
24.03201
60.58818
74.96444
69.59437
36.58592
57.72575
97.43906
54.78881
52.88883
45.61229
43.88073
52.04531
15.23195
1.10668
10.94542
16.97924
50.47703
61.19255
2.51780
19.64058
43.46041
83.24204
65.60724
86.53088
81.22140
42.35889
90.98087
38.20339
65.78931
67.31408
35.96631
91.80524
82.08124
75.34133
28.50104
96.57869
24.54531
89.16279
70.02243
56.49199
88.40292
63.01958
36.76986
86.52914
18.08111
32.28565
7.21871
16.06206
49.30361
46.93445
79.53821
8.81764
98.11614
50.96728
98.00011
59.77697
95.48350
65.81645
79.91998
90.32804
61.10324
54.53151
60.91810
79.72113
12.42292
84.86196
59.32447
69.33097
88.35154
14.95681
18.54707
0.73785
77.29186
37.40314
69.38533
15.05489
34.13362
48.88257
37.34054
79.15352
78.21502
25.13939
23.16484
48.03325
78.00552
20.34074
87.83445
40.96386
51.24616
35.25787
76.31150
28.67563
57.08648
69.00397
1.26198
73.65318
42.04481
45.78813
16.44213
90.39136
21.28926
30.79590
73.72596
61.70351
3.29360
38.49267
69.53923
38.97577
31.40721
9.64131
94.25361
36.76089
99.14535
20.38586
50.54852
16.90061
20.55756
25.54579
73.03294
78.88336
81.31801
26.91693
87.93007
33.66831
41.45365
41.73848
33.09533
86.65417
76.30597
65.86805
78.61464
50.20750
97.80464
33.54716
21.97173
36.89711
16.58417
69.67857
72.92008
68.87328
3.02523
51.79228
27.67951
77.91820
79.99545
91.85516
18.68125
17.73853
76.06767
5.36213
68.40665
77.00175
17.12670
38.82805
11.36576
28.47779
67.74513
28.68448
10.83248
17.89790
59.27643
51.59558
0.37341
18.39115
39.40361
57.26013
51.47439
90.92480
13.24763
53.09713
6.29213
51.48532
66.73878
19.85583
50.82528
28.45566
12.81183
98.73392
23.80132
29.93617
25.49012
0.11930
28.73768
88.21875
64.34107
7.85383
98.65166
36.71516
99.46443
50.86136
96.89185
39.84708
27.09305
38.99467
24.21996
75.09462
75.82592
17.16319
67.38528
13.24213
53.67595
35.30814
62.23076
30.03231
59.38873
65.91780
49.26135
29.65243
78.71952
32.13031
67.47828
9.00754
69.00512
54.13932
22.63375
25.52949
26.23089
56.61477
16.59438
62.58028
94.79294
69.32573
57.64563
64.54271
90.32024
85.24091
19.49599
99.58397
80.09647
60.50531
14.39914
85.43274
40.04587
25.94108
10.21946
59.03354
44.96641
2.17444
42.57991
24.79654
58.87306
25.22094
79.34136
83.02367
38.10649
6.91366
70.61107
73.14238
57.65971
60.90458
8.09027
93.32453
21.42128
44.50021
90.10666
13.93268
47.83403
7.15454
59.01686
20.15362
20.26941
89.75961
83.60406
95.86112
23.42249
26.47778
42.57752
97.69980
25.33709
3.74169
86.70437
50.15314
32.55519
40.16953
12.12157
78.46516
15.61332
22.89484
35.31469
22.38891
83.00319
88.41285
33.00561
90.35168
63.39365
32.81769
53.60170
19.97264
46.62110
35.54093
3.99825
51.96681
78.93442
4.99378
50.86475
36.33464
56.24598
72.94452
70.14273
40.48229
32.46039
28.43463
85.46526
73.68431
13.70233
39.11611
41.84159
98.56277
16.01687
25.24507
71.14871
73.50504
80.14627
96.95512
41.97498
83.88899
48.87721
41.49196
64.00548
78.55855
88.22402
47.92544
42.94384
39.72286
22.65879
64.54868
93.63692
29.35267
12.78992
24.04049
96.38991
1.75576
92.24279
72.17571
87.76860
50.91465
30.50313
31.52068
58.43702
34.08854
22.30710
68.39321
36.08319
70.33800
29.95954
50.35271
60.99120
68.01525
29.96949
68.13730
0.72236
30.22444
9.18413
46.17594
38.90209
92.42152
37.34218
96.68741
24.39300
25.54381
87.11700
60.25820
35.09413
96.41498
56.37109
95.38811
29.82145
67.79187
49.74138
68.66233
18.31612
32.91105
42.26633
93.34387
23.02003
33.39907
33.59188
80.08779
25.14490
87.97060
41.12453
90.52990
28.96789
24.59909
60.43176
21.41314
83.98211
38.51855
52.76598
62.89484
72.20045
10.94416
48.03670
98.08090
12.37124
68.04032
36.47197
75.90725
87.76168
25.37234
42.36740
16.79982
49.25342
33.47740
84.69189
98.95748
79.73820
76.53272
6.28682
28.98524
11.30214
49.24467
21.58060
29.62137
42.76889
6.06068
33.88505
47.52591
97.26869
46.29957
43.60662
54.15842
52.54712
45.67900
9.04942
77.57298
1.02526
78.10511
85.09828
46.40177
37.27549
40.83067
93.81615
43.23192
38.58063
59.45128
55.44089
75.80501
38.22947
71.88004
7.63459
63.71307
38.56589
73.55606
57.29030
93.63274
17.02511
85.42851
81.34631
71.89450
83.61518
2.66430
0.88939
28.83569
23.31380
51.07675
30.76875
34.69574
14.40885
62.74414
76.84352
37.58578
94.17169
98.18274
74.19720
31.20769
83.10356
60.23140
29.76043
38.95215
55.54956
61.85811
88.67616
25.73797
41.27878
98.72528
83.70974
82.74848
4.19343
24.49273
30.45377
61.85872
31.64313
35.14385
91.49694
84.91793
41.76940
35.64662
48.26915
80.12355
47.31259
84.41193
69.39112
76.28024
7.90197
97.84011
76.59691
27.48507
21.67288
91.87793
79.83964
5.00355
46.92029
10.72061
53.27632
89.02440
61.69711
0.18455
56.21811
27.38420
72.51949
11.79706
27.17963
93.99615
14.23671
57.49270
54.99243
40.28822
40.88567
1.66371
88.37762
76.13617
32.34198
90.72474
12.87854
96.06797
63.55843
80.11394
32.94877
32.00179
70.98580
55.29735
57.81304
49.39207
82.60725
51.30144
55.34263
87.95230
4.09791
42.32674
88.44725
78.70233
65.70229
54.74835
83.75817
58.47259
86.03137
10.06896
77.73858
85.28574
62.35282
25.10386
16.04579
19.17102
69.22381
39.32769
62.02200
11.25637
22.02309
62.63007
76.54798
29.84772
71.74667
80.77457
68.85674
94.59596
32.22548
30.07963
77.57344
35.44944
21.22680
56.03011
61.98066
95.87415
78.37513
51.69337
92.97133
62.71522
68.74017
14.60265
56.88996
48.28873
45.58086
49.62248
25.74247
44.26480
12.66175
37.87385
60.33806
78.31750
57.20622
51.01926
89.34081
52.82212
60.39380
34.15585
52.34848
35.27453
49.67228
5.31068
98.76495
42.03885
49.53020
23.76885
98.94898
9.71402
55.82476
26.23825
27.37256
29.47314
10.82637
80.78178
85.52324
76.62886
66.57291
57.29406
93.12524
81.24304
52.37987
2.64731
93.57946
70.05501
30.86649
9.36954
25.72524
91.30790
71.62547
25.19655
44.66424
35.73669
40.57187
57.59348
22.58328
80.41925
81.57196
32.74902
76.61490
72.35476
17.32688
55.51400
50.67719
44.19718
26.16456
29.05265
63.20197
14.39935
71.50776
89.75969
90.39592
58.62739
8.52961
93.87981
74.34533
57.97248
28.31226
52.74356
74.21881
97.25764
10.12961
78.92518
66.25787
27.67586
20.55894
12.31179
26.68394
56.01262
27.05360
7.50656
60.04354
37.31467
84.30370
88.57690
58.56609
64.85838
46.87671
50.51328
29.13246
64.19847
63.29648
93.96504
73.12299
63.83561
57.59269
34.14393
69.97079
2.71188
64.09056
22.35504
36.68877
29.68601
61.34618
26.91235
78.57614
66.96821
0.91352
90.83421
46.71160
21.96126
75.98089
89.17706
55.18253
46.86485
22.28587
47.62724
57.11656
62.41784
49.56337
42.14147
24.28384
41.90799
68.90743
78.81033
98.01995
41.05184
24.23191
11.50664
63.44348
4.36504
80.60648
21.68322
73.56737
24.45919
78.38868
89.09931
92.91157
46.69809
98.50683
61.23564
21.94701
32.87754
32.97511
53.23203
97.49579
75.03304
25.50331
56.56130
91.00300
2.59072
49.89741
4.72583
7.65048
15.32358
60.94182
4.12488
58.94146
82.25675
54.12671
75.93034
51.22149
45.12603
41.04057
96.87212
95.94629
60.66066
25.02030
89.92022
1.85866
17.28586
36.37148
64.87892
29.82403
42.20495
69.84191
24.11763
30.90318
85.39105
69.25404
82.20236
87.18719
67.10664
3.82110
98.01599
8.80985
43.60681
58.80045
81.90775
99.13892
1.37941
75.15690
36.08373
22.68040
78.96255
38.54810
81.60834
65.00971
72.88362
45.26091
95.53126
78.13393
55.06799
0.08078
4.26805
95.53936
1.23685
79.69962
1.58257
38.09031
97.02294
86.16177
40.63384
81.23157
1.56535
23.53869
68.87748
59.08558
74.07322
43.64579
25.27745
16.28983
82.05589
5.06555
63.34717
12.68890
82.38229
80.85134
52.61941
92.11973
70.48058
85.38173
75.39806
43.42855
82.92834
69.32299
74.48523
46.50886
51.27885
72.64000
78.33494
45.18976
38.57875
83.37799
13.56553
87.00387
44.80167
40.47470
76.23573
96.18753
33.19968
18.36118
78.51494
13.10658
22.28836
24.78048
74.03859
64.91053
14.54258
65.96382
74.60500
56.94449
58.30194
64.48135
10.69911
61.96444
30.44549
84.26044
30.39027
79.84251
22.85228
45.72886
65.71732
55.12512
82.16376
52.62046
91.37657
72.60015
59.51263
60.03100
41.27099
23.79115
96.57644
52.55272
75.29473
7.34217
83.83069
88.85542
18.19189
65.26936
15.98186
66.71854
92.06224
43.13491
63.96505
81.69882
15.87581
62.44631
29.89244
79.56056
31.98734
15.61733
4.39637
95.66720
77.96778
80.70137
32.78738
14.91287
87.88527
10.52987
44.96297
65.35315
49.73790
70.11317
76.42805
36.20317
16.01219
79.64743
70.72890
95.08983
73.62738
82.23592
29.28225
73.20373
23.93361
79.75657
54.86421
48.19629
11.08668
2.27454
38.97356
15.17747
37.97618
89.67056
95.05149
89.25386
63.91274
71.80240
25.49680
99.14290
55.53864
91.95289
5.01206
43.65173
78.27585
13.82752
28.17947
4.05402
62.80809
71.05749
33.77911
91.96914
57.49555
77.79554
96.40167
76.04332
64.99160
74.37069
19.83926
3.94189
14.83440
89.80248
70.41206
94.67344
79.51943
42.04294
11.20334
94.42814
93.94912
38.46537
38.11724
58.22944
56.68489
40.52198
60.31810
40.68710
73.10843
3.34647
53.20560
0.50514
7.32276
10.30196
71.58067
71.00679
75.42002
85.18186
72.64116
54.80125
15.77693
48.25973
28.22466
24.38886
74.62291
43.79251
95.59880
35.24006
91.92243
3.71047
18.51510
76.81153
46.72953
11.72347
44.68803
78.86472
61.91509
18.84298
25.70831
74.72882
96.57325
14.95162
93.04700
33.09406
46.50564
90.78448
6.61891
44.50451
29.67679
93.14760
3.03298
94.10606
63.64191
75.54677
94.76193
39.41327
98.53123
20.52426
69.68667
6.49092
51.10867
23.59800
12.50214
27.74315
15.07006
75.36378
79.93067
32.90178
9.81598
83.52218
56.25127
21.20562
60.26946
67.69562
79.89804
56.40912
82.99068
7.64478
72.29921
55.14380
98.04102
61.99343
36.91758
20.22344
63.82847
49.58549
68.88814
23.43331
17.18013
11.59061
38.40536
52.54438
53.13173
66.58181
92.31007
97.95675
12.28629
83.21222
90.86191
77.05250
10.80230
74.35430
24.96503
60.98356
17.23760
44.10955
34.37518
86.15162
44.78280
29.55485
57.25412
28.59981
11.01294
69.25140
20.93217
68.30690
78.33928
56.46292
19.20525
51.22047
50.63003
71.69235
37.65467
47.76452
49.07755
62.18029
20.91087
38.14888
14.35018
71.57199
90.92167
72.01207
78.54370
32.31858
38.43625
29.23931
5.30978
16.36884
73.58936
11.05183
62.45090
52.95313
39.72488
65.71801
66.36399
44.67874
37.66398
36.44901
41.56477
92.71247
87.87625
11.11439
94.63995
94.63807
86.60066
52.72376
92.95932
5.63694
74.59447
0.77853
26.40977
98.17498
84.73145
72.29283
28.32431
58.61336
51.39991
88.43312
21.30559
87.18038
36.46547
10.76342
48.54151
94.75852
37.69095
20.43426
46.29943
81.17419
25.51382
97.10536
40.84401
61.52823
1.53405
6.33356
12.61983
95.06923
30.82553
42.57355
93.66254
81.55011
20.04170
19.67951
14.75891
16.20615
38.60142
29.13674
23.38807
25.08705
88.26172
59.98671
50.81780
26.74294
50.01838
21.67928
16.62148
96.66394
38.01532
36.57588
42.16053
61.08952
42.28508
14.38708
93.68762
58.87681
17.73339
67.13710
13.15729
45.91513
30.47686
17.55850
34.08440
73.16958
53.88895
78.62188
60.87969
66.68149
40.21238
86.35528
12.94002
30.44597
31.54148
9.67384
85.09674
31.68771
5.44759
46.57805
82.02599
96.97556
49.03296
50.22018
85.83988
79.16430
40.04960
75.09712
87.86550
59.16661
26.42591
57.68551
75.94172
67.98749
9.63953
25.85129
89.91624
71.83252
13.20537
58.84379
16.07520
87.73864
15.32516
54.49642
33.24396
89.59730
24.64256
96.92926
82.32427
61.83263
18.37405
44.05648
11.50381
42.43053
62.28820
76.41642
25.03485
28.42232
77.54269
32.90876
38.88938
58.21714
33.75796
99.91933
23.71149
77.19978
78.00156
62.18364
53.67934
24.32805
21.30143
73.17351
40.11888
72.99019
77.81183
40.71170
91.02764
87.49119
26.39844
9.64773
65.64686
77.69979
15.77754
96.44625
30.82015
29.92625
15.60260
90.46693
87.41781
88.39004
26.86833
51.49229
72.05804
40.55651
40.43653
6.08901
6.84788
4.87180
80.64015
84.39536
85.94636
74.04480
71.32637
43.05462
28.08708
7.80213
12.67195
1.48111
60.01807
66.88829
92.03222
80.08405
17.88768
26.50089
22.61565
77.05064
31.54411
61.31312
45.07375
15.86196
38.60856
65.49495
12.62303
39.80680
96.73643
2.35457
74.59237
49.34172
41.90249
32.32866
3.56947
85.77155
21.04860
63.92083
52.49332
29.79242
12.28237
99.88473
26.59098
73.12829
65.22942
75.74636
54.54383
34.71532
21.51400
69.07408
0.89700
27.99109
81.53668
83.57826
15.62943
26.14039
66.26756
0.50681
39.29355
48.23812
85.42186
81.14280
11.66108
38.19720
68.57127
87.20870
0.76460
19.24751
34.31518
4.66312
35.75209
5.25835
66.17879
71.39455
73.26605
71.88423
83.08332
46.10442
61.02270
38.06748
6.73823
79.14599
89.95168
39.99995
96.46136
43.97910
39.30390
7.50695
96.66565
58.00120
34.85032
72.69831
24.39161
19.42166
17.43440
51.72798
99.47666
19.83846
61.88311
24.64736
18.94842
3.38928
44.55878
86.47505
90.48421
46.51291
94.00573
57.33073
22.20420
56.50883
68.36297
25.44370
86.28541
74.79060
78.53472
64.47993
32.66086
49.01018
54.14718
25.07915
3.26965
23.93486
10.04918
74.47940
96.14892
62.45984
90.36386
31.87364
98.09430
92.08048
31.88383
72.63407
63.60881
37.92193
88.66635
69.25474
4.93467
67.53994
71.69081
99.26928
76.95638
42.39325
59.53093
48.13268
20.44863
90.61810
67.04530
14.99115
91.42157
82.15944
0.31764
58.30759
36.97499
73.75955
61.78195
40.46006
12.11338
11.67847
69.07315
78.59825
21.44551
53.64354
0.41297
18.71393
85.16779
70.84485
47.08523
31.32568
57.98804
3.80124
69.41529
67.81588
43.53378
74.02694
74.91249
30.14573
53.03138
41.07295
82.40557
81.28537
88.96365
94.99419
74.93444
23.96603
45.23416
41.63241
6.99614
73.41583
35.72835
44.10278
21.07514
56.77143
34.76973
49.38203
63.80539
78.48658
94.23951
22.46456
78.98079
63.23147
91.33128
56.75214
15.23078
56.91983
17.17673
48.03760
61.25774
87.48367
59.47758
3.25954
70.26707
0.16076
84.04422
97.13267
5.23439
35.43935
97.47274
77.38672
16.18817
94.83967
95.91041
2.53594
13.14638
61.69966
56.65497
73.84439
70.23065
28.75410
43.26588
83.84303
50.86541
14.20889
45.38546
0.63892
11.39491
68.99977
86.21670
70.51982
33.46423
49.13507
19.94676
10.37959
42.37136
91.64309
54.97391
49.80914
31.58016
67.30920
24.22597
39.35948
40.07778
70.37869
13.94548
14.66877
94.46375
58.90321
16.97582
43.74286
4.90593
7.56820
13.18353
32.20110
47.49996
23.70175
79.89793
53.78135
98.70111
99.87625
11.42552
46.32190
20.06880
8.74310
94.76271
82.84000
69.51143
32.05870
18.73692
16.42243
59.71371
36.29823
78.53493
50.56010
62.85873
31.01062
78.16777
14.79402
7.01018
70.52384
77.91968
72.99989
57.80205
18.41959
54.32368
43.35909
78.97521
85.06621
25.46591
11.80956
36.99775
54.06860
23.07440
52.58496
76.71040
76.51008
59.22344
95.44715
23.52805
14.57746
65.55825
94.06969
71.12277
48.46860
64.33408
82.91267
73.75389
4.97172
96.00758
37.47644
2.45868
12.56491
80.05375
66.47481
22.93697
67.58998
28.82084
54.65855
60.52290
17.54106
60.71774
49.87561
27.24209
15.17714
68.10756
18.57798
91.79612
6.54803
40.34431
61.36039
40.14786
69.87564
28.10756
56.28179
22.49934
47.06241
5.30817
98.64568
9.23022
45.49962
60.89799
40.76027
63.21289
39.03825
10.13801
26.63948
43.45281
3.40785
82.35284
14.81184
17.83548
69.58002
46.33523
86.12242
35.52780
38.01696
31.45712
76.79050
37.36558
76.45317
97.64540
75.71737
84.29539
81.81435
78.05767
84.76842
25.88532
44.97838
82.42757
29.24028
1.99994
48.79857
10.53886
79.63709
22.65114
66.53618
50.15326
79.97451
57.60849
5.34623
45.92029
32.32708
41.40356
0.43200
28.14990
52.69212
19.18596
14.21443
58.53284
89.44819
37.31074
41.58922
60.46501
18.61792
57.49186
92.90444
11.34017
29.44758
85.20364
98.30037
6.29201
66.83804
34.29535
47.04130
61.34579
34.38539
17.84928
28.06058
28.18205
51.02161
42.54024
69.58516
40.15915
11.70221
81.79443
30.55051
63.36679
93.96075
85.89676
48.19639
3.31863
14.65047
42.37726
89.57095
93.98616
55.69569
74.98643
66.61207
56.54219
11.42729
8.01137
51.69200
26.91669
12.36907
99.33868
3.00669
60.01239
96.40116
28.60395
97.06212
58.52169
8.24037
31.09833
15.00665
96.64199
90.58264
90.62771
13.73820
55.68763
42.01881
90.44866
36.39978
89.33958
61.66701
57.19162
37.17745
20.79529
36.09937
19.53781
23.19549
73.08091
36.21732
98.05421
79.41879
28.55159
93.66056
36.67380
16.31174
4.59210
11.19079
95.60006
65.67000
34.65144
5.48613
68.32325
86.98333
6.35521
60.64955
9.35759
5.64432
55.68489
75.23086
5.19468
35.77787
13.45134
71.91470
69.18472
98.30323
12.31740
6.91333
7.61563
70.89168
57.52400
8.97532
97.86840
4.47346
82.41109
42.74038
8.76198
26.08813
71.34497
89.03482
41.46310
82.26244
21.47325
54.08058
78.07333
4.75517
76.51689
65.93625
44.30831
29.62539
5.64628
42.56003
67.15396
87.40721
68.26727
51.13654
10.77460
25.44267
23.05207
71.96897
80.08182
5.27941
13.22705
24.26258
94.95260
50.23423
33.67892
47.31495
58.83188
99.04290
29.23445
98.42289
97.81911
63.40538
46.11531
44.61140
43.34946
17.26603
88.73442
12.05714
16.71838
36.56772
83.68797
51.42667
5.49705
43.69782
65.30677
75.71756
2.48942
18.60105
89.91458
74.70536
3.35603
61.86693
40.50429
22.05022
70.97477
2.50799
99.22297
54.24685
84.07616
14.81918
0.60061
7.00452
93.56230
86.09325
13.61583
51.61322
22.23543
70.88133
60.00577
82.58381
70.64081
63.30934
12.23509
46.20993
35.33766
62.09479
81.17827
41.13768
87.43516
1.81569
69.42172
64.09721
68.17763
69.80528
71.46859
21.98399
48.61669
41.44448
0.20197
42.92684
47.51873
34.59483
37.78084
88.58435
24.12125
92.26834
6.71304
72.19055
1.99817
57.19785
71.44514
11.87257
57.62132
0.76169
62.21571
80.47526
74.20861
51.88749
46.19064
87.67815
33.73609
92.32850
81.73639
26.14092
10.81598
69.59137
7.60201
83.25024
49.46667
73.19657
12.09686
34.22313
39.66754
64.57369
47.38242
93.16225
37.90382
6.86559
41.60981
62.12593
46.81183
12.47911
11.30628
17.68836
54.67067
28.04234
21.79581
99.45008
40.18779
88.21694
46.59997
59.46919
65.99444
51.44343
70.33028
51.78565
40.29527
49.98516
80.67389
50.83456
28.19146
98.60100
76.36097
46.71735
1.21461
86.82389
69.02018
78.41548
41.54154
96.22881
72.53735
22.74529
58.69196
87.36354
17.11859
18.36566
26.86982
11.30058
17.53862
58.81493
36.23557
66.98239
89.28068
24.86260
25.11157
9.69067
95.90567
70.21126
41.21051
9.37849
75.16285
20.56876
4.37762
37.01652
94.76334
13.42224
33.14140
39.31060
13.04700
5.66442
8.95703
14.30434
4.04158
20.32862
57.91106
29.03363
23.14044
15.71923
2.63855
72.54958
13.89690
50.38517
55.42303
82.78767
90.89285
8.78670
98.45296
7.45236
73.02293
67.56058
73.00631
95.95791
61.42895
83.74666
77.44245
87.08642
65.36716
29.18368
7.28973
47.76261
78.67496
31.80656
89.69745
6.32598
58.95851
66.86150
98.42494
64.02631
72.16931
38.11334
73.82799
33.38774
44.92410
40.30742
98.73807
22.17215
12.87452
86.05190
69.12657
13.06046
30.22200
99.64581
58.36250
28.66097
70.57273
72.91522
35.89158
1.13872
1.98270
13.29109
54.02493
97.50296
70.71016
47.28558
9.01451
90.13546
51.25999
40.74765
13.46863
21.37847
17.28644
57.07706
73.62591
4.50249
71.86132
95.33518
39.01638
1.59361
94.03926
60.39017
18.23254
3.27450
89.30442
23.26060
21.06152
77.49835
49.63512
9.76993
68.89393
6.84366
70.65449
71.86875
74.47295
84.07782
51.04496
59.05656
30.90263
79.62842
81.35199
30.05325
71.23904
98.59874
68.61058
49.43663
31.83978
82.19497
54.72180
51.22400
93.17317
92.13634
22.30015
16.29716
42.20499
42.71601
12.21214
45.84331
23.02639
7.52122
63.30491
69.40172
14.55200
45.08194
14.91766
94.82924
49.01954
68.21631
36.02203
78.89780
63.32750
78.57380
92.81113
41.94790
7.10550
39.13691
30.08091
21.84166
41.53894
73.14870
31.78320
96.02616
17.58732
49.91198
2.96116
25.82798
86.29673
50.58061
11.29489
76.57143
76.39981
96.52926
62.61280
29.35971
48.36037
47.61655
91.06447
47.82667
69.55154
62.09713
24.68829
33.56915
84.98696
2.58584
44.97521
51.06789
97.97509
69.50541
56.11600
28.77800
18.36116
34.30023
48.65767
74.86033
60.70743
90.63964
65.23740
75.21120
57.32046
51.27779
99.48588
64.94729
9.62246
29.52326
77.15597
91.42588
60.11641
71.80907
73.05962
78.73778
26.95485
80.43609
27.50854
89.34443
35.54642
64.52476
93.67467
66.49130
80.85919
39.52255
28.02366
18.79310
22.92240
42.24673
94.10208
32.61057
82.94891
77.48387
50.67155
86.98603
20.05995
38.51587
95.96728
35.48883
19.78166
79.79982
42.54407
97.29951
61.31736
10.15166
45.29721
80.36084
30.91163
10.24972
47.78014
13.44519
6.23496
11.18034
20.72081
86.69778
45.03387
95.51148
35.53725
61.36374
20.31599
92.13251
77.49635
80.95740
31.70018
89.40544
42.83988
33.16805
44.54867
55.52358
5.65302
11.02325
98.10506
70.92843
41.98117
42.20868
73.35094
35.02816
66.86374
29.29503
0.83120
90.03106
61.50219
5.93053
21.73500
40.76048
36.97258
77.49245
18.66406
23.34996
76.53894
1.10399
54.96297
36.07167
65.90016
49.75820
81.49348
80.43329
56.54913
46.72526
97.50591
36.67438
35.83343
87.47608
84.02328
7.01139
23.89358
65.66237
88.78051
65.60515
8.37386
64.67246
67.30514
9.79946
14.79323
63.77362
59.60770
69.36468
41.26678
55.33826
47.06999
73.20934
75.88048
22.61418
40.39668
7.34266
15.03901
97.60492
29.44566
45.31085
57.89470
59.10527
24.61170
34.05116
73.13754
14.42966
28.71726
75.91901
44.95406
81.94205
82.60316
76.73208
11.01201
19.00430
59.39445
22.04408
5.35488
9.45822
17.79253
98.81421
26.65941
71.15128
34.62220
29.86818
94.99866
23.51558
82.38357
63.30231
88.41666
63.21599
83.08540
91.12059
51.90737
42.27818
30.94439
59.67140
88.01582
38.09226
94.96211
74.43396
56.34666
52.83721
64.23170
85.66716
27.95941
18.73897
51.12628
93.45329
97.15724
48.64992
11.48369
33.22899
83.88810
0.71495
97.79399
88.42483
94.36643
44.97191
83.46014
58.86308
32.31953
58.23326
17.85516
55.57749
44.97240
9.93346
11.84557
65.51973
78.24887
25.89656
63.12053
97.30281
22.65361
56.60985
22.33525
59.22870
31.08442
6.75145
24.66433
57.10061
90.89387
70.34506
40.42885
28.13028
14.79985
19.23435
1.56268
7.95536
6.08353
29.38057
92.41328
65.87358
92.66132
39.29981
89.37966
1.57378
49.45233
14.51955
45.83441
50.72421
7.51758
89.52957
18.69207
13.76509
77.62538
73.21975
56.77903
25.81762
6.80701
44.85558
98.79104
49.90383
65.09772
41.87307
29.77399
0.55323
96.01340
65.00289
70.74651
41.10593
46.78745
6.34901
11.46612
3.09521
25.96016
2.07049
94.40382
79.92205
78.78463
46.13095
42.11562
92.59405
75.30148
43.49382
6.48336
28.02865
39.27897
83.61008
28.90802
42.84794
44.11667
94.68515
89.05565
81.18652
26.73223
40.32096
87.41538
92.85623
43.05727
89.13320
26.97466
43.34522
38.21602
88.30063
71.56326
35.30037
97.12675
22.94315
90.28034
85.79497
61.45820
88.34925
33.61407
67.31644
9.53486
77.60971
24.32414
47.26614
40.23477
34.61107
8.12746
59.26052
34.82471
41.68100
65.82945
63.03660
65.04958
63.00951
62.72767
49.88782
16.66378
49.72903
64.72374
12.47350
96.04128
89.65693
92.19559
44.00693
90.21800
31.05306
0.14447
42.55326
46.84718
3.72856
62.34218
87.82723
20.56418
73.23700
97.00387
7.08516
20.27805
63.22519
11.22738
89.55364
68.88220
13.18347
9.64394
5.74913
76.71320
25.56953
82.44672
95.84551
96.63911
77.74241
77.49924
60.76326
48.40031
24.41515
31.26772
5.10389
97.14099
69.89497
45.49767
67.42513
73.77717
11.87063
81.82694
69.83522
22.16319
29.15365
32.09921
97.75359
71.46214
51.59987
23.43605
85.21688
94.73301
28.92498
27.21557
22.21815
33.69868
77.76588
32.01221
46.44721
63.97233
60.59294
3.79336
79.31855
30.04296
98.87877
34.50628
85.06647
84.25179
63.02904
71.29451
87.71449
69.62351
34.47932
72.46818
43.50964
61.86633
64.02658
77.64206
61.75184
49.79413
60.46360
5.15019
38.81628
85.43605
39.59015
1.86780
65.33589
43.44168
58.14445
94.24761
57.62291
51.39469
50.79676
43.20974
31.99188
67.14332
41.17291
23.01591
94.39016
86.99933
8.80416
43.50547
52.98358
84.30520
3.19139
55.01821
69.82754
16.75432
80.24157
25.08385
55.11958
84.11049
7.52617
10.50676
37.55222
92.43995
91.41344
37.21117
81.18190
36.03297
59.53707
10.70080
18.16684
82.89765
18.03347
42.43563
67.95204
17.51472
76.34968
92.19556
89.89446
78.14221
87.09745
35.97589
24.01027
31.31204
91.80115
67.60642
93.17892
96.38592
42.12138
89.87489
75.53244
37.99019
57.12746
71.93742
11.47623
98.16981
84.08096
41.83432
71.78855
56.17665
75.53720
78.85212
96.79283
67.65368
74.25747
4.10185
69.92091
72.94760
45.33908
30.26634
41.88022
57.23466
91.83328
51.61676
44.28694
66.62000
23.66935
90.82058
98.16104
85.43971
93.92764
9.98225
45.03119
15.70874
87.58889
82.70657
85.54075
96.28155
7.60536
94.77334
82.31681
40.55322
93.65941
87.48618
36.03041
49.43883
56.42965
90.60791
49.25567
13.82248
94.42600
35.52569
10.19191
57.20594
79.49493
32.02119
99.91754
34.69836
62.97292
16.37803
87.13517
41.68772
6.58553
12.22498
33.31899
33.67912
24.29565
18.51118
78.39942
17.40965
28.63209
69.09478
2.02763
79.06129
40.30147
88.80466
39.05726
91.92411
46.62646
85.24331
66.68770
85.80223
80.28417
47.52590
85.63821
68.05250
30.32893
10.20989
36.52155
19.52681
65.02983
81.50089
37.60757
19.65258
26.89600
5.48968
46.38335
16.66453
76.27906
74.24210
55.59800
40.79407
11.64429
94.17505
87.38190
18.29098
53.69688
99.06094
58.17539
33.10848
23.62394
20.15820
4.17308
99.12014
68.28338
67.39001
83.70010
9.52920
86.83701
41.00184
42.12721
20.00077
37.85604
87.64888
17.22557
34.96953
38.85053
90.03281
16.58431
86.64930
23.65750
30.10968
73.27268
70.41585
10.21297
87.95923
43.94143
42.63347
17.71413
28.35975
44.73193
17.82980
32.64881
62.54619
9.19821
52.27071
16.21821
55.07164
71.21733
23.56978
56.12442
62.78264
21.31578
1.62573
45.25880
29.33428
38.93777
42.66783
18.34618
1.72133
37.67014
78.33697
73.26185
15.43327
12.62846
48.80925
93.31310
46.77286
56.96178
17.44110
34.04353
60.71232
2.60615
47.85546
23.98382
92.35843
56.93261
85.02589
97.62113
22.40760
17.17422
96.67394
10.37431
52.10573
80.15499
64.08638
42.63030
17.04941
74.09949
48.95762
21.17382
55.89767
54.00987
94.27356
26.60043
6.68036
94.73788
73.57093
69.90962
37.37297
37.63875
90.54450
8.94191
11.56040
63.16920
23.97989
13.82812
77.67874
56.63056
83.20881
45.34650
60.81255
72.47037
21.44399
63.17840
61.53522
13.73310
27.45345
76.12512
76.47972
30.56200
30.61055
50.82653
20.09736
92.18300
90.19710
57.60385
18.60879
82.40106
83.39176
20.81693
11.96786
46.97298
50.41858
28.34506
2.29079
44.94460
16.31357
97.65970
0.69096
7.83807
15.14080
84.15883
83.79515
15.99207
14.87329
19.81286
22.67468
46.45180
66.71660
83.29516
43.22132
61.10612
26.79272
72.93050
96.73273
28.44468
21.30224
11.15560
9.00908
93.92044
86.95289
43.32236
83.16492
96.76461
20.90892
89.80219
13.56369
13.31893
52.72726
76.32868
95.44515
52.50674
69.23433
79.45678
83.32047
70.80988
55.26179
81.80588
5.97851
71.88257
20.66888
15.26367
36.04602
25.51478
93.69137
7.79133
78.01817
59.26503
87.00951
31.17648
14.75087
54.93872
59.63847
13.25682
59.87145
78.87243
18.90257
7.42491
57.21499
3.58070
83.25870
55.71083
78.74000
10.42315
78.12173
26.49619
84.97748
51.78693
49.12326
51.48729
69.55937
75.63600
2.26023
78.83354
55.58120
4.51310
41.52900
27.77909
97.86395
22.10066
43.75306
81.29801
17.18402
35.87213
31.95984
27.96121
91.64739
4.22151
41.88538
48.15000
84.28505
89.19242
84.24902
31.80984
1.53404
89.31446
20.45411
51.06128
51.42354
35.30198
53.49360
96.10594
26.37023
50.48501
36.88751
58.28008
87.00031
62.31109
93.40495
94.97284
52.21258
5.32754
87.67024
45.79213
12.87408
79.95610
49.08469
42.88675
16.83219
97.96009
64.88758
6.68985
10.87630
65.66121
2.84698
23.00716
90.46528
50.33157
77.83722
95.82620
68.98008
30.35348
63.82216
95.79167
84.21492
56.60912
3.45332
21.45939
42.72402
46.27737
41.22229
83.20160
63.26290
72.30238
91.85384
26.67446
10.87703
11.77765
17.09208
21.50480
30.79801
67.95229
85.32931
30.72752
3.24931
21.92175
39.64879
44.00540
12.64724
38.86525
4.50106
98.66141
4.77757
75.92050
10.17237
81.41844
95.45594
28.04886
93.04834
93.52112
99.81561
28.93900
42.68641
56.39748
67.00145
75.39405
40.23888
83.50454
96.59914
9.45328
0.98134
11.68921
17.21378
28.67764
30.34398
42.99535
19.34871
85.43633
32.76642
30.01132
15.73992
55.98150
9.66500
17.41345
65.58616
11.47268
47.93065
99.60937
35.29164
0.82432
52.91212
46.37449
0.33338
93.01127
81.90267
93.31849
56.70871
59.21199
49.15668
52.77441
22.76823
90.78344
33.29675
29.76012
66.58646
12.45544
21.35513
28.43561
72.03139
97.27124
69.73876
55.53881
39.88093
70.88337
12.12393
83.49395
72.91670
77.17872
67.88770
51.00402
65.02882
25.55251
54.35939
76.74434
16.04550
47.71895
35.82515
69.97478
97.70406
8.07529
77.82884
33.25700
78.34164
8.29970
35.45308
91.36952
63.53008
67.80335
39.62488
26.74292
7.70103
5.35725
94.46677
71.78480
96.75262
78.11703
34.77071
78.27162
27.44489
62.74598
73.46436
41.82871
89.17424
32.46200
46.39300
42.05893
39.26187
47.02323
7.94856
94.59748
63.78425
42.67428
77.69559
5.15758
83.33464
89.41836
29.07035
38.78928
17.73790
59.21205
67.79507
0.90054
47.78304
34.71162
51.79421
62.09318
92.04652
11.19737
71.71979
52.55444
43.78832
49.15320
78.71782
11.37513
89.48229
91.01921
60.96576
3.01388
77.67161
63.10285
69.77633
15.60611
2.71236
31.43226
21.13894
14.84136
58.70682
81.90251
44.24933
83.32420
41.84811
14.81073
87.38117
73.15768
23.88139
82.21494
25.78001
82.81344
88.94220
55.24403
53.13709
38.69097
83.06144
73.77824
92.64681
77.27345
70.42308
93.69950
2.57784
74.51318
58.66505
28.80099
82.92512
5.80245
66.35704
78.58861
83.24132
77.78643
15.01689
72.52830
66.07507
1.26249
56.01552
94.80180
72.03449
76.49183
90.99877
1.26922
1.25327
96.53879
18.17632
32.72998
37.31679
17.12738
54.65180
86.55302
95.00783
89.56734
55.25892
97.31153
2.26482
80.96696
21.72403
97.84487
42.22771
0.00571
90.85495
50.93500
25.09390
75.89377
1.23067
84.46480
30.75309
82.12081
85.15824
96.59206
8.00788
68.30679
52.89369
37.61292
47.71079
34.99107
81.84155
51.44505
40.66671
45.56863
91.74411
90.99358
63.77595
86.22296
49.26292
0.96048
67.03795
23.94217
10.19009
9.31224
78.67763
47.55133
60.92736
14.59947
78.68434
65.96720
64.81260
5.52657
34.88977
4.50808
53.36581
83.21922
56.49862
60.00007
14.41479
48.41880
95.09616
23.42546
28.35031
15.92251
34.88929
90.56544
81.88576
83.52831
51.16238
79.22858
75.15284
26.81289
9.02323
1.22561
86.42268
89.12044
27.11916
92.74399
60.64626
0.36945
43.94293
75.03671
89.10497
73.80194
38.16485
21.75344
99.41378
38.23706
21.87893
63.69998
30.61347
96.52771
11.77647
80.21440
98.07760
98.06563
25.78847
85.35425
88.37305
27.60383
95.19652
28.83965
99.47687
97.92854
72.18071
60.28928
75.52985
7.57602
6.70943
62.01118
69.35831
57.24162
75.30536
11.09562
33.00712
71.30574
17.73873
72.08016
50.95070
34.91499
3.43227
64.11039
2.47848
48.23302
82.94549
4.91102
51.13386
19.98483
37.68465
17.80802
84.02192
26.69689
22.56445
84.63124
23.67277
80.06390
62.71489
36.27157
25.73618
39.68870
5.73772
2.06382
49.17581
87.91625
14.71772
69.98951
89.63263
59.97012
44.36410
65.44084
25.75689
10.26894
85.15068
63.40084
73.26564
20.17578
0.32616
96.72967
17.75711
66.22110
35.95579
38.21559
14.30660
85.00256
21.78991
68.70659
15.65276
86.61402
92.24230
83.50841
15.14550
27.97146
15.74269
39.55123
27.48047
29.28423
25.82978
63.49988
65.97987
64.22691
34.26830
37.13660
65.09550
2.30465
44.64253
40.73389
88.27683
76.48065
42.40344
6.12901
96.88725
50.07239
99.22582
38.14410
54.91154
13.05307
75.94882
78.09316
44.00236
89.44788
70.80054
21.20667
56.00062
24.18583
54.88547
63.36872
59.62338
1.08494
6.96073
27.35090
60.47399
20.47197
0.76839
39.26374
50.72100
28.89011
68.28248
48.75895
81.87990
83.63825
43.78652
6.03834
20.19356
47.98251
5.60613
17.95376
41.29542
73.98282
76.45316
47.36205
89.26586
61.97702
36.80273
66.63845
8.11259
78.13469
5.94997
3.80572
23.64882
62.20853
18.62235
25.65012
6.82274
96.83751
26.44184
17.87703
33.10132
60.50876
22.18892
47.33991
93.33893
1.52695
79.13556
8.69992
34.59734
63.46532
3.54443
17.93119
67.27724
2.99090
47.86965
65.45663
79.76290
