36.33508
42.94621
60.34712
22.80416
86.14686
24.76150
74.84346
9.92012
33.08128
92.42139
93.78640
5.48940
16.35228
56.90642
79.22254
51.18456
7.94454
52.61817
22.02871
53.43209
68.01504
70.30740
13.39506
34.15626
16.05862
96.07860
73.40926
7.32271
47.68213
1.42502
41.15291
51.32429
33.11525
48.53451
99.56832
13.19944
97.18687
21.75351
65.20555
27.47972
21.80195
61.48236
95.11213
67.09189
92.76764
37.40487
64.70426
50.09598
13.43471
63.38178
32.50596
23.07197
21.56461
36.90224
78.10516
21.09635
31.54267
19.94147
96.34915
44.74546
30.00580
81.67293
98.92510
28.29100
70.76023
84.46541
62.38644
19.79628
63.00024
34.39147
67.20687
75.65006
54.06416
61.57009
54.04362
58.83121
99.74862
35.58485
87.32497
51.34894
0.24872
15.10771
45.94086
63.57618
64.30542
7.53292
66.57022
68.00175
67.72354
60.50088
34.59361
29.85995
55.97378
40.98353
43.41366
28.38006
25.45584
67.64987
91.05701
85.67067
57.61271
69.61171
53.70158
15.12905
81.26988
81.68865
1.29707
64.02981
93.35098
43.16795
8.52204
36.38333
5.42483
2.48014
62.14747
66.87280
53.97976
45.96577
21.53387
70.21983
34.56167
21.10864
49.82927
94.54719
30.82585
90.04112
49.08270
68.32765
21.92443
91.68944
47.95123
49.35581
45.92628
51.68985
94.14275
23.86640
80.61964
78.34043
81.78704
63.28611
4.10351
22.21116
49.81549
76.62545
5.21008
59.92987
1.03708
7.01860
22.61131
34.02782
76.99573
52.21047
17.04163
49.52581
84.67013
92.28001
46.01119
96.60186
88.54454
33.61237
48.95390
83.23247
20.28289
15.92312
26.80202
56.14971
21.24807
3.42918
57.24771
56.29495
74.52111
75.25567
79.77924
13.05778
9.27164
17.46082
31.91189
35.47297
83.44349
83.66452
76.36479
19.70039
75.89589
49.70941
98.86168
58.53435
18.69307
30.58435
5.08482
30.35365
25.37463
26.25135
97.34502
88.10119
91.74053
52.75663
83.27085
83.76851
36.96087
45.52734
60.78313
51.91514
77.74201
95.10461
55.67162
83.00387
38.83286
92.11520
41.88863
22.44595
74.96791
72.93572
77.66483
61.66317
87.66435
39.00248
10.88054
37.39962
74.79189
66.05645
4.46910
27.65540
46.91719
17.49918
38.86085
1.57003
4.49810
51.34857
36.57615
77.48534
45.64272
30.33611
77.41779
62.87631
2.45630
37.14476
19.48121
67.12284
59.92597
67.86766
6.87349
80.23444
22.72949
21.19641
17.14257
86.46176
88.63448
45.46652
71.56207
87.55251
67.83105
74.86877
94.51353
21.26676
58.11733
76.90676
50.88067
71.81173
8.79194
16.00870
79.40443
26.39523
72.84891
61.50196
37.33629
65.81502
60.77491
43.91474
40.22488
56.27594
23.96347
60.16773
12.00242
28.86190
20.64657
15.41621
50.08318
9.41059
75.38570
62.04110
54.93882
19.93568
18.70246
90.65798
33.78548
60.30452
26.49732
95.85766
28.28355
57.42612
51.79365
70.72320
72.69431
34.08582
34.55854
39.43577
42.77663
1.06631
23.41395
65.23137
36.49700
49.26288
91.54746
88.75089
97.33068
65.61313
73.95364
23.65661
19.56463
29.76452
18.30276
54.69281
20.85569
22.92059
37.28932
83.82518
93.42815
0.89796
55.68948
10.71403
40.50506
22.44377
50.75696
93.50487
97.49245
15.27282
54.83743
57.35711
49.67005
12.25723
59.36561
64.72392
34.62804
28.33350
31.75507
73.13761
40.64778
44.76634
52.08389
65.07526
72.95297
12.68451
43.10948
29.18360
61.95087
38.05715
88.95901
18.83244
67.29609
10.49595
12.52494
8.05839
69.94138
48.49604
22.83304
18.17395
71.98550
72.68101
46.98444
47.76649
35.40145
78.00849
66.10447
72.87271
40.96673
49.65639
65.86784
71.41166
25.47090
7.65222
10.74310
20.58669
85.80908
59.06246
87.78983
59.64191
79.30547
4.23166
0.50829
60.54695
67.24406
50.39796
8.17590
74.46711
56.94176
71.32522
62.57933
32.27361
86.10578
21.40958
14.74012
75.33539
56.48226
53.49550
58.34427
40.87013
20.22973
92.10398
68.59810
21.54818
9.17345
22.24661
39.95080
71.87272
61.25856
91.65740
72.85864
53.02685
99.47937
14.75408
47.02280
30.15707
29.70093
9.86182
33.30993
4.89421
3.89991
61.95583
42.54941
65.85683
43.62512
18.41739
91.56859
25.41183
16.96677
60.58621
97.24511
90.34776
85.84018
93.26940
47.92050
0.65914
35.08388
13.28588
24.62618
72.48619
76.55279
19.29313
51.41999
28.13571
38.26637
37.51462
16.70752
23.69814
36.68625
53.14362
15.81462
29.84357
7.03518
61.13015
1.19545
28.22444
47.65273
60.31673
85.41660
23.20526
30.09458
25.84607
7.30153
55.07427
47.92500
41.13143
48.29792
6.43447
87.00395
47.98404
77.55011
35.36091
87.87728
46.90066
55.70466
10.71649
13.38385
50.00737
83.46082
21.17317
16.82744
80.83683
52.24021
43.57888
50.65276
8.15596
85.46138
51.50885
5.37054
22.38693
60.51419
86.42548
7.44038
45.01419
14.84308
34.28952
68.32417
41.30460
44.53134
88.14142
60.77528
59.38064
5.51853
75.43914
38.09624
16.61732
98.73659
42.03382
62.65458
41.84638
98.99809
7.17096
78.24645
33.62141
10.50803
15.69246
85.52302
20.96647
53.50493
8.39457
62.09984
48.50422
19.52458
57.38192
5.59579
87.83423
99.38060
71.59205
85.98250
57.44970
53.08788
7.89724
56.08645
83.05742
46.53370
61.87619
20.61817
99.66231
29.58237
77.12397
30.61922
92.23983
98.05299
0.61585
54.88183
1.53149
44.32204
54.11375
50.08837
59.91572
2.07078
16.68663
20.63230
84.40602
7.22500
71.22208
30.46630
54.70032
2.60542
97.42033
26.39331
43.53906
86.60801
13.12340
29.08043
52.20255
68.12075
22.26967
49.59286
81.58497
3.47005
47.69263
92.80508
61.69607
5.73747
11.23269
10.48184
17.72867
45.94973
30.72082
88.76486
87.21015
11.46219
33.40820
84.73766
77.41246
51.82738
55.04385
98.54075
7.63862
3.97712
80.83679
19.65956
71.79809
80.59568
87.55519
5.09276
26.26224
77.27780
97.11444
48.13451
2.01254
47.11166
79.11912
59.51165
23.23059
49.26592
8.43181
3.05067
99.88728
85.13018
10.35550
96.71893
83.97123
18.37693
43.72794
94.30606
91.72177
75.57927
36.36207
11.08072
28.85745
37.20035
24.11651
18.63256
88.07681
59.66524
84.91148
17.92292
62.67295
91.25944
44.66913
94.82617
49.38705
20.77771
82.76189
47.83333
92.43775
94.01874
2.44092
48.05747
70.27601
18.09659
7.21507
96.26979
34.08554
79.95169
22.80470
65.64149
12.55612
28.77897
62.57192
43.47376
9.64154
47.83845
65.84360
33.89206
91.90698
24.52941
85.84268
33.42230
77.82417
16.86266
19.99824
38.58618
47.95178
28.84871
14.41849
26.32324
79.23166
84.52581
17.84782
84.62561
27.68893
80.54350
87.51765
12.53851
58.74512
28.93711
49.53728
68.61722
2.34574
47.01131
79.91994
29.56521
45.03059
63.66946
26.26132
28.72367
42.82421
1.93945
51.12144
42.83971
17.26941
52.77344
38.95367
46.44799
23.49818
41.68453
50.82359
6.44628
66.05406
48.58570
70.97323
91.99839
62.58685
2.77935
71.28625
49.36080
38.34811
16.33710
23.02777
67.81097
29.15952
81.81564
46.17268
41.65216
98.80324
19.53714
44.12397
88.07824
53.47113
30.94011
23.54018
50.51031
7.91283
67.75111
14.96972
83.47435
86.75901
9.18426
57.86943
39.80137
7.56757
80.26253
68.83748
0.34198
78.86320
70.86042
89.28691
72.59866
37.38722
87.34967
70.43522
35.39821
71.02914
8.48807
24.36867
65.76583
11.44741
23.17080
96.65528
24.20116
2.17382
98.05373
16.92521
18.82874
52.91768
3.61958
82.85296
94.90425
56.76610
36.15607
84.80181
99.00909
9.52654
64.02513
23.02213
20.69423
74.06747
48.27320
11.17835
83.79402
85.58360
31.84536
72.69349
29.44123
46.33904
80.75481
99.82595
90.73148
46.07687
52.82389
34.46234
54.10901
45.65419
1.56687
59.53559
36.55168
10.01561
75.37919
7.88542
12.35223
46.65944
94.18387
22.66456
81.92713
25.10146
81.82231
50.79334
39.23505
62.58102
75.57493
19.32684
1.78029
71.42707
8.51180
10.13169
54.64145
53.67502
39.45691
12.34288
32.04462
33.70831
24.59306
62.20282
51.59579
62.86508
1.05444
98.51274
43.56588
92.32210
2.01199
98.79976
70.30359
42.75546
33.08045
97.55653
97.84259
35.79006
90.88003
93.62246
80.23144
40.40286
42.99080
99.68926
23.86065
32.38005
48.36620
47.18489
63.17320
5.88995
3.23244
26.27427
53.84427
66.34804
68.43128
74.12738
67.86548
60.27439
93.51303
55.23013
44.06916
32.77314
46.29698
90.87804
81.14322
31.89298
17.34076
26.81979
94.91603
80.06084
10.58963
93.06515
45.60837
87.14181
88.71185
1.89413
12.70368
21.34746
98.85493
11.71959
70.34240
13.32051
30.32366
85.19500
52.68911
45.64121
92.32205
74.74109
52.21526
45.19950
24.91808
61.27097
37.75838
48.58731
77.08806
38.98026
11.06628
12.19281
19.22384
43.36290
20.69312
85.76932
26.31055
46.79154
86.58637
72.89217
69.93324
14.63661
51.39771
55.83353
33.05549
61.81488
79.96552
58.81084
72.97956
57.16655
91.70706
19.87653
0.17940
49.13678
20.54357
16.82117
31.44578
78.26488
3.25970
40.02080
76.59303
90.35127
13.88185
25.32031
58.63094
25.32839
7.97360
87.38604
41.21129
65.45724
89.57865
15.51027
37.87329
37.85759
11.26015
70.82861
63.98834
93.83272
95.51827
74.43934
18.39981
58.38942
14.02608
6.87631
63.62420
65.98839
36.25744
66.91834
9.46290
48.30406
38.85854
19.13153
3.81770
15.25756
78.43359
75.53873
13.31447
46.55593
92.44335
86.63338
79.53372
32.52547
68.52101
34.09985
15.10987
69.60304
13.95631
85.13569
78.97713
28.93667
91.93656
43.90836
16.48885
58.09796
54.84373
80.28102
29.60720
68.88548
85.50568
74.07480
27.45547
3.70202
83.14764
54.49981
53.94857
34.25628
62.92661
37.86154
59.52368
10.94890
0.58717
46.04468
41.81241
63.51583
63.37954
70.09461
6.40729
13.69880
80.51104
33.85194
79.44067
84.21751
92.47278
35.66442
59.33755
90.34441
