2.52670
65.92517
4.56762
25.80650
50.05645
12.57455
55.53125
5.17641
56.67448
48.98774
43.18020
12.35142
12.66749
23.22806
94.69397
22.36659
23.30123
83.90517
78.20553
44.36544
63.33509
69.25561
21.52863
4.86281
4.47078
59.98115
71.69961
72.77147
92.80109
96.07093
22.76943
15.79214
8.46534
84.54774
6.44709
12.79396
87.08741
43.08739
69.75038
10.97722
6.35651
52.80251
38.09003
4.73912
6.41366
90.75373
67.70054
19.52310
48.55826
80.32571
33.20781
57.98273
38.07167
87.50303
93.35977
88.81698
62.61473
76.84895
8.49228
96.06817
91.58317
38.86774
11.63126
70.93785
55.15866
61.36064
99.34378
42.77789
58.19649
76.04272
73.93731
81.06377
58.33444
90.12095
49.73764
89.78116
82.13982
99.99397
2.23492
96.54496
32.92019
94.36040
98.48402
9.84343
97.49050
54.87303
62.47786
32.93239
2.70671
86.99175
3.93653
76.97795
20.32983
30.73942
64.53754
5.63455
50.80973
52.19407
90.75712
22.28075
79.02200
38.74669
79.88230
33.78942
48.87209
26.62715
81.38263
55.78161
58.94218
13.98838
59.96523
54.08464
10.15991
77.43109
29.56187
92.82492
32.00334
39.30076
98.32342
17.09137
39.74623
27.19594
81.31050
71.92551
17.92885
63.17738
59.63929
47.09899
90.45887
7.62678
10.99683
93.89731
15.18370
79.13539
22.06417
19.24689
29.91694
23.71218
43.39760
18.34734
88.82323
78.34182
33.07752
62.74836
52.70474
76.78231
54.82515
72.65103
47.09621
50.46788
18.74271
9.85640
9.67939
24.78648
30.03184
57.06754
28.46608
40.26626
16.81587
44.91788
52.24018
63.04654
85.63764
84.55300
78.59024
97.79997
70.59679
10.53633
66.84846
26.77236
32.64507
12.56275
74.09473
60.71442
93.53164
67.18579
22.69121
5.46230
22.01433
63.89353
78.79359
70.72736
94.65610
69.97865
36.94028
12.06161
52.97549
36.55152
54.88768
99.98691
92.60443
72.40825
81.12521
48.87266
90.03339
54.11751
15.04052
0.32879
35.50952
97.49418
91.82835
33.88397
8.10606
82.40107
88.94992
33.65699
25.10854
38.14799
82.44685
84.12256
13.14009
95.64609
36.81580
22.09405
99.14500
39.52056
91.84482
83.97360
85.02252
34.15601
3.33403
96.40703
93.24024
77.81978
86.61829
69.52876
83.09589
85.18656
15.36327
17.33635
20.78633
37.50738
14.61148
12.83315
9.50408
59.00492
41.97830
57.12619
39.92597
13.13051
86.67046
82.00749
22.45656
6.40083
62.74385
27.05837
78.87302
8.98366
44.51414
4.25871
73.48898
74.73285
37.91739
72.85221
81.04422
85.57722
89.61467
26.51967
80.23417
62.85843
2.29640
41.69505
38.35410
89.98939
92.74780
30.87650
74.40017
87.57434
30.99505
62.50431
14.48208
29.18316
5.62091
24.16961
71.55115
3.51726
78.46709
65.28001
17.29469
39.66530
29.70354
77.73346
75.96892
29.70560
65.36634
4.12577
72.51161
9.69581
87.64122
82.49031
75.52974
32.08472
24.73314
84.06682
3.46788
58.29680
14.22127
98.62557
35.64321
96.98427
20.58141
37.89540
66.11339
64.02411
91.45851
52.92700
91.61219
35.93611
68.36220
89.06920
47.86852
39.77768
97.72673
88.77485
25.92124
69.64518
61.02130
38.38387
73.98585
25.81912
30.77219
29.26283
59.05932
51.38518
25.34291
56.17832
80.88966
46.68406
51.81181
37.24522
88.25992
9.64540
62.81080
35.45994
3.52354
7.67980
18.93240
1.78729
83.74441
67.95646
19.55938
49.79433
3.04550
84.15193
3.93824
18.51763
96.29978
7.66737
58.30960
81.06298
41.26176
47.46150
8.25689
89.94473
92.80708
6.20763
5.71103
18.00043
75.42549
61.55515
5.01946
40.40455
83.49761
78.76115
41.29759
98.15348
26.46791
64.68414
64.13761
68.29122
89.46336
19.89086
89.51890
82.61643
12.34131
76.54703
71.80455
78.39716
58.74964
97.91300
70.77268
29.48344
91.34076
24.71327
75.96808
59.41100
54.89341
5.22820
21.11306
39.48489
17.13010
28.67129
3.55541
38.39238
21.60456
22.57235
35.07506
56.45628
26.96160
52.64600
41.13113
62.52923
9.98798
70.00613
18.07575
52.99009
67.43276
32.41895
62.37196
89.40009
92.65229
42.58666
73.10851
64.87108
39.45631
77.76511
14.53071
69.88616
41.21942
54.66915
65.13957
1.04540
71.14894
82.35837
73.23367
13.10407
14.27299
76.91771
16.59181
86.13636
12.77092
7.70850
3.43508
93.66350
34.05341
44.29154
59.60114
13.03092
11.04471
67.71412
64.35016
95.68978
0.23987
40.36504
59.10342
43.71199
70.96473
51.59402
61.82327
22.25279
28.73648
27.73755
78.35413
32.55262
69.06733
42.86320
28.04182
20.05930
88.58474
7.82154
57.01686
26.93790
8.44537
88.00813
46.73804
34.74838
44.10010
28.26150
6.18640
64.81592
59.13137
69.87772
52.19847
30.04755
61.09986
0.96973
9.05280
18.35529
40.36668
96.79520
12.95714
8.24076
82.91289
56.49145
90.44953
74.74592
95.38194
80.38665
34.60008
84.53464
10.68217
59.20632
63.30425
96.00606
83.55832
16.63976
57.68426
58.86158
81.03163
11.23378
18.89708
68.09143
99.10939
94.85846
29.60468
15.98148
29.83575
67.22348
52.20629
20.44330
65.14789
28.52517
85.30975
2.49510
76.15992
82.90648
43.65673
66.49448
10.90342
29.80327
40.96711
27.17510
76.17592
55.69032
70.75839
20.66762
9.47790
51.37307
24.87638
27.63400
58.58321
86.31655
10.81123
11.63866
50.13234
29.03212
8.31289
37.18138
90.15433
29.09814
0.44921
94.88398
87.03487
18.57443
21.47579
22.88149
66.17527
73.13238
9.16875
85.26340
9.90324
67.29743
77.23411
44.39895
7.92117
34.19607
41.85244
16.35930
51.30851
73.76370
54.13397
44.09178
45.68438
17.19176
75.60987
62.17994
69.53796
41.64495
11.77082
31.65059
72.04917
81.02252
20.73621
8.62966
50.16905
2.29014
49.78623
89.10238
73.47059
7.26426
82.00764
20.25916
92.98131
89.24640
94.72162
44.07638
32.78590
81.92654
72.99421
12.83294
73.84060
9.05514
99.94793
67.80639
96.55737
42.91701
76.17339
58.73159
19.44732
8.91091
69.19212
80.75341
54.45110
71.50011
46.09466
40.84710
64.03435
8.42108
99.23719
19.59431
86.16802
50.98522
38.46206
70.83008
14.84630
21.18988
69.47378
48.07214
17.94798
85.64601
91.80688
56.32890
57.63468
32.56941
0.74510
39.57596
1.62444
58.75326
60.26054
33.37744
68.70952
53.84400
47.90333
30.31871
49.07683
9.52909
54.92982
81.88454
47.77292
36.14728
75.59152
0.69018
63.54345
2.57295
60.87793
89.76282
20.95155
16.79800
48.50028
76.45926
55.78998
84.89400
30.55583
76.90755
43.90844
35.79463
68.53716
42.77054
40.37968
49.71687
94.91279
5.22856
60.69596
85.81573
68.54621
18.48454
88.77219
49.81186
83.95398
56.74894
59.73262
32.85486
25.43406
76.84209
13.83440
99.74736
20.20394
75.79195
59.64225
19.11507
72.10956
50.24161
55.78176
30.19258
4.80448
4.18664
14.26365
35.83510
34.61434
38.99409
23.19364
3.51406
77.64531
48.96259
55.56951
95.66530
78.40138
92.17370
43.67442
1.94836
18.79282
77.21847
66.68885
98.03963
32.08714
55.03034
56.76904
50.69194
58.13130
91.64288
90.99367
20.41672
74.51243
50.89113
53.54447
39.91334
98.10029
90.53912
17.26615
86.23724
75.56987
89.76607
69.22592
0.55530
93.21718
68.55177
16.81699
95.94213
0.74224
50.88041
67.47786
10.15095
6.16798
33.49124
3.05657
67.02972
98.05575
4.80451
11.90292
11.31388
91.64651
18.58726
20.89453
97.82575
96.91647
27.61267
13.23721
75.12560
94.93683
78.21441
64.88506
44.20968
83.93435
39.01754
44.40390
8.97238
71.87198
27.01013
78.35592
65.31309
36.10543
62.09792
90.69272
76.73294
75.78112
29.68993
89.43969
28.00767
35.81375
68.22997
96.24228
37.24654
33.82138
99.99959
31.66245
25.05806
22.69978
89.94542
40.48433
81.47071
38.11526
41.05437
68.36228
72.48172
68.62954
80.03162
85.52588
6.65176
98.96129
5.36294
14.67510
18.48646
4.76119
91.09716
50.95980
12.98544
71.34748
94.94685
88.05863
40.31492
16.94959
31.38737
69.28114
38.13405
22.15665
20.43558
64.88446
0.63584
51.56616
8.48188
16.05695
20.81948
0.29582
10.21400
72.23333
62.99032
13.62718
5.77763
68.72414
60.51347
22.40230
23.38770
46.80550
47.21746
63.87143
45.91653
37.59896
26.34263
12.78723
29.10996
21.96953
19.16262
85.81610
93.85654
75.28066
46.79422
96.35465
23.66617
60.89302
21.72215
68.64600
91.38142
33.70522
33.47990
38.75415
16.02909
5.91643
0.03856
41.88643
88.57567
82.17653
88.56703
61.52398
67.23427
47.58864
34.50554
85.81985
20.68868
86.67538
53.56308
26.03893
25.63756
47.22460
15.04719
77.23416
28.59843
20.79309
37.60758
85.47952
26.68702
5.75544
97.03571
8.99167
59.42820
53.56477
25.80336
61.28432
69.34451
67.08959
32.62325
95.72627
0.09104
44.80402
46.32076
52.64554
29.41886
60.01448
4.95149
67.07918
33.26511
53.90825
10.61609
55.36783
41.94126
34.30007
51.99576
10.75071
59.19103
40.83958
59.69809
60.09187
80.34366
50.78130
41.60924
8.25545
61.10873
41.57724
66.46417
23.97392
3.14905
93.72815
0.50665
38.63510
39.47399
24.50214
86.99722
3.93491
41.62660
43.81675
6.42848
41.63592
67.93887
96.71214
73.96095
76.46785
92.93802
12.20884
57.99582
24.73036
6.33246
27.49923
34.48308
44.94044
31.88496
83.61520
60.23774
91.95646
85.11061
9.63187
70.16318
27.86090
15.65199
64.00297
82.21548
74.36974
72.46765
18.29901
13.44285
89.69982
26.50456
71.14265
67.11674
86.31746
36.66819
82.65715
19.41183
40.41005
16.37450
98.51641
69.04479
47.85739
3.02899
3.57020
51.27571
98.58822
14.87145
43.16104
52.23141
66.67222
37.56627
39.56202
2.54841
79.70071
63.95741
65.22254
90.64205
38.80535
7.95520
88.92048
25.08585
15.40448
54.07610
20.51045
4.18459
8.23432
91.64801
20.03809
97.62064
69.00979
16.78803
69.75114
22.37257
21.89927
66.09957
31.56361
4.38636
98.03580
65.35518
10.33278
6.84463
