66.33159
99.67385
39.30190
23.74594
24.85314
24.43175
92.52687
2.38687
82.31405
13.26933
30.82150
28.57873
25.07101
92.46444
87.31014
59.43484
3.70843
73.58626
63.20613
73.93908
95.86727
92.02620
92.28491
41.81191
62.74572
7.82842
72.31963
58.76412
18.31853
59.43837
44.90009
28.34543
39.50498
63.58026
24.83703
70.41233
74.48308
4.94964
69.21065
88.23934
19.94842
60.10324
70.01783
9.37995
21.29337
36.76376
31.97718
58.82410
22.58297
40.55506
27.50209
69.42526
55.33273
22.12953
62.57151
10.81857
16.57286
24.63145
48.49485
58.31994
11.28117
51.85349
90.07660
53.16439
21.95191
45.38791
48.27286
99.70644
42.36850
90.42519
48.67109
63.83755
63.83248
82.88964
5.35114
87.64094
30.00431
93.77152
44.59922
50.02521
54.93143
19.32082
80.84798
11.20666
74.65659
71.33473
14.64506
51.02644
44.87322
57.72130
29.32427
82.91554
89.08814
88.68255
81.91988
85.50066
74.02091
80.82428
47.31162
41.05226
96.18242
22.02596
13.95395
62.71450
86.19123
76.05880
14.81862
11.11073
33.99322
45.14239
27.20532
40.95307
32.84640
52.81661
84.94566
77.05792
17.65899
77.29518
40.60440
96.09593
26.54860
12.63397
24.28561
60.40213
73.01031
75.05411
58.24697
40.12398
22.04498
2.43007
21.83822
96.05283
43.09778
62.73620
6.82456
50.73164
77.15470
41.80108
88.58573
71.84087
14.20320
97.08258
72.28705
38.99253
96.11557
83.01984
56.69981
73.09488
88.55545
74.92617
87.42296
50.80094
91.26869
23.66670
10.11868
78.17921
80.75224
86.60435
91.18961
12.80567
73.61875
52.66961
66.90978
96.59417
7.39582
8.71488
52.95937
71.64242
68.32224
47.49491
32.72955
75.32059
75.57788
32.92379
74.80289
54.32049
35.50238
26.23052
83.97393
51.94459
68.36213
0.18885
49.53245
10.43600
37.26514
64.50214
43.27603
10.82053
99.45336
77.66787
95.63686
47.77465
19.76371
14.68321
17.76352
29.85236
62.79828
16.28537
97.29606
88.05470
69.87304
25.41260
11.17317
73.53722
7.22399
68.29894
29.50910
4.79830
73.56351
39.30263
41.00261
14.02641
58.39533
86.57685
54.65530
74.24482
4.75480
31.96983
64.13060
84.37997
82.35167
64.09876
97.13409
80.50924
17.29139
35.78259
98.77223
39.51393
25.34365
90.09399
38.95819
10.12752
96.10290
32.72466
26.10133
68.00746
71.35063
46.92609
99.22818
85.21608
95.41479
50.99878
64.68318
52.38973
23.89427
97.60272
16.63636
84.40611
60.53389
33.73559
83.82602
82.88951
58.82351
72.19733
79.53228
97.16710
49.52696
79.55205
0.81496
41.26196
72.62879
85.74047
8.49911
63.26936
23.74397
71.95373
74.80123
89.12603
15.46877
27.54054
54.19587
82.74167
84.11661
38.56983
69.97018
60.29095
66.92657
84.06426
97.79641
68.28296
44.39964
84.83853
7.38260
77.96099
84.67531
46.23743
31.57574
8.53728
70.39174
11.33831
98.00646
86.04969
1.57998
73.09016
44.55358
28.18790
22.82641
43.75311
18.52263
30.18352
13.82143
24.60686
18.52107
13.99511
61.84887
58.71613
89.42484
19.03871
35.78398
15.21108
8.22940
83.34552
71.02368
57.96413
88.99447
28.19634
42.43144
17.37770
36.97823
94.41018
59.14170
75.62865
23.58782
41.12994
74.68657
26.39761
92.01866
2.66071
65.70133
91.94577
8.75322
60.22478
38.54930
33.84261
34.82387
67.35937
70.84336
97.77965
29.00643
26.92138
48.29903
21.30937
26.20659
27.97410
42.47712
71.39855
5.33587
57.32202
36.76075
45.13153
28.67005
39.02003
89.43867
56.92105
13.80273
36.06932
8.59545
74.61072
17.61032
49.65878
3.34644
17.64101
53.00189
1.58020
72.35424
58.49832
58.25657
45.97221
92.01031
25.94491
50.33720
23.40624
12.37819
12.50622
28.30440
32.44988
63.89068
86.66914
28.93925
84.59378
20.83372
22.87322
9.27140
14.53431
92.84487
42.86152
75.17299
92.88379
1.90253
40.81064
22.57144
26.57208
73.18705
4.07813
50.23032
87.26348
79.43952
88.04758
48.54039
37.61551
94.55274
85.96321
13.91089
42.07731
8.17752
83.47848
83.14621
27.69292
56.54207
97.58353
44.02722
82.63956
46.88908
80.68945
86.69457
87.38639
12.43990
91.23486
27.12610
19.36082
71.31081
18.12195
79.05841
57.57177
42.92080
16.83863
76.97713
64.91078
55.39830
29.70878
59.12083
55.61851
72.22081
29.89067
27.29197
1.21652
5.75489
44.12566
8.72300
23.64529
31.03567
30.11448
27.72617
85.29706
52.94090
51.04390
17.85592
83.72645
90.21128
79.57943
53.03227
90.66616
45.22672
26.21953
99.12872
77.54983
24.18135
45.01590
14.75893
23.58187
30.85525
31.85961
54.82719
29.39834
3.45152
93.52063
68.11400
45.39017
91.00815
22.12431
24.34934
9.20017
62.69797
19.27908
67.33390
17.60857
11.33849
85.47638
63.07714
20.58178
57.04292
26.48046
16.04225
6.61771
75.26045
53.81643
84.74530
6.33721
28.19790
43.30481
51.53454
84.10066
92.15422
92.11907
95.91613
81.62279
39.08693
82.36169
0.84267
77.75533
43.98837
1.58923
11.06584
25.28870
75.71512
7.22503
18.90418
78.92789
14.44028
88.00290
98.32118
83.46232
52.08659
34.85880
63.95074
61.76497
1.78876
33.22530
54.69172
97.79676
39.88590
64.06992
7.62353
77.34252
9.10173
72.31896
59.67392
12.03324
81.64150
55.12715
43.07577
1.64101
20.45307
27.58047
3.71641
28.07313
19.98867
37.45853
11.39130
8.72195
69.35565
37.80527
96.79584
85.98061
88.07404
56.24881
63.80088
63.88427
85.76656
1.78686
1.18028
90.10825
71.98578
95.02268
38.75916
82.88335
40.43401
16.83751
50.46615
42.23957
22.21786
77.74274
80.83611
22.19184
93.02975
21.74259
44.53036
70.83879
36.96032
69.88691
86.97524
36.28342
62.77060
83.08291
73.69264
64.30382
66.69851
55.37234
22.73096
93.67164
90.02727
31.46616
73.29981
23.52437
31.14830
22.81949
46.93878
75.98357
38.32202
36.54194
78.58106
50.74358
58.13127
19.97852
20.52149
68.10894
27.35294
58.61062
75.53626
41.81756
66.87302
18.39978
44.28824
68.64704
20.55480
55.50769
41.47040
89.01116
36.42378
25.19499
38.18871
92.94626
55.62711
19.17006
10.81772
61.29180
9.17569
83.02821
7.46639
38.29172
45.48856
25.43133
25.12846
77.68931
57.27389
34.83323
80.15233
9.92146
20.35041
64.29659
64.13027
76.63312
62.84644
91.56871
93.25397
78.28072
83.95164
29.55867
88.27275
85.24585
30.77820
28.46386
86.85080
75.41799
46.97820
20.39414
60.25169
28.08088
32.39374
11.69215
64.65984
71.28880
1.28042
85.62754
71.55585
15.28958
2.32429
19.41172
10.49542
83.19769
54.40355
24.12809
55.26221
53.93037
17.58993
24.95740
21.76902
44.17501
90.54694
42.02237
56.35678
87.45929
54.58695
56.26219
26.67186
98.19186
98.88737
96.20715
67.50381
42.03551
93.50346
85.31467
1.59936
17.15921
86.67786
25.15006
69.75197
49.84946
63.76802
84.81489
53.15079
38.08351
46.72072
18.09453
87.15078
24.40637
66.26328
10.79336
99.25704
24.31016
9.21183
16.04930
50.95615
74.89567
98.40347
48.15755
23.17578
40.41446
39.65491
0.66580
55.30807
28.09016
68.53999
72.03537
23.65527
11.77776
67.50625
66.12390
83.14818
3.41414
71.49690
36.46814
12.57001
98.00283
93.81305
8.82623
36.36434
76.62051
32.75667
13.79174
71.96098
42.96301
15.16528
67.89860
42.52616
7.33879
21.06769
55.86100
77.24857
47.19499
72.66752
41.00003
37.64105
52.93340
43.58024
84.68373
88.71027
57.15309
85.59736
14.79647
57.98226
61.41485
69.91378
89.57341
33.17511
91.68351
0.42509
60.61245
8.55508
38.49417
41.19204
34.07839
93.01935
68.23759
82.90259
91.42732
44.47392
69.97664
36.88978
17.78976
51.92028
32.34811
55.14688
57.05631
2.92903
21.03057
96.21647
54.23004
54.66159
11.61328
38.14132
26.97334
18.64997
91.49266
14.04925
23.84410
26.69424
75.70066
56.83841
26.83258
19.77008
74.89900
19.50217
6.95275
38.42920
4.34183
11.25872
31.71096
10.03520
34.83955
34.08780
38.94633
98.59239
71.95028
32.98612
5.16913
91.98760
17.21847
75.33109
90.97156
14.43935
46.57541
73.31688
33.19787
77.10266
40.79454
79.74318
99.84850
16.14196
68.55340
62.01554
12.69587
54.73374
32.47177
60.75678
60.42077
46.76428
23.10483
79.80396
76.58446
37.55048
47.04283
27.76415
13.15127
29.87037
91.72644
54.14526
23.84722
74.38609
97.46150
7.38817
16.37723
71.66190
32.80619
91.98234
52.58209
37.83367
24.17765
97.26290
48.08807
39.59483
1.49619
39.31163
79.50471
31.27516
36.75794
14.12925
98.25947
34.66878
70.04233
68.56833
60.51383
43.28726
30.88975
41.11400
9.17953
13.66226
38.95745
61.59179
39.07265
67.42905
9.17922
21.53194
60.06648
93.16740
97.35190
91.93711
23.24811
97.07443
72.10551
45.50574
68.40235
25.27270
78.11653
31.49397
24.74026
19.67204
80.79970
68.31132
45.06574
37.44326
69.14024
18.67574
40.28667
87.02289
97.25856
27.31160
93.09070
44.17323
2.64313
13.52198
44.93204
32.22984
26.64203
63.35991
77.36310
74.98043
68.04967
87.37875
35.02381
31.69765
75.47939
46.45914
92.15161
38.30003
19.60842
11.89329
18.48624
33.39328
23.99634
13.88386
16.21279
43.85043
94.27680
77.29166
93.24993
44.90771
44.24587
91.60921
77.93710
40.07615
77.63180
14.10024
24.96338
98.28623
66.52755
48.45810
77.69313
82.18461
52.57914
52.14800
98.58932
31.92871
21.64705
87.31008
87.86247
6.49316
67.51989
13.15341
63.12642
66.93127
91.41122
72.35954
58.70115
53.01967
38.44956
20.97944
86.35892
40.90747
59.15666
7.00546
9.28582
21.54622
57.34365
74.28306
21.84189
36.08955
12.71841
90.91182
52.21071
61.37918
77.84508
46.52184
5.31196
86.95762
64.50165
8.53244
93.43983
19.83716
59.41581
66.94676
68.28330
84.07454
4.42629
5.04012
64.88101
51.35995
6.72913
91.40595
54.01577
84.07789
50.98873
44.69025
13.92066
36.13644
60.65275
66.03197
52.87249
88.69009
70.54762
19.95870
42.56735
90.37114
83.66596
87.30118
94.28854
17.43840
66.70109
31.06271
9.33890
19.75210
1.27770
6.01774
88.56685
79.82338
90.58042
3.01195
54.02241
75.04633
84.07074
22.28730
69.26993
49.94688
93.95009
90.93069
31.34557
33.17523
12.35392
38.95833
45.71949
56.39640
5.02122
77.38088
50.28813
22.61344
54.82879
61.45878
32.20844
25.73368
91.62341
91.10678
81.57680
44.95170
11.73239
85.57382
86.74890
20.84153
20.77575
60.82802
58.80521
19.37432
25.61208
93.03932
73.58194
54.57131
73.77923
58.06926
23.91133
98.12398
41.20406
89.61674
93.36968
13.00024
97.80840
42.61125
56.83567
32.95021
47.24635
46.03872
64.48784
45.04838
74.68079
95.83057
42.54047
71.15997
4.50747
52.02910
25.25865
28.04150
1.07529
91.13085
71.77864
77.00469
47.16024
14.26404
39.27409
81.11024
40.66514
79.08669
17.64307
43.36870
18.52458
59.70412
39.15901
44.96991
60.75350
19.39768
74.34548
32.88674
5.73015
90.14457
91.48032
73.88735
92.11139
30.22267
69.34660
28.77327
10.61281
26.92586
98.55065
18.30641
72.94292
83.09195
14.09570
91.60074
3.32672
64.87464
36.34830
52.95520
30.57360
15.16687
30.24163
97.48752
68.63037
77.92090
20.04418
13.20470
45.92581
31.57647
50.30721
85.39585
99.95530
21.93062
85.63135
87.66183
21.07583
70.01362
37.47155
82.96493
42.87793
0.33035
44.88613
20.81215
57.91975
71.42885
15.43468
58.72754
27.94155
82.78524
32.29211
9.25419
10.78860
90.75010
45.18130
0.56490
82.75391
79.04884
19.31001
3.56059
90.37612
40.41751
45.40801
19.19028
35.07457
40.75813
57.83669
38.59547
80.09082
74.75657
15.04253
67.71028
24.21640
33.38505
55.71732
17.45177
67.01394
29.65634
59.79564
68.42812
79.18706
19.23823
85.53810
68.65947
37.96640
11.57236
72.19202
51.78078
64.98709
72.51496
53.57034
25.13228
10.10680
22.52840
23.54436
19.09268
20.11050
59.77396
82.06326
97.32882
94.99472
46.30491
35.49557
52.51902
45.95709
4.39664
44.44799
59.13045
81.11516
36.03902
89.64591
74.61707
99.00247
42.84366
19.88166
25.20052
55.65857
21.62889
18.36459
40.41501
43.93192
45.32824
13.36292
18.78487
15.82781
7.99481
88.47944
27.90499
69.23896
80.88767
52.70438
80.71210
95.95248
18.33331
45.81550
12.74782
61.48409
38.66011
60.56114
22.46477
26.09281
90.19815
21.64987
59.78611
35.79770
80.31508
97.83870
56.78793
98.10827
79.38646
40.12019
34.09067
79.65783
9.35828
36.61997
15.41206
26.90332
67.84041
76.14253
61.40826
38.33007
20.73393
18.99878
19.27994
84.87159
45.97974
54.13184
51.26703
59.72320
24.02226
49.93829
16.67225
97.17074
45.14651
93.31887
75.88009
5.69401
41.50695
7.37629
33.17774
77.03711
80.75987
23.89064
84.28170
5.69329
54.48688
57.77901
5.17199
17.77754
6.22409
52.81125
69.95927
20.41991
7.35425
40.54799
86.63854
64.06001
95.32641
52.32304
0.64772
60.27538
70.59005
25.01021
8.31369
91.64994
10.47136
84.79410
55.98798
55.06863
17.57834
91.81148
42.91346
20.40768
91.63915
64.41703
45.19209
29.96022
53.46066
75.59671
70.67688
2.33120
65.60007
14.12317
92.82410
20.79197
70.27182
77.50920
17.83134
3.03470
33.71823
1.67063
51.89706
8.66448
16.49831
50.60794
1.22441
19.04397
3.15427
41.49603
19.56718
36.85318
72.70892
96.48877
82.24960
69.94444
44.02798
39.63254
6.45201
41.83333
44.86414
67.47923
55.22694
27.20981
24.52269
67.63396
58.51270
40.54571
35.09852
29.68248
9.03923
62.94004
47.51204
7.16362
89.83563
99.81997
24.22955
21.85270
11.33801
63.61542
97.52318
0.52737
64.61902
21.32904
79.15695
91.14151
83.58496
7.39273
11.60302
83.48138
80.20703
91.11527
54.75123
95.81677
96.06289
30.72318
18.43884
14.75543
78.17435
76.34365
30.94319
14.30573
93.79693
6.52125
72.14131
9.91330
17.17946
45.85217
29.65653
50.30097
57.04163
28.07009
70.32940
35.42042
2.94764
79.60748
86.33682
26.38086
55.43005
87.34152
50.58499
43.65038
19.46280
83.79005
97.60204
21.97153
27.41488
46.45054
28.54336
88.47772
56.12871
53.69302
98.00190
24.14190
27.55102
84.64909
45.90286
12.44078
56.66461
5.62107
99.84538
11.66131
11.45219
23.22681
80.87657
85.58110
87.09422
83.13340
60.54971
91.10734
0.42787
1.94741
48.51869
50.34617
44.29887
5.70760
82.25614
14.64075
97.83645
28.97420
97.45067
84.59513
24.78344
35.81741
39.29026
97.54980
34.53754
69.82587
80.83059
34.61108
94.49610
56.50486
28.71525
9.96575
7.60792
47.82598
72.14253
93.23860
78.21886
13.88471
63.38409
66.20051
72.35324
16.25834
38.11354
85.93709
21.71160
19.07584
90.30816
70.08155
20.13313
1.09791
72.97808
25.19401
95.20775
67.32079
55.55513
91.59681
52.23176
44.39198
67.03714
45.23020
5.33853
87.48628
69.00480
93.09899
13.26474
94.21394
72.49151
54.44092
79.51581
11.32704
68.83101
9.63084
80.42461
53.64954
49.50444
47.05837
24.88764
64.31622
82.51065
24.18739
80.52435
5.29854
13.33496
21.55776
9.71898
47.90823
3.65774
86.42264
94.17688
84.76684
38.06467
1.50685
29.68609
82.27644
94.06646
41.79289
16.43834
85.08335
48.84484
61.36876
36.66570
77.75217
37.90827
57.23839
99.34887
42.32668
1.30687
4.61911
62.31834
71.25467
76.81309
25.57076
54.97609
6.37893
53.69012
20.33400
18.40234
3.36561
72.98817
40.27609
15.07040
13.54490
82.90365
24.58659
32.88655
86.98117
45.26014
41.14648
67.06246
15.97743
23.01494
23.28208
96.53798
17.59190
59.50636
41.99775
98.92632
78.97445
66.86140
63.21902
92.21927
72.55350
95.85025
9.76339
23.86210
39.00939
31.29375
77.03040
61.47627
44.88145
35.50003
56.57002
53.33688
32.61141
73.25547
20.78832
66.89000
80.06369
63.83408
56.07634
42.20571
80.86659
35.07561
89.27844
50.69349
97.48901
18.36675
0.82624
60.49822
35.55007
30.97386
72.14320
21.26743
59.62906
10.04853
67.61191
88.70476
15.47145
53.88243
82.74294
37.67033
45.74497
33.35749
25.18231
12.40680
88.17863
5.19311
31.83942
30.13086
67.24810
0.09104
11.48602
8.53025
93.68577
28.93666
73.59246
13.13019
33.32598
18.48210
2.07968
37.82473
80.06972
42.55374
11.27560
43.71984
29.29445
95.67416
94.88911
19.80968
26.21841
62.77053
14.63795
61.32035
34.36011
80.89097
93.98297
89.30099
48.38723
24.66092
56.27902
75.91311
32.19551
57.96197
77.56377
76.66328
38.39575
60.96172
37.51244
52.73660
21.76746
47.03203
86.83017
41.69732
84.47229
33.42032
13.06796
46.15046
61.87399
55.61703
87.38299
35.43136
62.46710
33.03268
66.09350
56.36484
30.08554
4.22311
9.08647
45.38293
87.44343
1.73255
62.21131
17.56890
90.18416
92.12774
91.61594
94.44080
43.66936
58.74889
28.33890
82.18156
94.11513
38.15022
85.83931
32.20622
99.51941
78.21544
69.24369
17.38276
51.93406
28.59318
52.72781
92.46863
57.22559
14.45820
93.08725
26.17640
25.66309
27.77809
5.76299
89.69533
96.68832
60.10939
19.77838
5.85366
27.93295
11.67021
34.96122
29.05901
2.31583
71.65503
53.85684
9.53270
31.54993
34.02403
80.39307
41.92097
44.28617
62.31621
53.56917
55.59407
69.28976
70.06975
8.06653
21.00448
72.29863
80.68769
50.76071
48.87685
93.96183
65.78539
80.29524
12.12229
95.37146
75.48916
25.55072
36.23812
10.54329
87.34309
16.40291
92.88171
65.33510
34.24902
16.70000
19.60103
76.51299
54.86951
68.87678
5.49846
78.76171
41.10324
6.89340
97.68852
72.24475
80.77015
68.61138
17.55044
57.30601
35.43177
38.96041
87.70875
53.90463
76.85969
58.46098
12.62406
56.89114
60.54882
95.48698
68.98537
38.62574
71.93116
20.01721
3.81521
3.98017
79.37184
0.48021
31.22818
36.08716
40.50798
18.00105
80.81649
24.15486
58.18235
57.22124
8.34779
32.17329
93.82631
60.17902
53.52536
17.39871
79.30424
58.18850
51.53695
20.56068
61.28549
45.34702
27.13422
76.42315
73.39488
80.31555
76.18697
34.88372
21.06429
83.27782
97.77487
16.81510
3.98091
15.97543
60.70781
16.09480
18.15607
98.45140
36.10895
1.99160
81.00081
65.44092
45.08677
18.16162
52.22868
27.53971
30.44937
71.31298
12.19867
42.84222
15.21144
90.37452
62.11046
40.40538
45.33496
86.70141
44.34690
8.30458
63.06151
3.69236
35.74036
44.74524
28.16154
7.98424
82.51396
87.54682
48.95510
53.18020
44.01272
40.89417
3.86398
9.86274
82.61429
15.43868
50.71879
23.37959
97.50544
28.81207
80.60995
31.31427
82.92137
47.36735
38.49084
13.93052
78.85413
71.76203
72.92664
93.92003
18.44231
76.56645
65.41112
44.52330
89.45196
69.09452
19.54273
97.22123
54.08442
79.96426
5.05637
76.61924
76.16755
95.03053
78.69243
10.93324
1.72961
17.35041
77.27967
0.52521
16.44143
24.36394
54.70147
39.19097
83.51629
36.76060
88.84868
46.24268
5.10885
31.25128
87.73341
96.22955
17.07045
66.51417
8.01546
12.65440
72.96878
11.86958
0.18884
43.80912
96.69085
85.96075
59.58590
12.85660
84.12023
78.79054
86.10463
80.94940
6.52627
57.64751
96.63121
67.96531
83.72967
78.01246
84.18475
85.83353
13.17784
50.78842
95.56491
14.98907
19.77279
70.91230
35.21634
9.68217
68.16038
39.92898
96.54727
9.18298
4.11041
78.52058
62.80102
81.22911
94.69488
98.54803
10.43249
50.08238
69.66735
87.55157
28.56941
43.81261
57.41341
58.28806
79.27063
84.73026
81.70067
81.49822
92.95403
22.38856
62.75506
93.11871
60.60927
19.92094
55.14949
22.11251
57.18539
54.27291
92.94921
80.74760
92.34951
17.99485
21.04522
24.52730
5.88697
88.47800
7.22475
97.74324
51.65511
81.40753
34.72049
4.12680
43.20475
35.65138
88.22309
42.22317
91.94015
57.59234
81.29682
61.78087
43.26801
89.44216
30.91971
34.01224
46.89462
34.21123
41.95525
53.62750
70.49827
13.96898
7.78643
18.85469
25.80755
18.61865
95.33968
82.24398
90.19243
99.40210
52.95523
30.78311
64.70851
69.33758
31.18793
51.92007
70.47991
18.85973
41.20286
35.48556
43.62528
25.55131
10.78953
87.96992
63.87343
36.81480
10.48414
14.63342
17.02204
84.25048
1.06258
36.54830
51.77147
77.56587
41.03488
18.54438
13.58448
73.74987
88.70296
28.65611
40.29149
19.81312
69.07599
75.00841
63.49333
59.72415
29.69932
71.16309
48.77043
66.14843
14.34840
22.53378
38.78626
11.90078
92.63190
28.77495
60.05275
46.45986
23.77284
90.26494
93.20750
46.32050
97.72712
81.67166
13.32248
24.71953
99.50344
85.94670
11.20233
42.94446
69.68048
79.14662
69.03308
66.09890
52.16783
78.58240
79.60005
92.96175
36.22958
61.32513
3.34024
39.17181
14.54554
92.17721
75.75984
21.94932
5.44796
65.44443
91.79225
37.12430
40.73598
88.39671
6.54885
83.84039
16.24412
69.54503
46.80407
99.98501
96.61134
34.40282
58.81786
40.82285
54.34255
26.00121
73.43865
26.80465
5.79198
26.63800
83.69429
74.78317
72.26799
34.29688
50.78050
98.37784
65.88708
68.92562
62.17053
83.82867
54.27204
72.42211
27.41880
42.79563
83.61918
97.17763
99.18912
53.88221
10.68004
51.71551
91.75289
77.86370
86.70231
79.40207
87.33820
68.22612
13.59229
29.13617
94.45394
78.08213
67.81674
30.80745
6.74736
50.92324
60.30584
95.15046
81.89146
55.47692
47.20800
22.50779
24.74115
81.62691
65.02469
64.21515
91.81049
75.85872
51.63527
91.61324
33.43695
26.25224
34.14888
47.33943
19.73989
6.94846
70.87465
25.65117
11.35259
46.60459
24.93066
25.22120
86.85483
44.88892
99.89048
84.96794
5.95414
3.60442
6.70014
20.10280
0.93829
85.07012
9.93519
13.35057
0.74981
30.56542
30.09087
5.02892
49.44666
8.53501
78.02694
91.66167
36.04404
45.91198
63.41154
46.08401
35.45909
66.24545
12.19883
93.65723
20.06375
35.19796
47.63542
3.19723
53.30297
82.59339
78.51404
94.28644
20.44378
67.61594
36.39634
31.34041
8.34668
34.90243
69.07855
30.70288
46.82139
41.10613
92.76305
69.79067
30.06177
1.42472
83.83184
29.32858
85.08605
70.02039
35.13932
87.84398
97.52529
91.05768
44.47658
24.65417
94.96466
20.41064
66.38915
34.85525
32.35080
11.07638
92.95382
70.02008
57.28157
98.48774
22.49498
92.60740
14.48923
45.99845
70.86704
30.83510
77.43768
25.44115
44.51334
51.13411
4.25148
29.74847
1.26753
93.89956
90.63400
93.74668
92.33005
76.88969
0.85074
87.71255
88.05956
89.24918
89.46248
98.36729
94.53757
30.80905
88.43731
76.93893
72.50046
40.02260
51.74962
17.61018
75.62847
37.11437
5.75503
57.93828
31.97319
85.83229
88.77226
68.27982
89.64050
98.25300
94.81685
64.61118
21.13208
21.49671
57.02622
47.19165
8.40361
4.17365
33.74730
29.83408
29.97118
65.64504
37.86676
60.29637
20.81632
32.35257
49.00319
14.76843
93.00517
61.78772
96.79963
77.66532
41.28635
15.52613
49.09330
70.50840
0.36794
88.69426
8.92851
70.95499
38.39747
87.83535
27.89221
4.69168
44.35510
30.73047
79.30335
42.82773
52.98467
74.75718
68.76507
63.11767
69.76999
51.22894
64.21100
26.83139
42.46960
50.40329
88.11140
8.94861
17.70664
57.36174
40.02964
94.79010
52.79432
32.62463
80.19109
82.09553
54.55771
45.65716
66.46144
56.59776
39.76125
24.02831
54.42318
75.52498
17.80845
45.23068
0.99479
66.70286
15.23613
7.39921
84.37947
30.64759
55.02426
2.70064
81.20890
80.63273
68.74936
99.91012
82.56545
58.11763
13.42629
16.41536
71.80897
28.83275
2.26050
37.13217
20.10407
64.03772
9.68738
17.66570
6.12450
37.05571
89.22079
3.55443
4.60964
3.99421
58.38549
6.02380
83.20453
98.43544
81.53758
44.40637
6.11509
69.69687
31.24967
12.85525
98.86845
4.67514
13.19338
25.78507
0.25956
49.06172
29.33020
47.68458
61.15184
58.64755
76.95099
85.73209
44.10894
40.76334
67.21222
38.34588
61.84017
62.76082
40.43674
52.23963
27.14297
63.69123
86.70804
35.66282
50.81359
49.11663
88.40222
55.04228
44.20992
48.09698
81.40832
50.10173
86.27971
65.51584
87.23832
90.83236
29.70893
12.02078
17.03281
67.79268
91.57908
23.03268
6.18855
71.86725
47.99882
33.32060
22.58712
80.32591
16.20637
99.08766
70.23924
88.32169
44.63136
41.03205
9.66894
29.64421
87.96624
92.21016
89.91019
42.51842
17.01455
6.67593
98.03939
39.03187
24.14311
55.82497
57.48311
67.98678
50.69656
82.76073
64.29900
58.07406
99.95875
21.22950
23.78261
16.29811
32.39371
77.12218
49.04669
47.85887
79.01608
99.44138
88.67353
97.61065
74.69011
8.71553
54.87548
39.97215
36.90440
70.70584
2.66496
67.05936
77.73930
45.43931
70.83409
37.76912
75.05791
7.06796
38.10365
78.01934
59.35773
51.21464
64.29191
30.18511
19.67716
67.02640
76.91105
59.38085
73.52878
48.83313
79.30878
63.00599
67.42701
35.42542
86.85437
79.07577
64.19443
13.11564
98.53037
63.99694
0.41442
20.95596
17.95158
4.17936
44.15493
13.11922
0.79820
43.50518
59.30363
41.79234
31.90173
7.53069
73.27182
86.60695
41.27826
58.67331
96.55087
47.41074
36.93979
94.67201
23.34404
3.33134
45.59788
25.49078
91.35841
93.66914
68.16180
58.26879
75.31090
25.45045
66.99001
67.53969
40.52757
88.58135
51.50388
50.38297
94.45911
62.08590
59.96913
25.01200
71.00926
75.46549
50.32653
51.42822
25.63672
21.48516
20.31342
0.80920
53.81414
14.55333
19.75934
7.92381
24.62403
3.70683
37.14645
71.78361
1.13321
86.33054
97.12216
15.14920
79.72821
7.95249
64.66353
53.10077
11.22425
68.61119
58.67166
45.97647
26.33885
40.10196
37.52498
5.13718
92.52856
79.37548
39.26496
23.02619
99.79261
64.11199
28.88446
90.44584
44.94989
62.05743
13.47037
75.81765
75.69573
96.86747
10.62587
72.50428
95.91088
14.55398
35.60053
56.36127
78.14220
40.82764
47.09497
4.63044
8.61779
2.28051
28.76094
61.20669
0.54957
43.07325
14.87698
18.80966
53.96240
51.48096
18.52817
11.90296
38.72456
69.17807
33.75979
22.24695
90.89265
63.89304
45.74146
13.85320
34.20955
99.97608
94.97364
38.87084
93.72957
45.39866
13.16311
38.02260
94.86598
15.54450
48.28044
76.95903
38.99251
26.09666
86.42574
0.44097
75.63149
42.26447
78.68242
67.03005
83.02678
45.61388
72.06991
32.12269
74.01920
88.61261
45.80190
58.76853
92.96590
5.98153
53.43531
76.74381
56.61493
34.44672
77.99332
85.58040
47.27124
64.80591
53.31902
47.68648
11.59330
39.26127
74.53221
27.63930
40.08810
42.25086
46.18097
12.75662
75.12039
1.22383
5.70672
10.36208
16.91819
26.01065
26.43293
21.98413
56.85566
92.00196
56.04091
63.62767
54.66604
7.55452
52.41543
67.79791
35.57057
25.02469
34.48854
80.68924
0.31311
25.26839
41.93303
93.91721
2.40758
54.54459
71.37010
27.11857
57.58678
55.41570
17.19402
7.80297
25.50315
4.92211
43.00902
59.23151
58.58522
23.11395
50.51513
33.11364
49.87032
29.37580
80.20206
12.23689
50.17409
52.34741
55.52319
7.05933
36.14904
95.51537
2.53000
46.33708
37.94908
34.74682
58.88927
21.34737
86.29034
27.78464
93.62450
21.53499
74.67031
10.28001
4.54544
73.76649
92.38753
85.84086
4.53444
54.60680
38.54971
80.44681
59.35095
57.67074
85.90837
53.91392
82.72335
92.59976
42.54097
64.03631
8.30807
30.59586
4.67428
55.22440
8.17024
13.36976
60.43034
93.87677
61.05317
33.69352
82.30550
36.89598
5.45718
98.39176
77.63622
50.26327
78.93951
44.11131
72.58848
37.50779
88.76436
74.77714
84.35012
71.08251
13.38125
51.42799
19.95433
74.94128
22.02422
14.02601
64.15456
48.09608
88.86937
16.87376
75.95999
54.62011
65.59874
21.31862
84.57167
8.04455
66.28160
31.89782
2.63636
42.40641
35.81736
59.86363
43.39894
3.29763
40.14008
65.91571
57.43465
4.25752
19.65929
47.78699
35.80582
16.64053
91.16045
34.24620
89.77560
29.05751
27.41720
90.69329
64.95394
97.14539
28.93963
91.50767
61.59959
9.12500
58.77021
83.57810
20.24162
62.79081
28.81762
67.40374
37.73700
85.00154
7.35454
6.91307
61.87603
13.36081
85.39084
80.73762
1.36673
44.30696
21.38816
40.07247
53.60509
81.14933
32.47221
42.97342
28.84198
85.87981
48.51591
38.59882
11.68571
6.01798
53.77195
50.49516
21.65247
68.40101
64.14070
33.77653
81.65737
71.53614
14.49316
75.66155
63.73338
98.49478
20.98030
12.05236
49.01278
12.46091
83.23637
74.79165
14.85835
36.15896
20.69511
79.37621
14.35289
75.82081
47.36937
88.51835
14.88815
68.34898
26.68875
2.30048
74.58259
8.74752
50.11865
78.06271
48.35295
87.77092
10.68004
30.97863
82.99057
93.12836
81.24108
51.76118
96.49172
58.38956
78.09065
65.01897
38.19099
67.91109
0.92604
11.61575
43.43978
4.53235
33.40041
36.43226
16.46438
82.28547
63.70964
67.01326
56.77085
39.84772
64.45432
67.53779
68.00526
48.12578
58.47574
84.12562
89.60706
29.61867
89.75728
90.94656
45.71563
34.65908
58.74673
4.62857
24.41885
1.19237
17.52047
92.34993
31.18906
34.52488
9.63750
23.36300
76.72240
20.04815
32.18763
19.81213
83.27731
80.77876
83.23911
2.33951
34.59959
32.43708
5.55222
33.19408
36.08994
13.12200
25.82164
24.00053
50.13383
24.01864
65.81141
17.02417
47.83511
89.10031
26.01349
32.18097
21.08142
66.51663
24.24959
45.36353
65.89471
2.13404
15.39556
21.46083
79.92003
93.10162
20.74518
21.01904
54.33733
53.07109
96.32174
80.13771
82.51511
37.08912
86.49227
60.94037
11.30386
63.05835
17.70015
67.92630
23.96817
90.49299
90.96785
62.95596
49.46448
42.53246
77.97925
5.61627
86.70357
33.69676
99.99578
71.65029
35.75819
26.33327
55.43910
74.29269
76.92616
7.25821
84.63604
12.85957
57.48028
11.52076
39.43104
44.62325
24.05352
87.40152
3.08898
84.31785
48.21409
28.79031
15.60544
87.41607
90.59551
34.27630
82.86286
32.71360
10.55452
68.32498
19.89943
91.00851
79.40868
67.85644
15.47038
90.83405
64.18132
23.16605
31.94477
37.75960
55.35611
46.65117
99.38663
73.65073
53.07913
59.77686
11.79310
66.31614
58.36821
84.85259
3.70424
84.62537
59.92698
18.99459
86.06538
88.65181
53.90000
98.52288
48.67902
10.30664
0.76625
5.26030
6.09507
57.67870
90.81172
0.06613
89.38193
85.31445
75.82908
94.07855
97.44876
93.07340
22.70053
0.34430
14.37455
92.51425
42.06051
64.96110
86.01852
60.71338
82.05972
42.55957
69.55481
93.52812
61.30509
89.02763
92.63024
11.91204
72.82682
40.16057
95.02198
4.70550
64.92946
7.62843
76.88626
32.78492
30.78983
67.63461
2.25005
35.82708
81.60942
93.17645
39.74790
2.53910
64.38333
85.63341
37.20386
52.72110
81.68827
67.37753
84.64551
83.76482
99.37765
56.53448
76.81824
59.94502
49.86970
20.60190
96.58929
20.73469
36.85843
54.05029
89.50990
1.64410
35.91538
26.46025
43.80134
3.77069
42.66682
26.58254
33.96885
80.07222
30.75372
37.25545
74.29091
97.52559
67.91895
92.18028
97.43096
3.88660
74.65748
71.07896
72.58308
92.72427
75.23426
13.21407
39.27987
26.34333
75.73351
35.56030
50.02136
75.01536
99.99798
86.02441
25.62041
14.00879
81.88670
60.24608
15.96133
5.00144
45.18788
79.48368
42.74853
83.36236
3.21244
27.01708
87.01040
31.39790
62.15450
77.12384
43.78277
88.61448
66.74774
5.28870
24.62615
70.37286
23.39870
14.25074
47.23451
38.53547
93.57384
77.44459
10.41533
63.50667
8.80802
43.78454
68.71002
24.94099
14.66061
98.77592
34.94949
92.59666
72.67629
9.17669
16.06997
19.59429
62.44172
17.26528
46.96620
96.78383
59.98388
8.44570
0.52783
24.96433
79.45003
61.92150
25.90286
16.79665
4.07328
87.64298
58.55397
80.48438
9.32188
42.21616
4.94749
52.26612
72.50277
3.70427
32.47145
23.42231
33.56509
62.07185
44.60206
70.09182
30.19191
45.49659
54.91946
86.76779
8.73514
17.90301
76.52249
23.29634
58.15671
68.18497
12.07150
77.25074
45.00210
66.89140
45.43708
10.95433
77.14364
85.77698
13.03114
53.17250
36.89150
97.72179
47.20035
25.74478
94.14962
79.07716
4.10408
79.38096
85.81144
86.71909
50.25916
95.47198
21.43503
53.34484
39.85520
12.13976
40.41199
68.02194
70.32430
7.97547
12.99335
58.03836
71.58264
15.42981
30.19918
42.50500
82.82671
11.32316
41.06886
26.81267
71.03054
92.05683
32.90639
41.41852
38.81963
32.43355
98.02606
25.65242
27.20893
53.32360
88.76539
3.60304
96.72559
70.61493
34.27768
66.33121
73.06555
18.05470
78.13304
57.97483
44.22150
72.78565
57.73120
78.02079
43.94005
9.50386
66.90012
66.11516
35.31491
37.69209
57.99257
95.15393
61.40395
39.88994
70.24175
19.33939
39.21540
51.78537
7.71146
38.40277
7.08360
70.91110
62.73471
30.53598
32.06191
54.41952
11.97146
64.00951
64.65515
15.26280
84.48260
94.36059
32.54804
72.54358
66.59264
93.05011
0.59084
45.91753
34.24131
2.46549
24.97552
34.71268
48.39301
28.02677
77.76729
31.33726
25.73736
88.10144
86.64078
89.53331
3.25193
34.14928
7.56722
1.57615
96.85848
69.04236
57.04100
64.54634
21.30979
83.30699
24.96738
56.26449
5.32107
87.30240
15.00973
56.13538
48.94884
20.49261
96.09035
71.82084
66.17911
16.69504
79.11500
91.24597
27.86887
73.56776
28.42703
7.19494
84.94614
3.34425
32.50702
61.06312
17.60900
91.16871
74.53706
66.10686
39.02222
18.13136
22.94646
17.99304
4.34077
80.78737
45.45740
14.45383
64.24701
73.19505
4.07064
77.77611
52.38834
62.55277
3.72108
27.70381
97.50158
72.06530
36.03842
80.43254
8.32039
52.80079
3.06065
34.62522
43.94767
57.72582
15.14233
37.17826
61.50790
55.59308
15.46513
62.55108
76.06048
45.21314
82.38894
93.64973
59.88917
6.55247
19.63573
83.08451
26.48996
1.82306
83.64690
84.34298
96.08847
75.08677
22.69124
54.35084
13.79066
3.83825
42.88179
43.15204
9.34993
86.75787
18.61085
25.98230
9.75681
32.70969
59.41357
61.21387
27.46757
84.73012
13.43969
15.63974
55.49315
30.79457
64.30140
57.83317
10.28644
77.15838
58.01952
51.22952
62.27921
88.43633
71.39985
11.16102
77.28655
78.43210
70.61006
20.02188
70.42938
66.50111
40.35620
55.45231
81.27429
24.86183
18.04663
48.78290
56.22086
82.53780
7.81670
38.24371
8.48511
91.92599
28.62215
52.66809
97.87247
89.26294
39.15944
96.90397
2.97026
29.43467
66.41276
73.21503
95.44392
82.70865
26.68354
63.68483
76.90873
23.29385
16.85233
50.67636
16.93813
94.05111
93.70098
36.36225
11.85543
56.55259
29.59021
7.80959
60.77125
17.57319
80.86202
58.94125
12.34320
91.97904
54.12121
97.84896
51.92515
20.74668
74.13832
98.25575
31.86443
15.16609
38.63268
35.68299
60.93585
98.93359
13.03125
62.99924
93.53153
50.89475
46.82359
60.94809
60.20033
46.55392
29.17181
93.77392
32.47219
50.17870
53.55203
17.25791
67.98122
72.45201
52.12757
4.30851
36.44110
46.62169
53.85909
68.97299
9.49151
68.60547
47.96254
39.89279
70.17447
31.43463
51.33055
82.00999
85.14681
64.89730
36.40799
75.88700
28.06408
38.15785
79.26542
28.41314
86.85056
41.19045
21.36487
35.31676
86.92758
47.41211
51.38570
80.08240
76.83889
5.20435
13.12281
56.42593
50.71226
44.97180
9.85100
48.93186
61.21512
55.90503
20.47733
51.49885
89.04255
24.14504
57.49541
22.60523
18.47781
65.10921
8.13706
94.57949
21.59836
9.39519
21.12020
54.26124
12.44269
7.70906
31.83187
68.10133
15.18290
36.94646
7.97679
52.43800
38.59196
57.55111
72.19773
72.73058
7.36688
89.93868
48.84138
13.13534
20.10967
86.05046
63.94881
36.97123
48.54379
61.91313
27.84719
47.07311
80.12368
24.19234
53.67940
96.13054
5.49992
57.18123
2.96341
3.49773
2.23497
70.50375
9.49600
36.51256
55.50738
18.36251
65.06175
22.00473
91.40929
33.24723
29.29299
65.19271
69.78119
84.01727
94.78519
1.92961
51.17614
22.56899
4.52263
53.47587
13.60639
57.94285
60.16949
26.01529
86.67479
38.53438
72.74019
81.89006
5.41857
17.90347
20.20880
12.52207
11.44139
52.70521
2.07217
28.02064
54.16546
34.57247
69.80015
92.76527
76.95951
95.21395
57.72213
90.81413
81.42880
83.67937
69.47308
13.02201
58.34155
50.58692
62.32730
62.90717
72.21904
91.61637
96.05036
69.77336
71.88817
40.32230
87.38533
79.92961
35.04777
3.91701
71.15822
18.20312
10.77835
86.76215
23.95476
78.38599
55.45694
1.43235
61.59542
98.29278
45.19083
72.28264
19.79000
33.83324
52.01200
31.68716
92.01376
65.02611
45.50657
2.34354
86.36905
88.17310
15.27192
40.57371
51.92804
43.01574
82.24551
68.03447
18.69300
25.49795
13.20205
53.80641
9.21555
10.35040
16.67126
85.86233
83.43347
56.15772
99.09294
87.54054
34.66396
21.28808
46.70963
0.25328
81.36468
83.11078
0.48184
74.73528
92.33436
75.32982
51.34293
87.37194
68.12410
22.33540
27.73076
14.09635
38.72099
19.62116
49.72485
96.34125
57.11080
82.77382
84.92467
46.91955
86.85341
27.54558
62.77938
70.95398
32.60289
90.32582
2.93950
99.12036
73.33136
58.02876
15.06242
19.92471
1.32855
4.56156
14.85730
71.97612
0.59559
93.25630
15.36419
82.28063
29.96894
40.17174
29.94124
78.47014
13.89682
91.05180
22.73475
70.73628
44.27786
88.89132
85.96120
79.15243
72.30694
14.33027
61.35056
75.01748
28.27167
52.96655
51.61882
14.87941
87.49921
45.97474
15.17375
63.59336
35.91698
41.81569
17.03455
83.38315
17.38174
88.35421
54.09075
37.28262
55.09431
93.20052
80.32023
37.33331
19.82960
92.96091
65.58749
41.42519
95.98459
58.41268
38.84314
55.49876
26.90409
55.02399
88.65299
5.38925
32.73666
37.82550
58.10108
33.67753
42.49218
38.15783
1.78574
70.93890
36.99697
92.00795
17.19708
81.53603
70.68819
13.31971
75.53031
2.60425
48.92115
28.46242
67.21303
32.20327
43.11986
37.17902
30.73452
34.75720
42.37537
86.38104
9.44297
22.80765
47.24380
75.37670
72.77106
53.35617
9.62545
40.71545
21.63905
45.45033
46.73658
40.31885
45.57022
95.97272
11.56660
93.59493
92.29344
26.43301
41.10108
94.76772
27.30146
51.29291
65.63303
58.16263
43.54219
29.85831
16.93315
55.99751
74.42294
68.56813
22.07044
17.92150
21.19480
16.90960
21.87911
14.11006
68.16655
78.70787
51.24241
14.52638
35.13861
27.97910
89.28947
16.00780
54.31563
19.16165
73.76672
26.66105
98.08265
12.73253
26.48430
59.95239
85.99096
89.70109
1.14264
96.50711
23.69746
86.03063
15.28078
43.78534
31.68183
34.41915
89.32555
94.11552
69.48538
79.17912
26.87001
81.78562
13.10461
41.71930
96.33145
18.58850
87.81633
26.13998
97.68578
43.35293
9.94937
61.62168
13.80441
22.25616
73.56148
20.25270
85.10342
70.52624
95.53356
86.65254
51.71490
49.91649
92.63050
98.45701
97.85800
26.64268
27.48665
71.97980
97.76859
7.64430
40.23685
99.30201
63.36878
94.49982
34.84195
44.38909
8.36868
1.11797
23.59810
34.48372
63.56154
55.73840
4.79795
32.24316
45.83680
47.29614
77.41029
45.72116
44.32068
17.12223
65.31322
64.58411
70.93829
77.85259
5.65395
5.67646
89.58310
96.53264
18.87102
75.70816
29.59411
84.50627
21.99420
90.03269
5.09631
88.69790
57.21298
93.56666
23.32541
40.76854
88.86737
44.32593
32.47659
14.97886
59.85452
96.11258
57.68985
33.97873
26.82180
95.10161
76.28486
72.00519
70.97377
94.33751
81.85227
71.84609
46.65604
98.32738
51.73683
40.87527
6.12316
72.49481
37.23927
92.25781
56.35316
84.63447
16.11008
49.81895
42.77449
95.46052
36.80969
73.23798
71.06692
88.89307
9.35994
75.26222
39.68130
43.31215
90.13423
5.81729
79.03479
71.96890
61.92943
1.31059
28.85532
44.81089
2.84179
65.82631
46.54603
10.11340
34.37170
25.27405
50.78719
76.58117
23.42707
79.81540
28.28528
75.92228
88.45012
78.44261
4.00670
21.51224
82.39336
54.62751
62.49469
92.36833
86.37802
84.20497
73.34348
47.21213
79.02964
55.59760
87.01062
27.27907
55.08617
68.85320
70.42959
63.42475
61.56886
72.55588
96.00284
16.14653
11.36976
1.16027
12.45056
97.61934
66.56754
17.83657
66.41911
93.39302
3.99437
47.29137
7.38769
59.15933
98.38389
26.16429
21.46617
68.79370
36.65916
3.46826
76.74934
55.73434
33.72756
92.08126
8.33476
50.45097
96.63112
14.18640
56.94756
73.04161
69.56164
16.17416
77.72671
99.64102
79.18596
66.12905
80.47405
30.07717
79.96273
53.02555
47.61026
45.86913
62.82129
77.40582
80.80348
61.73346
45.41304
39.01095
1.23554
52.75725
85.72473
49.11394
79.76180
23.67146
44.13535
24.79145
46.30610
39.30226
86.15066
36.50830
11.33163
63.96480
48.19341
81.58403
55.67570
70.20574
55.96925
99.29210
86.47460
63.83284
36.09613
8.99118
38.65570
2.92026
54.24387
55.49554
21.40145
53.24241
0.99763
44.55474
67.48951
24.06746
90.25394
99.21006
50.53907
40.78193
26.53010
33.94868
74.02784
20.80382
67.88186
21.55408
32.63387
10.05701
69.72498
14.69473
18.16890
13.48667
51.66746
36.83847
97.64047
96.24596
82.35761
84.96162
85.68417
21.79707
95.87600
42.29189
23.99594
14.52275
9.58396
97.43483
93.60389
47.59253
72.46238
18.30569
68.22138
36.31842
31.23584
94.01834
69.10548
49.38259
70.03907
75.43730
38.21882
90.76039
31.37580
51.35828
3.83730
70.91621
55.77320
67.79030
46.17634
82.05638
79.29213
74.38097
91.88788
27.73411
51.15908
47.55746
47.43832
5.17217
0.17311
1.73193
14.30409
9.16355
42.17639
76.30687
95.00953
60.83369
86.35731
40.86707
3.73917
46.16130
65.92309
21.75358
42.99917
2.54274
80.73975
8.16256
97.00432
22.61438
78.20732
79.85983
19.16072
33.03420
20.51075
64.73435
96.46976
43.40299
8.07950
14.14794
93.95629
82.67599
17.68411
33.71880
62.69044
45.27141
31.83759
50.91428
74.42266
0.11811
90.27096
17.87227
54.96692
55.54615
24.15608
59.85811
47.66243
25.02986
64.39144
39.66033
27.70185
85.03346
11.67843
76.73403
16.35518
92.35424
76.91827
89.54376
76.31336
16.37302
76.97768
15.78190
85.73345
37.86396
4.03986
59.09244
33.31104
42.45813
27.38560
88.69442
23.69161
49.22926
79.71727
36.54689
1.06413
16.03580
44.94044
46.15753
73.14992
53.63182
35.22692
30.61520
16.90727
70.52307
26.24634
74.36219
83.53842
61.04243
59.55905
49.34576
25.39266
83.26250
72.71428
51.60496
5.33272
39.00827
72.80872
67.64820
80.04764
11.32213
52.02527
71.45530
21.79913
33.83338
86.56150
63.69967
38.93610
28.22393
11.31281
55.10434
9.16156
65.55069
92.95641
0.11282
99.86934
76.72138
69.04942
86.71339
78.59138
40.92396
75.53481
50.07595
70.50221
7.53417
87.44627
59.89002
33.98336
74.87602
78.67912
49.52374
94.78628
7.79571
38.34194
17.25552
48.13421
85.58754
5.25879
24.77813
44.11782
33.68828
24.04143
45.36925
83.76311
46.29931
79.81733
51.04009
59.23372
32.13456
27.67707
62.51541
8.80654
50.79096
94.51658
49.60521
36.03651
90.25476
57.31702
28.03926
97.03385
10.82165
91.60388
34.26758
44.48332
11.17676
95.15197
57.78656
78.09120
38.36441
24.42345
3.09197
98.10918
70.18797
26.21318
2.12003
43.75069
3.54047
75.29702
85.36567
56.12454
3.07849
27.40442
62.54543
64.42642
87.13319
93.70487
33.49432
59.04216
28.41006
28.47854
0.44958
54.85628
32.70104
46.26780
87.38969
30.24770
2.27390
50.28164
83.89597
50.93554
85.63817
78.37981
37.41493
55.49953
40.98736
72.72582
23.37321
36.64067
94.84787
9.71412
95.51558
24.61589
25.60613
3.50151
39.51731
67.73623
16.62015
86.50097
42.57710
84.12878
13.34265
84.51730
33.20764
13.67802
39.07540
57.14155
68.57897
48.89536
62.75391
89.17404
67.09228
60.00760
52.55433
80.39392
94.51411
57.58285
6.35968
66.64489
66.11955
95.38822
71.90198
87.79635
69.47466
68.25175
61.84978
26.74182
96.82197
74.70502
16.80553
89.53744
83.59206
71.98258
50.68820
34.98356
24.05977
7.90148
18.03861
10.74553
18.79194
9.40228
8.83335
81.46927
84.76600
63.99368
73.96539
60.87043
6.46494
4.18320
67.97718
15.95569
24.29894
45.53792
13.67358
76.10468
71.23096
78.25609
3.09638
10.15243
94.38870
48.96361
6.22075
31.71255
11.16406
5.16648
43.42689
68.94418
55.59339
9.33289
88.57703
86.77523
33.73676
85.33827
10.41753
59.53034
69.26845
82.81052
96.66703
80.95991
1.48456
53.19929
69.00576
12.30765
18.54182
79.66935
27.46513
17.43053
59.13534
85.77925
27.87027
28.74645
25.87961
90.12361
40.46708
74.43409
88.26433
51.27626
94.36198
70.37276
82.24691
3.12527
39.60880
17.48672
23.42952
67.50439
81.92496
82.06004
92.17367
2.64014
67.10762
4.02164
92.76335
98.36638
31.58623
4.93152
90.27997
40.66585
58.34449
83.56167
92.44233
95.25784
11.60554
11.07019
67.14954
40.40857
57.74139
90.39448
78.04299
57.79721
97.40429
16.26104
5.58170
22.58181
37.65286
62.26609
34.88614
40.81930
96.88538
98.40223
99.23870
14.83634
79.83662
93.04467
28.39664
54.85588
57.50570
56.04281
87.16944
30.08838
14.39652
57.47782
18.75743
4.27177
80.97653
75.58151
3.03360
21.08633
72.47868
80.53192
72.05494
37.49278
33.75324
28.61611
58.67939
11.48595
92.10122
57.93279
15.06032
16.11829
73.58880
10.09586
45.30747
72.94292
84.48190
51.80369
25.43303
20.76902
86.84055
1.01765
33.10211
10.37761
7.57737
57.94801
87.73196
92.25431
1.09844
89.88220
85.51310
50.60773
51.58985
2.35801
53.06718
39.71296
95.45154
0.99551
58.14830
14.12748
99.11850
28.21974
95.10474
37.20682
55.01977
89.54340
39.07089
62.77425
38.52667
34.38590
57.48915
40.54362
9.46676
78.27097
81.34327
1.29386
63.62958
77.16534
54.69586
33.88322
84.77857
70.05566
95.22387
5.33020
36.92920
53.34959
75.26183
96.46000
39.79815
38.16215
87.25126
96.34745
30.85314
49.13756
45.27677
28.12605
68.72350
27.61980
9.01413
8.81086
31.52962
47.83252
94.41050
77.77822
63.65554
51.17264
91.78154
48.97276
54.41160
45.71596
73.33751
36.68195
0.03259
21.81053
92.13650
4.04626
65.81035
47.46549
23.41744
60.13407
51.46913
13.71285
43.14803
92.54393
42.69044
63.89985
68.78098
26.33027
76.40171
14.44577
95.41605
37.22151
77.42329
80.94137
29.10007
59.25593
4.77347
34.22295
4.62231
69.60442
6.79969
29.87951
31.76153
88.41455
75.50976
95.46130
85.20744
70.38287
67.00041
10.15502
33.63368
12.93805
97.21880
78.23558
49.87033
33.10619
10.64213
59.03427
76.03365
31.28581
34.29169
54.98256
69.30817
60.61566
65.47067
71.29796
74.24004
61.63189
50.59937
8.93303
30.26685
83.52427
1.09468
85.87188
39.44269
79.32264
3.53026
60.97638
54.58611
26.44487
92.07103
66.51145
68.88295
5.53751
4.71974
21.51984
63.33034
95.06315
21.84283
57.42915
61.18593
50.23637
81.90116
98.05158
79.00474
89.93482
89.70819
89.20328
33.14214
4.47884
71.67582
62.90579
2.72178
18.00060
96.60690
72.42857
14.55981
52.75348
98.07191
49.14024
52.61922
95.04578
81.20719
30.58980
3.61828
4.01320
48.99255
8.33795
66.93528
40.19126
3.13795
61.66032
91.81428
27.06614
28.97547
83.67340
97.33525
53.33508
41.02321
0.94348
85.68691
84.35438
13.91429
16.69942
57.58475
41.48610
29.44289
44.93247
5.94323
5.90211
83.50646
62.97335
59.42405
47.11192
74.88959
90.58168
54.92020
87.31946
42.38469
99.26600
21.77798
91.61984
79.64072
94.05344
50.17737
92.37403
86.28946
95.02390
20.69451
6.21476
74.63425
33.12276
44.39978
92.88183
30.25919
65.72288
38.94228
13.24943
42.25366
2.09000
65.05350
65.70384
78.40831
87.59808
48.50549
59.97757
78.63001
1.27835
69.79700
73.75655
94.15348
0.81447
50.37856
52.13327
11.68072
8.14016
87.56748
64.58082
22.45441
44.55365
21.84111
79.88354
45.26639
92.92550
49.86907
73.73715
16.46493
98.10114
9.11928
73.91832
54.40480
29.44224
2.88657
71.16840
78.56087
68.26198
18.98813
26.12556
6.68389
15.52386
14.21228
5.02612
43.56063
49.55235
99.00384
63.75388
24.51964
70.03662
19.72236
71.29012
32.87081
9.24555
32.35078
92.42443
40.75348
36.03318
27.98379
3.79572
28.65253
52.99121
48.69361
20.49700
56.16365
6.03072
95.98289
91.01577
85.96281
13.20581
84.36894
51.05034
63.91665
72.21510
66.77212
48.53353
97.40599
40.84022
89.85785
84.69250
50.37663
29.72596
37.79628
72.91379
67.69359
11.56359
1.32745
71.19279
76.90304
15.87564
58.52481
86.60987
7.66300
99.83576
34.10272
84.38622
24.28348
6.66470
25.21325
15.26948
36.52722
52.19166
92.73546
59.08806
65.38348
51.31266
72.40828
34.74061
12.74159
79.02900
33.59360
42.14411
67.75701
86.58177
41.52593
95.64291
42.75982
47.80276
14.09844
88.51852
87.43652
23.61616
58.50103
82.81501
40.75584
81.52790
42.21700
76.93355
23.24559
90.56999
3.35232
89.40584
0.23400
63.82736
53.15024
9.29323
76.22744
5.38627
66.58190
29.80531
36.15277
89.46899
58.81811
48.84567
93.61850
37.25551
68.63909
73.43672
86.34838
25.30429
28.09946
96.13700
56.58901
40.56103
13.91250
18.64691
66.04516
15.04344
84.71649
96.64677
75.23749
97.93384
45.67066
6.14264
32.55340
32.43263
48.39681
34.28554
43.31287
69.34603
85.10744
4.98771
50.14878
73.09693
48.68566
52.29455
68.81502
96.67121
0.24938
17.59661
60.34302
10.70484
74.88254
26.85032
97.60220
68.70867
92.40013
36.01852
58.84819
66.83969
19.16088
6.62504
4.05892
21.92084
65.06602
26.05067
79.36190
91.35648
77.68013
26.87650
91.26297
19.07440
13.83560
4.89801
4.91511
77.05474
85.46616
19.86387
1.30577
32.11701
99.57150
58.64861
32.23710
20.61503
79.68109
72.03724
40.17575
9.00387
35.45298
45.93453
63.19021
29.81791
24.11979
17.49576
16.84499
13.07315
36.87404
9.42405
3.37949
46.08946
66.13354
53.15400
96.34306
30.60405
61.85412
33.59320
63.21838
47.09196
39.56414
15.50706
28.82712
71.18752
34.74098
34.27554
18.75660
21.69754
64.27395
87.79688
87.42126
56.85183
42.62398
99.09261
60.09928
34.67740
89.39691
25.45001
86.85830
55.68046
52.16048
39.33373
25.65788
12.28575
96.21199
25.06279
75.85387
58.07035
17.84529
88.48714
55.46159
98.37511
36.94926
11.47639
32.06012
81.52925
78.48826
86.01571
9.97070
84.53935
55.72650
34.22558
53.27501
91.13562
72.77881
8.62496
39.09170
97.28694
12.57067
54.62280
40.92115
14.89892
25.68647
30.86787
14.96179
50.87600
69.01221
56.63094
59.89548
13.93983
49.61635
34.34686
78.47272
55.22673
11.58823
64.48124
93.42277
15.93299
13.83505
23.39682
38.94853
31.36296
77.84276
92.43188
28.66072
48.60940
33.00098
15.13457
33.66991
72.49087
52.87231
20.61308
51.20296
74.98065
45.18691
54.85318
46.52485
31.93992
74.12979
98.36560
22.32181
32.57920
50.85206
21.90911
32.38005
13.47965
86.80165
77.98256
7.41405
61.07289
21.16785
74.45760
78.31304
65.16232
50.11114
62.14180
12.64809
96.90648
36.37439
3.37924
13.25188
78.22819
1.90891
40.46126
71.90120
45.51542
82.13037
55.20144
73.41802
79.11290
76.54989
31.60747
24.04728
12.10571
36.10407
74.15821
14.41826
82.39853
82.83897
60.95925
0.58742
97.89361
67.22691
49.85972
84.71647
97.73523
90.14694
46.42877
32.30578
63.35100
55.59152
16.28321
88.90077
48.10771
95.71858
36.13503
79.66283
78.29746
27.69953
82.95944
11.64649
54.45317
13.18788
20.80434
27.34821
14.30726
5.99945
91.88365
29.01801
80.89617
9.17382
76.05345
27.68240
14.68819
93.56050
36.21497
53.26570
91.13328
12.27053
99.37457
32.52293
2.14888
77.77041
35.81791
82.83858
26.89017
18.46009
58.68595
48.62948
11.77266
7.43827
57.23309
19.53544
46.89891
85.10678
51.75064
24.05375
5.36354
55.86251
71.49412
99.21106
12.47346
41.40628
45.92634
21.62690
92.06337
73.17732
45.93294
64.44777
38.85150
50.86650
94.46856
57.55041
14.32580
47.79985
36.82402
78.83441
94.82989
39.86920
99.09967
76.14808
91.41325
9.41244
34.57513
36.71131
70.44135
45.34675
75.34321
13.51892
2.82553
64.32877
58.03454
83.07133
33.68893
70.16521
20.01115
66.35981
16.76392
8.23243
29.27440
42.62172
19.61042
92.24938
32.27677
75.08737
10.82024
2.45820
66.79893
8.79946
95.00585
67.39107
2.40938
62.79179
12.57735
91.69987
90.36350
64.77611
10.23933
73.17117
33.61426
32.26009
69.54784
30.21577
3.07035
48.60874
10.04650
15.24397
95.01505
13.01152
90.53845
96.39660
42.90863
87.66345
6.45017
39.84093
73.34284
55.14323
50.94057
16.69600
22.48944
12.92690
59.51963
29.05497
33.23839
14.79821
20.86181
91.74421
2.25179
50.42108
65.75954
56.24447
98.12176
92.21397
97.51292
59.14353
65.73490
84.93492
96.15764
42.67312
89.11325
25.41176
23.52459
75.31503
61.93039
7.93813
5.10421
56.04187
62.79443
70.03479
25.19073
60.64896
14.12958
56.67830
79.71378
47.92817
81.89290
3.35835
46.69363
27.81694
63.69001
37.39572
31.26793
58.65696
74.59242
69.90766
63.88664
79.84833
84.99785
28.92547
17.98232
17.23169
22.74399
28.15088
69.32422
33.56300
55.48552
41.44633
7.96154
25.75747
2.53156
9.46708
85.02134
59.19596
71.57040
77.98136
3.65336
14.06971
53.73735
66.07600
99.53015
0.63547
48.38266
98.15607
76.60255
97.18023
10.19044
61.58574
0.22729
42.50481
4.20752
32.88384
49.49411
12.02132
68.94639
26.40882
25.10848
56.03344
26.13692
31.45950
45.67647
18.26724
79.37289
69.04242
13.99331
62.79989
25.52400
60.72867
84.78398
11.75776
10.53944
13.89133
16.30766
89.39940
41.93964
55.73752
10.82305
74.67874
78.56408
20.40472
93.07086
87.00196
20.29611
77.69104
77.63722
19.35695
17.64545
71.76494
81.17862
48.66258
57.04361
52.37836
54.26201
28.91239
4.77143
2.63788
6.32338
75.00053
47.47033
11.90800
52.38242
38.90999
39.75502
18.75141
84.03236
21.62418
81.47601
45.12988
64.47206
60.63895
93.00220
16.67133
20.34031
25.78970
33.34623
24.25051
92.25885
68.47406
41.48623
63.04191
21.92089
73.73277
78.12498
14.30611
66.30435
94.58716
50.93840
72.29478
42.59286
58.38951
31.98203
48.65863
65.91085
38.70750
72.43318
26.26062
86.95440
82.46980
4.30072
35.06368
0.79510
25.00746
48.83778
71.82618
89.06577
16.89709
37.71399
6.17963
26.67087
78.38020
48.01321
40.07702
50.91582
49.53079
30.62148
18.26980
63.96000
40.86693
90.62153
41.76511
20.65223
22.73814
15.81678
72.96309
57.85727
56.18861
29.64229
33.19141
35.55928
74.85686
13.13728
12.58188
43.15746
78.55472
52.86190
88.58593
3.81996
20.34137
15.43628
34.30068
44.15665
12.09668
44.33405
2.46753
55.51812
4.73062
17.62269
99.27440
79.26437
12.21436
90.13174
39.00317
94.04280
19.92860
59.32729
26.95572
30.20920
68.35924
94.92629
19.74752
78.59522
30.03825
2.87277
80.78465
54.61044
53.51617
65.26797
85.31912
10.12173
60.46151
1.72687
37.09163
62.06513
71.26357
44.52979
37.71514
90.42989
39.70654
78.93242
33.22885
70.62914
21.24264
21.49447
66.56238
37.56318
4.70679
45.98585
65.59203
1.68753
96.13548
50.80481
87.79776
25.25635
11.30142
15.45317
43.87713
97.42692
13.72479
99.61134
44.89053
19.97278
30.29375
34.61750
93.70724
23.15072
92.95909
92.44173
71.77190
55.77413
71.47442
84.09607
9.64754
69.21314
92.10185
73.17099
17.90069
98.96174
49.09524
90.52928
94.89185
87.83482
21.83176
26.26580
20.88919
94.67950
63.82421
51.49550
14.23646
28.22399
7.00495
82.09501
38.30256
17.56362
4.85690
32.49646
63.20740
70.35651
58.27505
58.71647
85.54104
64.53984
13.22240
15.04518
86.68337
65.14024
40.96037
62.73334
35.83047
13.76131
83.40649
26.03135
48.38497
50.60058
79.37572
39.47951
91.99501
8.99408
78.23274
12.14824
47.29792
52.73297
45.19335
81.52099
77.33072
34.47701
56.51157
96.33040
21.78264
48.78029
97.97645
56.93603
74.37368
33.06232
69.59534
3.97649
26.75399
1.83138
28.82813
95.68004
71.07930
16.33585
52.17909
28.14724
55.35422
90.39438
31.77086
78.52369
9.14891
51.91042
34.53306
69.20377
81.09232
67.85633
60.74099
9.02785
80.07767
17.56798
27.27882
52.87867
16.57930
56.72110
70.24732
26.82406
67.77200
15.48017
74.60649
93.73197
21.33949
16.51395
56.21421
57.94986
14.14563
16.34954
21.84644
26.93597
61.87229
97.71984
65.31632
14.36090
49.26112
79.15079
71.36206
90.51715
44.49431
39.23318
34.20637
13.72837
90.98949
55.87711
23.80722
4.35865
76.50999
2.38432
4.79424
6.26950
16.20926
73.41866
41.59418
97.28850
58.34669
13.94581
18.97427
18.61780
28.12648
69.98557
44.29680
13.69534
91.43368
31.24192
67.47966
96.27132
0.90492
79.50491
12.92976
26.78333
35.58523
80.18922
4.70838
82.12416
34.21601
89.15603
74.86502
80.95129
23.30224
91.04371
26.79460
80.02973
87.79533
21.51135
34.36358
50.51026
51.52687
59.53348
87.97568
42.81801
5.72914
57.49629
75.40787
81.31613
48.24863
54.91320
88.39467
40.25582
10.04296
28.84817
92.29117
20.44462
64.11525
33.20665
4.06106
37.86890
39.15005
40.04131
17.46535
62.21149
79.52909
99.72823
54.22261
56.16618
53.31394
63.40673
99.67019
6.33247
18.94999
58.69350
2.85076
93.53073
68.53003
79.66264
12.25940
78.28841
65.60912
91.87611
11.15015
48.51468
36.92307
21.24451
89.33591
21.55380
4.66114
54.12964
36.89290
69.86098
36.34674
23.49069
30.71885
58.13556
47.40328
32.76704
9.25598
20.42576
69.66535
43.59489
50.78392
14.08023
36.76350
64.82513
91.47571
10.12461
94.66271
6.63671
87.29936
83.74690
70.12752
12.27541
88.42212
83.73991
37.14376
66.87358
0.20246
33.05336
99.67619
58.98540
47.69723
55.74668
68.81511
42.29437
47.29737
12.05655
64.52587
11.50444
20.46201
92.07778
57.76090
41.16286
91.96432
31.80968
79.70791
8.13739
21.37177
89.35937
47.49092
82.21206
97.40719
30.32834
47.32630
58.72892
15.48777
63.00425
95.04774
74.28239
33.29388
88.89892
81.51824
18.54979
33.50724
52.02212
87.15454
14.49161
32.22596
97.14244
33.40675
25.67867
66.58484
23.99423
50.90222
73.77215
25.05997
75.48167
63.29121
51.03064
31.79517
91.06692
56.64103
15.10736
0.24758
54.59955
53.72893
85.51230
77.44123
92.44403
89.55444
69.67725
44.10236
46.52951
89.40187
15.26406
46.58555
77.32531
38.02504
75.78917
27.15803
77.73959
87.68461
16.29619
63.99528
63.16212
34.39471
35.37503
99.32784
36.44608
60.16204
47.30628
82.11369
69.40232
59.92333
62.20688
74.29258
84.75490
61.16598
63.19647
53.00578
41.22849
65.34661
25.20068
56.14910
10.36844
66.29030
45.85609
71.59926
49.39696
13.58837
35.82649
50.96419
99.26345
91.89474
98.57370
40.50304
81.19941
39.36108
20.83089
90.17949
18.35428
91.01341
25.19904
67.78533
15.58351
23.65848
5.09277
36.31509
11.13361
76.87568
56.10557
74.98357
74.17577
18.35805
69.86149
13.21306
90.62157
73.60117
47.47785
1.62420
1.74991
55.95135
35.93700
12.31411
53.31940
3.58089
17.39241
11.69919
85.22599
50.57562
31.25089
76.44015
92.79807
90.22585
30.98805
89.78423
98.69059
13.78320
90.81477
58.87763
12.80671
6.52253
4.91215
21.69766
72.71073
6.72892
6.76193
39.03276
55.86138
0.47397
47.42913
79.94111
11.37937
44.40438
60.07347
35.34939
50.76886
16.04189
72.45665
19.87620
68.36735
69.04110
86.78229
1.84749
5.32188
69.62114
95.54222
81.70337
32.30737
60.70348
8.84993
55.70421
94.48567
85.43638
29.79659
45.06231
72.45885
10.43204
51.25273
18.97933
42.07687
51.47061
82.54066
0.93762
21.68436
20.80094
30.59926
18.42972
29.42420
22.68344
62.17165
75.97918
10.87175
21.26857
90.82091
18.18390
26.72254
57.50531
7.70116
15.50737
97.48664
52.52863
73.88616
34.20383
63.40974
11.97958
17.34145
36.29915
30.65902
55.75161
92.73413
31.92304
91.05954
54.23125
79.85414
86.23278
7.22330
99.53733
36.05671
79.20067
15.68776
13.23348
73.06223
45.54304
88.31562
97.32876
13.57514
8.84897
99.74865
43.77655
79.56119
79.28840
81.46982
63.88077
50.59973
83.57138
61.52320
36.19050
38.19300
84.96808
73.52015
50.60891
27.24487
52.97564
88.40900
88.02099
70.18457
66.21112
51.67453
87.59522
29.87483
9.05354
9.40724
43.20257
56.93570
28.88346
26.47251
74.39200
15.03346
48.18208
65.56717
50.85431
47.33641
53.67711
72.18518
95.16776
78.54941
9.14637
6.36465
14.24421
2.83971
7.52554
89.56954
17.25311
32.41108
25.21860
36.76618
99.02127
76.95836
90.22681
35.92414
5.52658
90.75192
25.48635
8.29978
31.22176
86.89902
67.17635
65.31756
47.61721
30.35784
12.50226
57.25954
95.31580
73.00176
29.31084
68.51409
47.47360
37.31456
84.18696
25.02241
51.66945
78.45472
82.69388
13.01325
94.59026
21.45207
59.37994
28.62640
29.55885
44.46361
94.41631
18.44796
89.54448
74.57060
43.91895
68.49629
51.17352
37.81837
69.78494
60.87241
99.49414
20.25883
30.13711
94.90734
53.12226
46.17110
0.02002
67.41701
38.07032
67.19580
34.31887
14.65560
60.16532
56.70282
77.24851
19.83030
81.76442
48.94821
34.84202
0.60043
1.13978
65.29532
43.74524
42.58343
62.18403
72.14291
85.83392
42.82155
83.62169
71.05905
49.00579
67.93849
37.08734
37.72178
57.23255
56.38469
10.33412
88.06453
42.61783
26.55624
84.92971
15.67475
31.41916
2.61013
53.30900
94.63105
71.50381
54.76033
69.35384
14.63651
33.82831
34.20980
51.85909
31.13477
55.68161
6.82312
45.01895
14.04771
22.87875
19.28049
82.33681
61.98759
12.38736
50.41038
19.38325
10.24328
10.24905
0.73228
70.39382
66.25618
33.96988
40.57067
7.04163
99.69869
45.97344
52.86129
31.08700
91.34404
4.86969
73.17945
6.13466
31.47243
89.97739
34.77703
64.53718
70.43101
67.14450
41.37078
86.97120
86.25140
54.16957
15.65357
13.11589
75.92311
67.64146
74.13212
53.45203
40.62560
73.18094
71.88107
91.04750
66.11587
47.19574
22.54721
49.10982
13.64825
88.74444
71.28775
36.10112
23.87548
83.18243
26.77254
33.04360
28.04539
75.77903
69.04873
39.73112
22.18230
25.43588
11.20202
68.12212
91.91032
33.99755
37.72120
4.06700
19.94593
12.33455
33.28163
22.90533
75.90297
3.32633
17.87695
15.76577
31.06504
87.59463
12.80720
85.82127
38.03202
23.78648
67.57704
99.39018
38.91616
50.98524
36.02964
4.84110
55.63979
15.66586
31.03344
84.90078
52.69087
20.98900
30.08851
57.84275
74.70691
16.22752
35.18439
67.35942
75.08475
0.55990
0.23712
17.28854
75.28469
34.26810
69.24171
28.43143
75.72549
21.68870
28.99629
48.07520
1.52824
71.07172
29.88504
47.53995
56.59065
19.07758
68.45676
31.59818
48.11873
94.74438
26.80762
70.99627
79.63410
26.50980
28.01676
20.93548
74.17924
71.31833
58.51013
53.96566
79.96893
48.54724
51.01732
16.33079
37.57076
3.39123
70.22619
2.91497
3.62456
71.36276
85.78497
47.08263
23.99126
1.01297
38.59178
1.01276
53.60027
76.60275
16.92569
96.72741
14.17308
96.58053
94.37928
85.38115
65.31815
10.93146
29.83581
25.51974
1.53938
35.36909
61.45849
69.57375
80.93626
89.11999
26.90191
32.10062
23.00118
75.62405
67.93483
36.78693
38.49080
56.23724
75.11814
27.51097
38.23042
82.38655
6.07826
82.53423
93.26924
52.50583
60.70883
6.87583
20.64842
89.97317
41.13528
75.79388
89.55634
40.50810
24.05140
20.38800
7.40973
33.39264
72.75221
71.09390
52.98642
30.08396
64.95739
55.61950
81.79178
44.46872
22.16276
31.20080
96.45097
20.13197
19.62756
35.35839
92.30637
44.87671
80.70049
14.56701
79.92697
75.89888
9.91960
81.70311
20.60016
77.61592
73.91896
33.19760
9.64912
50.64760
81.94745
23.14896
30.51902
44.79627
94.13338
21.39381
25.84931
34.77466
4.46839
43.86453
15.27522
72.70007
39.13027
82.68606
88.60451
33.89772
18.02072
23.91964
47.08160
69.60963
34.52566
59.03171
62.16043
74.90940
30.83844
32.20188
31.45386
27.18461
44.90425
67.76879
18.78226
84.78459
10.38296
31.11301
90.37560
40.12639
67.35572
70.14947
2.49322
96.43234
17.74086
19.25048
80.77182
72.19820
56.89417
72.46472
10.44051
54.75575
82.67730
78.60661
28.51716
73.43109
64.77511
53.72678
63.49342
80.18505
18.69092
17.17418
62.91134
49.38577
57.97823
39.92798
40.38220
8.93223
59.13928
94.31198
15.91883
80.09201
36.04703
2.86853
63.41660
32.14720
81.14564
64.58532
13.13732
30.79434
12.67389
57.84213
55.69233
96.31863
82.42286
67.44004
74.97900
47.67092
38.68158
91.12861
91.20799
94.24534
96.26469
13.31938
67.43597
73.67202
67.93303
95.22172
59.49303
32.69618
41.85921
31.72853
53.36381
83.26516
83.18413
3.36767
93.93906
6.22346
16.83617
58.35657
52.84113
26.38658
32.47367
46.20769
39.33154
22.47492
13.74373
48.92861
76.19386
26.71569
55.34065
63.87177
27.41267
84.13835
1.92889
39.99029
56.56786
30.32152
93.70270
97.24886
58.87972
84.38358
11.38120
88.91301
77.40040
42.53027
54.05942
98.31193
54.68486
79.36659
23.21671
78.07411
71.94811
29.75717
19.99866
21.58352
69.79615
85.45898
63.70575
61.72544
29.84999
57.47935
55.12572
6.03802
84.04858
47.07799
36.84971
79.27135
31.96802
74.27984
59.20296
89.54062
28.36601
58.44208
64.21126
93.98344
9.81800
62.86165
34.00375
29.81400
99.83254
28.94757
92.03164
45.08620
75.19077
65.45758
67.67878
63.71681
12.67519
23.88497
18.63875
87.68896
45.22842
90.23354
30.99598
81.50347
70.21753
75.54262
26.89411
3.86951
58.61167
79.15391
9.50820
94.83588
50.70088
0.89527
95.27251
17.09456
97.40280
65.48218
54.39536
56.75355
27.22576
60.74361
95.81740
84.74889
37.79917
19.00114
82.77763
19.07960
59.30904
17.85491
13.28881
0.42580
41.21421
25.55321
98.27938
36.81422
67.21180
5.06377
71.82374
86.71073
77.66724
6.60337
31.27166
10.74334
17.30044
71.36680
80.71963
80.84983
22.35129
67.56456
96.43513
18.90003
6.14053
10.74403
84.71809
13.73965
95.60569
19.83666
67.18846
95.37170
83.51198
64.82668
47.49242
5.74374
33.97516
96.95930
91.54801
9.74028
55.60285
1.02101
25.86518
39.64500
75.13858
69.03486
51.61628
1.30768
53.92134
27.85886
23.20025
90.49661
44.11716
17.54560
52.80543
6.51371
15.83511
71.59323
5.33927
47.25917
3.98370
21.90745
6.31891
18.23861
44.61724
50.70971
36.52042
44.42118
11.44565
12.54348
83.71260
72.11535
55.29891
37.77657
4.78639
46.59582
21.04957
29.64124
25.14838
18.57459
83.18048
96.25547
66.05349
5.42882
44.01826
87.90565
53.26860
61.64189
79.92850
15.30258
23.27193
14.65639
59.23504
79.38748
78.53779
50.53671
46.65416
56.69066
83.08278
47.60039
34.82398
15.62445
33.42197
90.54205
72.41373
49.45103
49.60888
50.60949
79.02047
51.70641
52.57628
25.36159
67.93116
52.19504
53.13100
5.58901
53.11773
52.89226
84.87717
1.40248
19.44068
75.77374
99.73148
16.76955
29.45821
91.42492
98.76969
6.20179
24.65600
89.49628
31.05180
85.13038
87.42250
84.98780
55.57264
51.81440
2.69490
38.57173
74.46652
87.45750
8.20289
31.91490
7.83849
52.43826
66.95817
9.53393
36.60859
45.47830
35.41445
70.63811
63.56712
42.44020
37.96378
88.08191
8.71721
34.25052
76.28359
82.74705
46.64759
35.90463
9.50806
42.23742
12.08512
90.66076
64.39128
86.11140
34.06201
95.66615
89.82225
10.74428
3.58459
34.90881
38.79406
63.25520
45.14427
46.06623
30.91126
13.75822
41.04449
21.96019
17.56082
38.05820
11.67792
17.56917
46.40055
4.32603
25.89881
95.00828
51.74315
21.66444
53.71095
18.35530
83.18440
65.39938
93.13939
38.05215
19.42666
78.31764
91.52919
69.90225
71.51255
38.99300
71.08093
40.10255
41.31652
80.48726
72.76321
45.04945
58.85953
19.20997
73.35886
18.33536
73.97167
3.40523
94.62797
2.93709
64.35179
64.70662
23.97047
32.09382
11.84781
73.32117
83.05095
58.61706
85.84657
26.52672
25.26759
81.34765
63.79958
63.82844
66.17562
34.54063
79.17137
69.90977
91.81283
37.36347
2.53819
0.43552
18.10335
36.79300
26.91968
91.79180
36.95070
38.96842
32.21043
10.56114
41.33645
19.63509
51.53480
64.18133
97.95781
87.25993
66.19003
66.76078
88.35499
72.90088
27.07707
38.86542
39.83983
97.11035
61.95633
91.53714
46.26045
38.59531
58.86341
77.25470
82.38148
56.80796
68.90817
38.46986
45.65530
64.90852
67.76037
82.12475
46.20930
30.86869
88.73128
55.61891
52.49051
1.63525
85.02118
46.12431
53.80266
55.83121
3.19131
27.62125
48.69381
41.93391
3.20715
77.78772
40.58561
29.61370
73.43702
22.08338
64.91035
39.86366
23.49705
61.04554
29.72522
27.00392
2.96812
25.07127
79.70438
31.19531
62.83310
94.89426
51.84351
28.37994
64.02841
49.11986
4.74854
38.71705
63.79934
57.14959
77.97921
33.99791
2.85984
4.50968
51.38968
20.10370
82.28608
26.97790
79.86278
46.66763
85.57418
63.77368
31.45841
9.52778
4.89699
55.60783
92.08704
63.41506
25.76000
82.78529
5.25444
44.17746
50.68725
58.24512
77.95988
94.17025
63.51581
78.77822
94.83127
40.99302
49.99942
15.38164
40.99075
66.43936
7.66468
83.33468
96.90968
8.60503
53.99875
65.06818
37.13389
21.46796
86.93411
4.73553
20.85082
66.76920
61.41191
47.48121
18.55304
47.42114
69.70791
47.53746
18.02018
90.35651
17.86726
84.72977
0.01550
69.01782
54.77941
20.55160
72.38738
22.32923
82.14008
30.74661
33.57827
97.04161
12.63855
20.11438
17.81870
91.08588
35.80142
89.93122
81.36953
86.52290
14.49045
49.36566
21.81476
66.68682
57.90533
57.99863
18.33676
59.08546
17.63526
98.17709
62.44126
48.41673
99.68408
95.05030
85.42170
0.88277
47.80829
67.96771
53.20619
62.13570
11.03510
86.72664
29.64267
35.28644
30.97564
65.81633
50.14141
45.47891
68.74760
66.71018
32.84344
84.18343
24.30804
72.78239
69.37304
14.44684
63.58478
23.93119
72.55724
38.04342
25.60229
72.51998
98.59925
35.97809
93.67549
39.01177
92.35901
45.24942
15.59905
3.08050
59.08147
34.10127
5.27173
43.56932
93.14423
61.94564
6.02752
75.46670
94.21702
64.87651
51.82630
21.90031
73.14612
6.89577
93.80923
25.38927
36.14307
74.09551
55.01129
57.49524
96.30348
39.45634
74.93920
52.48628
79.10087
7.78143
70.00340
11.26477
42.01117
55.88998
53.02307
36.19498
58.50952
65.18767
99.63602
1.74353
85.88835
93.95769
5.53316
18.99872
59.94121
7.25751
5.67974
69.73952
93.74401
65.59468
52.28718
14.34330
98.17023
47.04650
43.33360
43.56951
26.51328
5.79180
58.21351
54.92263
21.34705
45.52698
93.28744
47.47205
47.97985
50.77732
26.75019
60.86465
87.78405
64.87921
93.78472
91.06165
32.18044
30.68350
15.33347
28.01004
70.02532
17.88607
82.74655
57.15415
53.11710
69.28061
59.32078
58.34915
96.16696
95.03889
35.66782
59.18759
87.78731
97.79254
73.09785
93.88954
94.36737
88.99756
96.06808
13.98598
5.10878
68.92313
85.16171
49.16902
64.09311
81.76963
91.98923
81.80994
49.76762
18.98681
82.60303
86.26323
74.29994
2.22422
78.06483
33.76292
99.48042
33.37549
3.48448
11.35537
32.49471
80.63344
59.54582
66.57592
80.48929
41.79014
7.63441
90.79935
32.79504
2.91621
59.00771
98.92979
37.70406
55.88364
78.39672
85.03625
18.65292
50.62613
43.87320
6.89714
45.65102
88.45724
3.85313
31.67086
93.38813
25.18751
32.37050
33.65215
56.65988
35.80797
62.82518
4.82047
54.19466
62.66946
77.64517
50.11752
40.70805
43.78853
22.65640
10.49591
21.37017
79.42577
65.20431
68.56664
96.80132
34.21855
12.27347
25.88501
43.41037
43.15830
54.96614
73.13543
70.36668
88.04871
67.19712
3.35114
2.55964
58.29617
88.09340
27.26354
97.74499
74.70636
68.09033
93.63678
3.74811
66.49694
0.28386
43.94948
66.27452
79.14813
87.09692
25.09182
29.71105
50.14167
24.21561
23.47165
51.13946
84.22843
88.08943
33.44286
81.91505
71.45437
27.66072
13.35578
3.31354
1.66123
12.04090
1.48183
87.21308
43.32595
76.44010
89.90065
38.52514
70.46894
18.30599
52.93692
40.95770
29.18618
82.57336
27.45454
2.31282
97.39050
52.73098
0.19420
75.45451
22.22412
25.74537
46.57420
10.03347
62.06680
76.88932
53.80706
80.50157
43.04869
47.71682
46.36888
29.41082
36.34167
30.31421
33.57916
74.65901
24.10625
43.24459
25.27620
96.97184
90.24119
43.37553
52.70927
76.87294
98.62260
38.46488
57.27720
29.51771
3.06852
12.25587
72.45369
18.57400
2.16476
99.60125
98.18190
22.82615
44.27953
55.03626
61.01890
56.97521
93.05996
18.53978
95.02588
24.26590
81.38505
83.39089
29.48532
39.78928
22.02191
69.04228
22.26153
99.39156
58.78391
27.34223
55.49152
80.82316
88.82659
31.67007
14.75379
88.46663
30.47919
77.59978
54.65349
77.28077
28.12465
54.02209
6.03932
93.30263
74.68405
39.98107
99.80225
37.50071
42.82645
87.89230
66.83484
56.52755
91.28707
81.98307
44.64176
18.00785
68.84656
38.33488
22.24510
22.95922
35.64471
32.40209
67.32357
61.83464
46.63492
62.83364
0.21373
24.78694
11.80901
42.80484
12.88212
39.20999
88.65141
64.77957
28.19016
63.52276
96.23744
72.87575
71.34843
35.63337
7.58048
50.54251
34.65898
73.73476
96.61793
11.23667
62.25050
94.38794
62.08153
16.50883
73.06891
47.56466
52.83247
45.95582
50.84293
37.27285
95.74314
16.22380
90.55880
85.53154
67.22037
35.44601
57.11244
37.47209
32.49208
22.13353
97.77396
70.91625
43.05410
78.87675
2.58979
91.37525
98.30923
99.79783
71.75007
81.49988
29.90483
86.15126
59.99424
67.16304
3.56057
31.24689
12.34507
44.20395
68.49837
60.84125
39.18863
84.91716
30.99864
51.14855
36.68114
88.47373
43.35459
62.86420
75.42565
23.60733
87.82044
48.74084
45.15462
19.10214
10.10718
36.55557
15.76337
90.48115
91.96784
81.20309
0.82966
18.06785
20.00659
27.92282
40.28481
49.07056
72.41613
57.71339
49.09769
25.50735
53.05822
60.98907
38.50077
17.63240
41.45558
15.00565
48.06260
27.18481
0.35413
71.45681
66.41517
88.59067
46.38587
42.74319
23.07983
25.35282
54.20287
16.37441
61.74399
20.58493
80.82449
68.00755
82.61332
27.90256
9.35415
0.83500
93.31793
6.25494
11.04725
12.91241
75.21202
53.59577
44.44608
13.16035
36.42396
25.29203
30.87280
9.29320
33.15422
0.61199
24.18299
67.74013
75.61536
50.54767
60.18251
70.04024
83.41385
84.97443
82.80847
90.63770
36.77282
86.90831
11.82584
14.82191
25.58163
10.64765
53.07933
93.79489
87.86479
12.29757
97.99190
82.23165
92.15327
17.41957
19.74977
95.51928
62.17419
42.60932
49.34992
80.82604
99.20950
29.60306
27.22423
38.99538
93.01287
83.52900
38.93373
36.18109
98.03535
54.98688
58.89756
12.51972
37.70301
82.20109
27.48353
77.69385
90.33504
6.99419
96.46787
91.22408
80.33080
74.27636
5.24621
59.23944
85.35991
79.56639
13.52468
16.47807
8.74162
97.83874
61.77029
6.37096
90.65401
87.76189
12.79321
49.48735
41.20725
82.63025
39.37997
72.67258
60.72871
30.54512
18.69111
74.36151
13.73434
39.30904
8.58719
3.38829
82.84907
16.82011
19.12072
96.67225
46.77675
27.14834
14.72954
69.92409
49.47120
24.37420
92.70241
17.06202
81.57110
23.26092
63.87015
28.11324
34.20332
81.12158
53.90210
8.49210
72.84782
10.77623
1.69967
21.67226
64.14861
12.31166
78.55902
88.39641
93.93715
32.35719
25.30106
54.61685
67.69486
40.30255
59.87320
94.58931
81.11304
49.28509
26.85688
41.21004
7.60770
33.24687
40.38207
44.40163
23.72087
3.64848
50.18440
60.57675
79.52998
0.46893
53.81317
0.11752
73.20332
94.64001
83.59170
36.13006
34.79742
30.36483
60.10608
1.62310
85.38762
96.31935
17.77448
49.84501
95.37546
7.95769
96.86087
18.17548
28.45737
38.24013
44.65563
18.35633
9.32237
75.61578
71.24866
21.17075
71.86591
51.16238
71.82956
77.70496
19.66895
26.89904
63.49296
65.39138
17.96164
59.13574
94.29259
55.88577
87.92647
26.52114
64.42301
25.09220
73.32583
49.71112
7.76646
69.95164
80.05220
16.04763
94.65842
40.07863
50.26124
86.09428
74.54950
2.91138
52.76968
22.87674
72.28840
92.96525
2.37398
24.59905
88.99200
85.15451
77.78785
79.95396
6.97573
15.65166
97.77587
66.86335
94.43107
78.06338
12.08621
86.33216
1.88942
42.65930
89.62326
66.70312
19.13508
20.17965
17.25761
72.07452
76.49252
13.78510
38.17483
41.27682
57.38598
82.73794
92.20194
52.21525
95.08931
82.23159
56.63282
46.78235
17.18704
82.27999
40.98145
10.29721
44.04158
79.64075
8.23402
66.45519
39.52670
32.45314
59.06065
78.89769
9.09385
61.71780
2.80438
0.68337
23.49744
11.77362
80.74782
95.69146
71.80665
6.36934
2.89323
38.57405
40.83611
70.33840
35.43818
27.62936
95.25995
71.55177
41.92476
56.05877
92.06530
3.78639
86.17996
33.30575
67.71904
13.47743
30.00329
15.57161
71.13507
32.72787
44.92607
4.29968
73.26727
60.05611
74.97334
56.81972
75.99241
10.30059
35.06720
61.77315
33.50487
30.73916
75.95363
10.66983
36.69989
42.11933
31.26789
16.97370
7.52614
61.34104
19.26376
41.27684
10.74589
10.43679
18.98089
99.43754
98.16928
32.56469
10.14913
7.16499
86.92756
97.48111
31.32838
14.76346
24.66897
16.30524
99.92697
54.53652
84.18868
61.74324
82.28989
60.09036
63.97128
52.29492
83.23568
84.94567
3.21663
17.36792
27.99755
20.17468
89.39869
2.46414
46.83703
12.05043
60.61845
95.22098
23.88591
14.12112
59.24610
39.18796
71.16090
39.12317
48.37881
75.72378
11.47408
7.51178
25.60000
29.18171
30.58430
83.32251
13.28613
95.46978
53.65501
49.15532
2.28002
39.91649
10.64470
54.11756
20.32437
31.39003
32.11443
75.94306
35.28844
45.34471
36.25137
67.71141
91.50617
54.72692
41.45229
21.61913
89.59750
12.44128
68.58638
57.67745
43.97782
48.28868
79.55252
14.86766
36.50879
90.63038
97.08467
50.28223
76.45035
48.33697
2.35997
67.92173
79.46036
90.84173
72.04351
71.82087
28.64525
79.15210
95.53766
39.88348
34.81519
63.20231
55.49268
97.34895
11.37178
65.80783
12.36991
88.96634
94.12530
98.20648
20.52440
79.09484
70.88302
41.75579
87.67938
33.86635
56.06470
95.27269
81.78866
95.73440
72.12092
55.27681
18.82459
51.76571
63.21836
77.76804
61.82403
76.16437
90.08488
35.87949
70.83191
3.95609
40.88444
22.24798
26.53034
4.92311
45.07321
26.30097
36.74055
2.82572
42.60047
27.04686
66.18801
19.11970
66.75789
19.49183
79.12099
7.19800
97.81252
73.32186
97.41020
96.08962
59.29103
49.09845
31.78235
0.45292
93.65645
88.67250
16.37532
89.63988
61.53695
77.73171
56.99555
82.88987
61.70551
59.72459
33.64931
89.99917
74.87479
86.54908
76.52467
22.44741
3.46012
83.33360
4.27369
82.69296
27.33208
76.64534
34.05237
38.58895
35.34852
34.31963
2.58016
78.15823
40.72067
28.92965
88.63874
77.73750
52.15965
38.01556
83.49805
44.27280
54.19509
84.66841
3.08450
39.53406
28.79210
71.14172
33.15003
22.19329
79.99850
59.39234
83.22437
13.73947
50.30450
79.18786
34.57347
81.06256
67.84985
90.99996
73.44771
35.14167
73.12102
68.77661
14.49653
1.74261
30.79128
25.01575
32.54935
62.35871
49.88745
99.03701
35.99604
64.30738
27.53858
3.98438
35.27022
2.13893
89.42956
77.66064
81.48397
81.65979
87.90826
7.08764
37.94960
49.65800
35.90327
72.24034
91.50272
23.10650
7.16306
36.27659
67.32575
94.65121
39.15584
45.40011
22.25870
22.14267
52.12762
81.34871
11.23143
41.77580
76.57424
86.18145
48.03268
92.32734
75.80205
3.61697
27.47417
13.57992
93.49163
85.27220
91.56550
43.15017
74.13152
50.70296
93.55651
18.32051
94.28882
87.92736
68.43410
58.73967
53.17684
73.33049
71.46864
31.74968
23.12603
27.60285
37.36503
89.13899
45.05763
71.83170
91.26659
14.39245
4.80388
94.62578
38.53997
81.17534
65.47075
48.24617
75.77346
10.54458
76.20775
44.67364
19.73581
9.76535
17.63228
60.56747
33.49053
13.25659
42.01646
2.38541
10.66034
93.43531
10.89579
17.03024
73.70586
88.94090
25.18198
97.89415
26.64726
55.98445
34.96134
81.00849
8.70605
88.09410
24.57030
70.26684
87.09216
12.50700
10.71512
86.23928
35.70008
67.13445
50.61798
46.42558
2.19788
62.48168
67.04132
28.46775
94.87254
91.12638
73.89045
66.05395
24.94935
16.84015
94.99497
37.27524
9.82081
2.71466
63.00247
61.59230
88.39029
97.14302
67.52687
13.86165
99.01873
21.56538
29.69729
39.87952
73.27004
56.88190
85.82624
69.31983
1.03838
58.69255
96.17722
30.65339
34.17834
21.15661
67.31699
75.10759
16.33316
56.46729
35.23161
37.96216
91.47040
60.94125
34.86637
27.97322
97.13526
69.44037
15.79121
62.26499
0.82238
84.01104
23.86876
97.61031
81.60932
74.80048
7.31829
7.27645
26.40587
35.34493
90.57805
5.54727
49.79834
8.96183
59.69770
3.59446
28.94747
7.66865
69.30109
55.80403
86.68348
14.79528
41.24697
89.32803
96.68007
58.25687
49.38569
35.47839
81.00285
66.74339
17.18126
83.68699
78.21423
27.04465
64.44101
44.91412
76.42751
86.61858
92.68264
93.67375
22.72632
47.70235
63.01175
8.97571
26.68217
19.65131
84.14789
57.63662
40.35667
75.66782
72.95018
48.86729
60.77442
7.94478
11.34169
20.31114
36.03907
58.18287
60.24627
75.18760
25.75797
62.73888
7.70271
98.42377
98.29714
82.58031
1.05358
83.47213
22.18945
20.47182
39.40483
64.67807
4.25389
11.80612
14.41897
94.97434
86.54808
68.99264
77.80289
36.21706
30.95939
5.79255
79.15457
87.90751
78.98730
66.88313
83.76036
93.63520
88.64816
29.43382
82.88805
1.48836
28.52648
76.12136
27.44246
84.40033
7.84002
37.78708
33.75766
98.79212
69.30003
33.18694
57.36551
44.38745
50.28751
32.53749
10.04480
27.06419
46.74395
62.86252
43.98867
24.04813
2.78971
45.91233
49.33305
41.91747
74.75888
78.02922
29.57810
13.11239
32.60053
69.69185
23.96413
89.09402
37.97305
73.25468
20.72212
2.55280
76.52090
43.59933
15.44610
60.49736
46.25604
58.87359
30.80065
11.21052
89.23462
79.52762
79.13998
55.98380
73.17504
79.12387
98.88297
56.91672
28.68470
20.08778
23.19735
46.84169
95.02211
69.23610
0.34787
98.29193
42.62070
52.30018
87.30688
70.03420
11.85349
67.85676
89.55174
63.12176
69.29353
97.20339
42.25979
13.11071
32.79010
47.41663
78.72351
38.49822
41.85004
81.59073
42.68377
39.70541
71.16537
36.01488
17.67701
95.68115
19.36963
76.05039
95.46909
73.65624
77.75427
13.16953
5.90868
7.02640
25.33560
9.33089
6.18200
3.05117
64.41495
20.90430
29.62825
36.47628
32.83944
68.02641
12.46616
11.86683
72.33948
1.26933
15.07537
70.29645
41.01048
49.48832
50.52271
61.03821
72.03411
70.40306
27.40117
89.45630
32.03973
2.42551
40.93100
60.39653
12.21173
5.42712
90.89393
24.56005
4.36974
62.37720
21.45945
97.84164
90.45766
47.07729
28.65328
38.22784
64.52744
83.09169
70.06695
12.37520
11.68949
31.41416
40.83023
0.31102
35.34106
7.67256
61.26682
48.21425
54.79057
71.82837
92.24872
15.43911
84.99737
55.04856
75.80905
81.10990
1.98672
1.15148
22.23906
45.97702
27.58045
73.17832
65.69859
28.69348
71.86093
68.90110
46.23935
95.89629
82.63027
29.78826
68.60201
93.26481
4.10917
87.13151
95.28440
48.92709
47.63383
95.25657
54.32144
73.45498
56.96485
49.65766
33.32276
7.51162
22.72305
61.08163
46.57278
70.91079
87.91238
52.76581
86.91284
23.10764
49.93956
31.78762
98.40730
68.94439
14.42617
34.03397
74.54925
87.08029
43.18660
9.56961
96.00827
82.96489
98.11326
35.04955
83.31757
10.49748
10.65888
26.20696
40.35582
60.81805
46.73807
27.49711
32.76160
73.76268
88.16770
90.22881
94.15340
72.84679
13.87838
89.40672
47.26731
26.29208
61.86456
52.59975
98.88928
72.80733
47.82645
90.31910
14.98095
74.59660
79.00243
30.33103
48.85343
38.64660
30.42565
63.95124
77.76462
93.71222
32.61319
46.53922
50.32698
76.46259
62.66211
40.78293
75.53589
96.11784
10.74158
84.10049
21.64479
6.78543
91.73158
78.71832
65.12862
82.04922
80.22431
92.93955
63.19720
58.72379
29.65456
50.45997
12.31141
66.11084
99.82639
18.96933
52.57604
88.74763
62.95730
31.03187
72.83624
27.21383
33.47443
54.76580
88.05016
18.11395
14.42284
37.75002
64.38343
11.81765
39.94060
50.03658
0.74542
81.03430
54.97564
21.82185
92.53683
68.25339
84.57401
87.59825
23.78778
4.03227
54.98616
18.12410
39.16815
51.33952
47.80527
3.64238
65.57791
28.71917
10.73622
11.97781
20.23942
99.78364
83.34916
2.00016
79.45501
50.64709
70.72066
89.94656
3.30273
66.89006
37.01600
62.08763
60.29055
19.62739
40.68319
90.56888
94.49680
77.28242
98.78695
51.63076
93.81704
95.74312
50.28277
33.83176
84.52816
24.97711
73.58492
5.80452
60.03915
92.82805
64.68164
66.04443
15.44225
6.09102
94.41658
20.95696
64.61692
73.61645
67.90357
67.99864
97.58863
14.63739
50.62503
57.09853
54.61558
39.65088
0.61079
53.39281
49.10047
58.68655
13.28770
62.33017
31.16734
20.40185
40.82071
75.48888
6.77622
88.32587
13.59634
41.03133
19.91495
91.25940
15.41662
96.61937
12.17650
66.63643
41.13867
17.44548
10.60005
48.01403
99.22645
56.69700
31.15693
2.99475
92.39944
22.70175
49.65662
18.76944
84.67087
16.58471
83.45566
77.17416
25.07497
45.15885
95.04242
1.67423
62.57615
4.07694
48.11508
14.13838
8.05797
29.36208
15.74705
54.85312
70.52712
85.43059
4.34990
63.73217
21.58778
92.54003
12.24038
78.92261
37.96375
26.95974
97.33969
28.53944
46.53500
57.03272
97.14628
90.24551
43.50711
63.70799
95.70198
26.93664
58.27456
1.84606
21.69003
66.35600
72.06681
36.74828
51.67620
39.46759
15.39781
93.48224
86.88980
1.90749
83.33561
77.77199
81.20044
46.10614
73.36451
94.26500
14.90056
97.04374
47.33054
19.65566
12.03765
55.59389
82.81631
34.69485
91.31824
26.58006
66.11226
66.79924
53.33920
46.57158
83.46161
0.37746
6.35712
99.41177
82.04429
65.15602
1.89901
46.86208
85.71051
94.16901
97.93796
1.54352
4.77355
44.14167
34.51925
69.01880
3.52969
46.55067
46.88446
53.37210
11.87938
98.88284
95.12004
82.05382
73.96815
93.79414
30.52433
43.30765
28.38995
94.70150
6.56895
8.46520
88.73809
3.17169
90.79843
98.48084
29.36504
93.87995
46.30441
96.02513
63.04572
17.28999
70.75669
61.07898
26.90471
11.13296
63.42092
87.02864
57.55119
44.02560
6.11595
75.64990
72.24520
83.67768
59.16647
18.28059
89.62494
81.13361
40.37202
67.27242
40.48444
19.19360
41.59921
87.22006
94.35867
28.44519
41.43248
56.89510
73.11343
36.77416
52.46568
5.45990
28.37204
63.36645
5.74789
69.32065
36.36952
57.49689
40.06608
31.87364
71.97770
18.08196
9.67995
68.84579
31.71239
65.42340
81.83377
56.11241
28.16769
52.97193
20.26662
22.01481
9.92027
60.75140
36.97712
87.59360
16.95181
1.80932
89.00129
74.01168
33.60437
71.93292
34.51922
14.70842
20.80676
40.63892
8.68722
15.28555
12.11649
57.73713
61.18629
32.03400
51.23910
58.97521
37.01499
82.15028
39.69140
60.03969
83.87495
48.09035
56.07941
50.94822
24.34869
21.60263
70.53143
67.21171
85.94682
33.91168
51.41122
82.41524
4.59801
27.77507
74.75566
39.85756
22.23156
60.29270
31.45158
88.27170
26.18336
78.82674
22.97362
31.16396
82.78213
73.01561
0.11769
88.26791
95.71282
10.24886
15.64879
72.72690
83.34018
56.98776
56.35021
57.82253
82.42410
23.47217
34.77158
93.38545
7.65036
15.78311
83.02983
65.63955
80.12911
5.28327
29.95763
23.41390
19.63740
15.56396
54.33015
12.22801
74.55713
96.63899
71.77514
95.54526
66.07060
9.84399
61.93921
55.88890
47.11098
62.40073
40.70228
23.02270
26.79042
85.55502
20.31267
54.35840
53.34587
0.00615
79.00067
94.39716
10.34390
20.16852
4.97618
17.12038
70.52610
17.77286
89.98040
93.03154
28.99333
44.08508
33.16657
80.20871
3.50682
6.05464
15.28182
41.67966
85.62732
11.07761
16.71042
20.30313
69.41056
55.05604
77.20189
91.10995
37.24042
99.93287
80.31023
91.34518
44.56479
70.47595
84.21427
40.07382
56.55834
52.44097
60.23755
36.46057
94.79414
38.87825
67.80371
51.12406
79.48570
32.55834
41.33810
43.00831
44.61677
84.94257
87.45283
95.68959
2.57526
13.66993
1.96299
71.70890
27.96314
1.40010
20.63205
20.47014
22.93540
73.50759
29.53338
10.96922
75.08494
57.39974
41.63313
98.75374
96.53307
92.23693
45.54124
41.28258
40.75593
0.94634
2.92761
97.57042
49.30477
57.33291
48.48014
21.68985
16.97694
91.55094
48.87784
82.14693
39.37557
96.63526
76.47757
88.17761
52.85043
35.28565
78.19853
6.00583
13.61511
38.18963
95.28642
42.46729
36.04964
81.84981
97.78069
50.32556
91.78827
31.11598
91.93330
42.49907
99.01223
91.00367
5.53818
74.56982
29.88168
37.42291
39.57401
5.12035
48.40765
13.51989
60.82003
84.97142
91.53745
11.18958
89.49636
51.21121
51.32344
48.09622
68.32152
74.05244
53.81301
23.79277
0.86762
92.90964
78.66422
50.28448
58.71244
91.60285
72.42517
17.11588
38.02194
4.58052
21.21888
74.78991
57.79412
92.83165
85.90291
20.55155
93.65573
87.03237
67.81632
59.78197
29.64635
52.19986
12.47342
73.17082
83.09569
30.77914
39.95625
95.07766
5.06198
17.97890
1.48331
65.23911
9.13066
41.46565
66.53314
90.55874
8.49134
92.43004
40.29191
34.39729
20.26363
93.95090
98.41166
69.93445
7.19207
85.75440
96.73146
60.42871
88.11304
91.89054
21.54496
34.02653
6.68391
64.41240
5.98860
44.97084
7.64882
21.97703
13.69767
80.53310
6.19021
83.95731
76.50368
67.44829
37.39670
70.47250
67.21391
4.74631
73.06796
2.80026
93.44355
80.47277
77.91341
10.49559
23.47052
0.16120
22.35482
23.37627
50.15603
97.05103
68.41274
90.70985
36.54695
91.33444
52.07987
8.11442
24.06142
19.38854
0.94639
74.19848
71.98714
70.03377
76.57843
94.53525
8.99462
21.29559
72.17625
53.40027
16.57232
85.29899
18.90691
99.01497
73.30139
90.68626
31.45918
79.40338
16.28665
76.31351
76.08476
67.04658
11.15309
38.97321
21.23246
58.75030
29.71822
69.25140
95.56535
19.98153
66.88985
22.39089
43.69872
88.33288
66.57601
89.71304
52.83309
90.13265
28.80820
38.48325
85.70446
33.89180
45.39741
94.92035
51.94306
94.94545
30.19202
40.70326
12.59776
38.08860
35.72733
2.11025
69.13047
95.37648
89.88799
0.76509
82.27020
64.32229
32.19968
31.00483
17.43011
42.16474
55.23107
72.84198
86.85748
17.96289
73.99561
59.35907
17.46699
76.77997
60.65139
16.18313
73.10960
25.48704
92.02895
33.06288
22.80688
27.04371
47.87427
55.16766
89.27456
70.86941
51.42308
69.78460
12.34678
81.31826
95.17426
74.05567
48.37998
70.42423
10.34750
8.41928
31.11978
44.83217
80.34581
10.24205
3.15145
19.34449
87.74472
59.92898
22.47399
87.97876
51.16703
53.15578
12.44453
28.74689
51.60895
46.00300
76.68100
88.37770
94.55593
40.53837
53.98261
62.16022
27.31377
84.08601
9.74251
7.28086
95.28391
81.51449
24.68816
50.47603
95.75495
28.59189
93.45076
71.54835
42.53388
44.65061
17.18760
95.36173
97.60356
72.65839
5.34431
66.03738
41.86368
8.53235
46.12523
12.28264
45.78622
14.51442
80.76024
32.19449
62.75557
25.77736
21.42798
48.78871
97.23809
17.85374
39.67272
19.74170
33.50012
54.85525
15.76129
44.06652
45.16555
45.65109
35.16886
65.81056
74.62573
84.20609
83.19547
0.98809
82.73020
57.32254
22.08433
14.79509
67.40063
69.60977
77.27691
57.40681
42.71437
47.10087
6.23837
99.37044
38.90670
16.43340
43.50885
48.66838
85.87320
54.72156
43.47238
43.30338
17.23071
55.29576
63.32301
37.71953
74.66896
90.32027
54.93155
8.06319
19.29869
71.18621
39.45801
73.40566
23.68196
13.62991
39.48831
84.89443
62.79547
38.64299
94.58432
10.48240
97.69899
40.13984
8.21738
34.27147
89.90094
4.54273
36.27943
59.14871
13.64077
63.88080
63.73785
71.56821
83.30165
94.27246
85.75531
44.66925
91.28906
52.83944
27.61862
38.47945
26.34129
76.81747
42.82634
20.58179
56.00045
98.19947
90.66803
18.53599
58.78601
55.31442
99.63511
21.48420
58.89003
72.52503
58.85121
91.38271
49.77106
89.74055
41.68483
28.11134
99.07689
18.32359
75.08917
97.93709
38.84768
15.06611
8.20099
30.49997
78.88646
64.16388
84.79932
8.18122
23.42322
79.50994
9.62712
4.82145
26.76322
95.64538
89.87953
52.31342
6.77762
73.74116
50.62492
29.91782
10.22630
40.08189
92.02531
63.99554
4.80443
34.25973
90.92646
25.81768
34.25773
74.17096
76.02211
80.60194
21.17306
92.33637
67.22457
65.88066
77.91624
61.88725
53.21643
80.78971
17.85182
33.87841
28.12407
4.63292
86.66907
65.22115
44.31409
39.94089
52.45358
2.56095
33.83873
81.85349
39.85635
89.87972
47.59161
54.11220
94.79579
15.65736
75.21298
21.78497
14.75640
84.80189
52.59254
42.17417
74.25837
98.00541
85.16595
22.67688
89.67117
48.58370
74.77877
1.00353
8.76680
80.58458
46.47844
22.22406
10.66031
61.90075
6.86871
23.48154
18.57992
70.71019
88.73347
38.06499
42.27021
64.18329
28.42889
67.62160
65.68588
99.96815
28.76414
34.82729
88.87708
28.72184
91.22497
60.33462
65.10460
64.46221
73.66759
88.95229
72.64141
33.48570
96.82387
16.29575
98.83112
59.69162
56.33785
88.11902
29.96939
37.95892
52.34826
98.57062
2.91389
35.84932
80.70853
22.22980
17.89453
73.71445
78.45237
38.54312
49.85957
32.16401
45.74792
3.03314
14.10093
42.05654
24.54631
84.51589
7.36106
87.40579
6.09247
43.98946
80.94912
89.09572
60.81479
10.39584
40.54246
68.47370
16.52339
15.67279
72.35694
56.55056
43.90427
76.32936
99.35155
53.74701
8.09366
72.35826
20.50847
50.28871
16.95126
85.99365
43.59165
67.10662
35.97043
82.33840
96.08697
11.07781
10.25116
20.50272
48.17483
73.28561
95.03966
71.83193
36.73128
17.95444
53.39411
44.08194
96.75788
23.02497
39.59061
91.19544
81.67306
69.15016
54.39766
76.22755
1.63540
52.54120
6.50034
51.22669
90.15066
49.92809
6.03601
10.20279
39.14351
9.61758
53.19160
66.26391
31.80088
2.47101
81.57871
88.18789
67.63606
51.77693
9.19080
82.96751
81.82141
41.50625
50.54682
36.52800
31.86846
57.73733
86.35358
9.51758
69.79348
29.43750
54.55133
48.39298
96.49221
73.74022
37.78857
70.61142
69.87073
50.19227
29.70415
18.87487
42.34813
1.03476
88.18926
53.83832
80.91641
61.23484
29.10679
23.09470
99.52183
5.47723
30.35983
34.72559
84.63016
38.05934
98.66209
19.39237
91.49663
25.87289
59.64883
70.13769
85.26028
61.56240
13.31104
32.88891
94.68653
85.78032
68.49032
78.03921
36.47891
50.21308
21.70062
47.11324
67.74014
85.46256
90.78834
89.86306
28.72999
38.99709
81.14666
45.17166
65.96201
84.17748
29.64989
70.56969
1.90829
13.98589
91.11217
99.15913
30.49188
97.21888
62.99206
21.71088
84.07171
17.33019
58.14317
89.20693
48.41010
12.09854
82.98136
46.16396
42.03247
7.44478
47.27153
81.19399
21.87074
8.54763
50.93442
38.04281
37.51928
11.04107
68.71168
29.57027
82.28534
39.30884
98.03996
24.86644
66.14684
18.98886
52.58045
3.87228
85.37256
6.78425
42.62875
23.86506
12.06794
41.22543
45.01945
94.34293
97.65116
23.62282
66.73146
30.38936
18.50749
48.73266
28.75356
39.40399
7.61357
55.03469
80.92841
18.20915
53.79357
24.81036
30.42333
19.36100
31.92704
76.58648
30.44170
3.23310
20.56196
96.44276
36.49191
18.75129
44.27053
48.20670
7.68259
41.52343
16.29366
15.36810
44.65874
15.02871
96.11645
12.35168
21.98827
26.95510
93.53914
37.90256
10.43136
80.05870
59.53796
57.27273
88.07084
18.03115
69.82588
87.94388
86.06422
79.63279
78.86340
81.10058
1.33540
8.41767
19.19323
79.24048
62.19336
30.57950
55.56064
36.35985
82.16122
29.44746
53.04087
69.58945
12.86475
8.46755
88.68118
60.01319
39.21014
26.93130
27.23215
21.90988
52.58014
40.98209
4.40504
42.06417
46.17008
50.36526
73.02230
7.56115
43.73136
10.30692
21.62569
9.73454
53.79046
80.15391
20.24855
98.69247
9.52080
92.65011
18.96832
88.60271
18.18974
15.93333
65.74358
62.58577
2.37241
83.94337
97.81704
87.73106
17.37083
78.41827
11.29587
14.38681
47.91967
1.95266
10.46715
85.68451
89.66962
85.10621
18.27950
68.09631
66.72509
18.45912
62.94808
40.90226
55.59646
94.25711
25.08228
35.56497
43.83672
65.52622
37.05894
8.64852
85.44373
77.20101
78.73860
63.64576
60.88990
56.37483
36.33736
9.09826
4.39112
62.63656
60.97041
90.30253
23.69353
99.92622
96.50107
96.34477
75.22514
36.03859
63.52309
22.68223
31.20977
0.98609
67.36466
45.23496
2.26082
79.23949
5.68081
20.90175
2.13143
22.79068
29.78756
62.14302
99.35629
78.95895
42.74623
33.60578
2.59835
6.14096
42.98367
46.45353
64.41553
70.29346
48.99849
64.55776
63.20940
68.06658
59.81483
46.80659
81.32720
7.30814
42.05386
36.94427
84.70594
77.35919
0.36868
63.38870
65.66769
86.95297
34.88987
27.61363
15.09190
92.65343
33.99621
24.22577
73.68070
45.58388
1.43649
0.76329
41.39998
4.17851
25.57477
56.46705
32.63063
89.63281
46.18314
39.84985
53.89617
32.48590
22.83546
77.29838
30.53650
43.89169
33.21900
9.86249
3.53010
51.28764
57.83144
42.63403
88.10796
53.50991
76.44056
34.28193
46.60487
40.66976
61.54738
53.92055
24.06227
28.42299
40.15644
98.02285
97.97695
92.32859
23.97991
6.47396
48.01516
2.91562
14.04391
28.85361
73.33611
10.09439
68.27791
48.79074
21.70986
64.69953
49.13993
56.71252
99.08629
42.86471
64.45611
8.45401
14.77749
77.87140
31.56690
9.65903
66.67511
37.40700
78.40035
68.42216
12.81855
59.92490
42.64486
22.48565
32.47936
84.25598
33.29050
24.07802
85.72322
67.10202
47.34693
49.63188
9.38950
69.79581
12.42009
19.69903
81.98744
43.89438
63.63876
78.27662
13.71422
68.13612
37.04898
42.78199
83.18377
2.87210
85.77233
88.19222
30.97475
30.71516
84.47935
17.19358
60.29429
32.58044
58.59863
35.52245
8.82459
79.97462
68.54657
38.37303
54.62171
41.86685
56.38771
30.79926
78.80764
70.47789
8.96202
6.69033
4.74980
80.73211
70.22728
71.68669
35.93133
37.17144
4.50140
73.09995
20.51776
87.43143
18.94702
47.24260
73.60895
9.07296
90.43269
80.30052
13.41358
5.04400
16.46143
41.15497
53.86048
24.15168
6.94409
51.53414
3.48348
10.98263
25.93179
21.64777
28.08354
61.21405
92.85665
1.91571
36.99457
75.24235
28.54714
87.66920
56.84961
29.68581
33.56683
29.37677
24.22548
66.14335
75.62029
