64.29129
49.00821
55.59522
76.70351
86.30549
25.82700
13.46099
54.08654
29.74736
45.20739
13.71930
12.70906
70.26506
43.68597
97.81799
21.33789
10.40957
36.67607
70.79809
46.35323
73.59244
7.70464
58.14885
97.90008
45.91989
33.76089
14.36639
82.03494
67.69942
17.10474
10.12583
89.69893
4.20510
22.89490
58.82862
38.03892
26.19271
5.87767
94.65550
76.26765
38.48038
38.02273
28.89820
34.17438
89.05946
10.51199
99.56058
95.38271
27.75807
27.75616
8.33397
16.89750
44.68066
10.73238
97.97884
85.91918
43.97384
83.06398
46.91334
69.66916
3.59542
89.60632
20.94942
8.46408
84.65802
34.06121
97.26357
67.70817
42.19197
76.92096
30.31949
86.70921
60.68844
78.87996
9.66848
99.06374
71.26692
16.13921
61.25814
88.44030
71.50890
6.02673
11.58359
53.86327
53.97139
52.23210
23.45521
73.09853
98.41326
96.44636
80.57859
31.72273
20.84576
28.51175
92.37350
31.94059
35.77904
37.38843
66.86788
10.97431
84.70779
1.17106
22.13596
35.01297
18.83581
87.90745
56.80650
51.44736
74.44600
13.40312
4.41483
99.92102
64.82234
68.09161
95.38587
73.63756
58.17644
17.00921
16.46217
90.54710
5.16895
94.73927
14.20518
83.26265
83.74546
25.45101
34.51980
69.70778
96.26089
22.92813
52.30196
22.78510
3.06891
30.69973
62.09296
82.21147
6.32875
7.49715
27.42280
29.08989
4.02293
56.68340
27.67204
44.58882
15.02461
98.90490
98.96888
11.39975
50.05737
45.36857
53.29627
49.39449
81.46644
8.49686
0.50556
59.43637
85.75359
73.20811
1.86158
79.77528
10.58714
12.96015
21.38149
48.60626
95.72721
32.25434
49.21525
83.27009
55.67786
48.32231
33.33515
1.81789
28.09178
81.52458
34.30572
96.54015
57.54462
50.53212
29.08475
31.03244
44.72878
44.48806
95.77849
25.00319
39.66713
93.56843
95.03079
12.21469
66.90609
13.34884
35.53169
61.48104
5.67223
81.21319
89.56412
59.08363
37.20176
82.87567
13.15916
51.34148
93.34708
52.32997
17.28923
42.74501
51.15821
44.33019
18.40426
57.37144
0.35752
14.74574
81.03552
38.29284
14.01803
0.02692
56.33917
11.29133
69.86653
79.08069
30.80510
80.52640
46.14236
94.79899
30.65706
35.17441
33.30330
50.41377
75.36181
96.33364
64.52583
93.42027
86.33587
32.93844
67.87259
48.15987
43.47282
23.11371
95.78537
64.12256
56.79269
57.25725
5.89339
30.48952
81.40805
98.57526
25.22644
16.16153
52.75245
87.70032
33.85135
23.63261
74.55151
56.18715
44.38647
58.06703
52.54015
18.47499
91.27493
74.63758
23.41261
16.94598
96.75571
46.86871
38.06701
58.07463
43.26094
74.98681
87.27727
75.31156
1.57049
30.46483
44.33501
36.01317
75.76791
43.63857
89.45904
77.77776
72.00096
64.44572
76.06089
60.60147
88.42966
49.07743
19.44439
52.30493
85.16106
49.48469
83.02750
31.32506
72.60243
79.82765
28.42194
11.20724
85.15219
44.75256
41.64092
75.16770
20.93983
93.90269
32.91480
83.61839
30.13043
61.52726
99.62569
83.27903
11.93448
24.55469
61.59980
3.41147
12.58138
39.97294
0.84185
14.93365
57.11323
23.74222
73.89084
7.91490
35.82315
12.40656
7.67423
37.46063
74.77996
21.83130
90.38729
14.39585
31.62084
53.10897
24.51108
13.43746
50.43940
60.13244
85.62287
68.74100
32.52961
6.59736
30.61566
33.93637
67.40341
75.83729
57.92727
66.57016
59.73009
86.40558
96.46235
48.04529
54.15783
51.76659
34.84486
39.96166
28.59541
50.35980
22.54669
94.93744
70.77734
86.19390
85.58621
52.20105
41.80220
63.13259
16.96934
27.16510
85.78517
23.43227
12.23601
62.18590
4.25850
3.83218
86.38606
9.88746
28.81135
39.01302
3.62540
84.25177
48.83440
36.11915
27.65914
37.50645
50.24855
44.05999
73.79723
92.99186
86.05647
49.39826
72.62264
84.53414
26.42552
67.79003
21.66013
46.55516
41.56448
34.02920
93.17204
6.93427
21.75483
73.28441
70.25905
83.27853
20.09723
91.39962
46.26226
2.91111
84.64007
20.33879
60.78953
7.55824
9.80453
81.09265
95.12684
54.55305
20.69719
70.68954
71.91410
82.10638
66.17838
52.16311
52.56153
10.25049
85.93998
34.77075
57.99473
69.66219
53.94574
55.40360
19.52326
4.08266
4.48328
56.92773
54.08248
20.44027
28.48595
47.32087
68.54215
59.33266
71.30197
17.65776
23.43857
46.39057
32.44943
9.12088
74.65794
26.37613
2.94065
87.51808
58.60835
70.85646
60.07680
45.58096
78.98221
12.51073
19.05165
47.63857
68.50831
76.52061
72.27104
71.00267
17.54684
44.58832
23.13997
23.04380
43.00126
52.86308
62.59708
10.33822
87.83553
28.99633
12.16933
66.16111
29.32624
54.89765
70.63195
99.30137
95.70231
63.98496
73.97114
86.66734
41.47121
11.08148
85.79952
15.49960
87.28521
1.16461
99.28777
81.26274
10.00377
70.38079
60.20018
52.17084
65.28674
19.57306
2.86053
97.90115
92.70462
86.68871
64.52851
20.23609
92.07035
5.78241
5.43089
8.60513
29.37877
55.09468
29.73655
15.82157
36.07291
95.60099
68.93929
96.96200
85.82059
71.03879
9.53003
76.93544
58.64794
28.81833
56.55652
86.96584
6.34953
97.89139
61.15796
81.62303
37.77184
22.40231
9.59975
74.31628
57.64061
58.91842
58.33947
50.86533
29.52264
28.67886
40.16312
52.16854
77.87262
39.33665
56.08813
30.60627
64.95965
37.34436
54.49794
11.55526
7.23702
43.37341
66.33365
72.84161
47.45786
15.89829
97.74474
3.85660
46.35995
78.82121
88.87714
67.19118
44.32702
72.64682
7.51421
22.78156
64.60502
79.12217
38.91525
97.57515
63.76874
80.58769
24.44638
67.62175
19.39077
7.96041
26.94647
79.80115
87.88187
2.33633
60.71406
89.22011
24.18490
93.01459
80.72042
13.88488
38.55827
97.35285
19.01430
9.22748
93.80580
54.56320
5.65402
23.00731
82.67671
86.96800
22.15871
28.93699
80.85883
72.32185
44.76016
48.77545
30.32392
80.80799
70.10137
63.16515
90.35077
6.08093
53.84239
42.31653
53.62335
66.50839
58.93509
5.13889
31.04860
17.79678
15.22188
23.18318
31.43413
30.88500
81.34252
58.32581
93.89996
56.89669
33.53263
10.25746
53.71021
43.48842
11.26509
96.93439
27.79364
97.10807
23.14919
75.46870
23.46568
64.82857
2.59231
23.22045
53.94304
56.02997
9.05383
70.61713
73.17773
65.95136
21.33861
96.16496
31.64777
18.78686
92.16340
70.08470
54.06529
90.00972
17.45070
64.07581
81.44585
76.05167
33.60715
38.85938
17.32207
19.97874
14.46322
37.44181
52.92256
16.74593
57.21189
64.52582
32.58676
86.50568
76.90854
25.55509
60.46930
25.11761
17.86175
1.41325
84.49296
67.09361
9.74963
98.23351
16.68236
94.43948
78.83841
83.59243
43.41983
69.17004
28.10660
67.12280
34.00493
27.32609
66.25564
46.40832
91.63554
40.95861
88.53716
87.94654
32.95737
25.19518
66.81478
72.39082
67.21996
86.15188
83.32907
36.67430
38.40408
50.49434
84.98497
29.11753
10.94280
26.65260
79.03790
43.98144
5.91821
40.49999
68.06892
16.59774
7.81821
94.41455
54.53556
79.21973
96.92075
22.82861
68.53323
56.36298
25.71370
5.13433
96.60939
72.25511
16.64166
37.10527
90.37248
94.74187
59.84701
44.57387
58.16050
96.67646
37.03925
74.65559
19.53656
92.39693
27.67942
26.80845
45.10153
38.79079
32.95778
73.69418
64.56951
68.45398
77.91918
12.80971
1.13757
3.34250
69.61897
68.65648
19.58720
15.18022
21.10750
49.11851
86.67992
9.35156
54.10229
2.48004
4.47741
66.48703
72.30029
44.50033
40.87243
4.94501
32.00941
98.63979
79.36019
32.00248
41.60225
82.08358
22.67777
78.30238
3.92936
95.93826
57.06195
0.61530
26.83136
1.72602
45.73340
22.74956
45.98452
60.67325
48.91853
74.33470
32.02163
65.59162
19.73211
25.37158
53.55651
63.23305
73.06753
12.46815
6.39874
70.07715
60.77196
14.20085
27.96821
46.44342
5.64547
33.86225
77.23636
61.95618
96.75667
85.97599
30.81425
15.80599
3.35235
64.44575
45.03114
56.81612
0.38339
38.20166
69.99493
30.13647
95.39993
6.30239
18.34820
54.18330
67.34454
64.32825
35.95183
54.26726
17.61199
67.33618
25.83671
76.71456
60.38487
80.96630
3.54043
86.41047
80.49915
79.00704
9.08248
39.34185
62.40766
63.63707
58.69898
55.33903
61.34030
5.02281
84.35041
41.65936
32.32201
37.99664
33.65951
75.53962
38.45533
28.89503
49.31618
45.21561
78.93290
27.74446
17.52192
34.81814
21.90370
86.99427
91.18926
3.34183
0.53059
45.77374
60.53710
77.23059
52.81367
72.68960
22.55278
3.17866
50.10023
37.78043
80.43885
13.09896
80.24374
76.33366
57.32620
73.99637
3.64216
15.34521
38.32925
74.69585
40.64641
13.99015
12.06082
79.61071
9.96294
44.35106
72.21493
86.44774
41.59238
75.22257
10.03114
54.78576
74.42340
52.55971
69.56655
88.60216
19.83328
44.21106
89.52508
41.83435
87.18510
70.04344
33.60296
48.70943
11.83674
85.78925
76.00435
77.24180
47.86632
62.35736
30.14824
62.24628
7.44299
85.92419
40.42406
98.28225
42.04682
59.89398
84.38607
82.35639
77.13589
85.90300
16.93751
35.93202
16.51691
52.59312
41.00615
23.56932
71.97867
79.37809
5.61393
89.94241
55.53351
84.98421
34.17558
42.31394
3.11999
85.13984
87.83856
37.34870
90.82379
82.65889
85.58932
74.92904
94.51817
99.67748
23.43670
10.91024
70.31506
61.71193
31.43522
68.59417
80.37162
37.61754
54.57947
48.85893
49.29639
95.80560
83.84727
65.48530
94.49818
60.53494
48.17996
57.49785
66.16246
57.18338
63.28143
63.49782
47.92293
27.66002
98.31337
83.25627
13.21662
49.77860
22.61527
6.63475
55.33153
60.62516
16.06033
72.68027
61.06793
14.03362
13.27356
38.76365
59.30202
50.47434
38.69932
10.01324
39.05519
22.35763
87.63158
39.26009
76.44393
40.08146
57.14338
70.79863
48.95923
95.96234
45.21399
11.92142
65.56131
47.18417
88.14934
29.11796
77.29679
26.00605
52.98603
55.94891
88.14664
19.38789
30.49631
22.80594
85.50041
15.91451
38.40079
11.62413
30.59887
68.14290
77.09781
17.35702
89.72683
61.05218
42.34806
47.10846
88.43207
88.34320
79.24894
8.32852
40.97757
67.53725
42.39138
5.16818
45.32423
55.30296
28.81370
79.76584
7.28908
22.32094
39.94510
4.51083
80.20450
85.37215
58.47225
96.62498
80.00226
43.34695
23.25373
98.34681
19.98509
60.65470
50.90316
30.54313
77.76380
13.61451
22.81407
68.39728
56.07293
43.74727
6.95785
58.41994
86.69975
82.67191
56.72324
61.17947
41.95896
62.58333
35.69750
19.18975
25.45857
57.72962
48.75117
65.45720
48.52337
6.26601
11.86424
72.87382
62.81986
71.11690
24.71754
6.56934
97.88181
40.19397
88.71289
48.80766
17.04736
51.00971
51.98376
92.50932
77.14266
49.55863
90.68573
31.71713
27.38871
12.12365
19.64000
45.73473
90.81120
30.43887
66.11167
31.75293
37.10741
54.63317
19.94001
83.92424
55.51765
93.45786
0.97238
52.54066
11.77308
1.93513
4.06675
50.58629
85.38885
41.51069
93.33675
31.57327
40.56871
37.63434
62.75210
7.94406
77.04216
79.37857
95.25542
56.75134
84.78627
52.14690
59.46730
26.25078
73.24046
61.30373
10.36351
72.78527
79.56856
8.46499
77.45209
94.88312
58.39373
91.92378
93.05200
35.90982
47.96843
12.31203
53.76236
68.76878
32.69846
78.73209
58.77760
32.92494
98.80994
69.40626
27.23267
44.96923
43.54442
76.35610
31.17382
64.96575
33.24209
75.70599
50.76841
66.31225
54.11916
19.56048
42.04158
6.12491
98.62890
73.55147
41.99803
10.43011
1.29508
42.59995
91.43273
77.38025
59.31326
60.38086
33.71404
86.95053
3.62174
71.94674
27.61647
6.61541
55.94666
72.31446
95.54142
59.63729
48.67896
37.73620
68.66365
75.53523
86.07299
98.07371
37.89934
16.48332
72.38362
13.33107
78.50996
99.77772
20.20897
96.31068
30.36149
91.39181
77.57386
12.10816
51.62447
2.30798
22.56330
12.29321
23.89852
11.02204
7.28871
70.81367
34.09596
5.13124
33.39216
23.47272
80.32845
12.73455
98.18274
49.89022
5.20252
61.40324
1.65272
48.25830
13.71078
69.87915
13.19729
55.14242
80.26874
46.58681
83.30187
46.28920
95.50748
59.91375
84.80362
83.10066
99.03086
64.29344
24.69620
94.27432
0.96176
94.26859
42.05788
26.52581
6.93189
18.00456
59.20780
45.85727
13.85960
1.31306
45.43859
31.86881
13.57919
24.11439
40.65881
37.07848
71.92675
18.16695
62.55063
58.68784
49.16078
1.78540
95.19412
67.06272
60.22420
46.87658
66.17229
60.79850
66.98043
4.30914
3.82373
17.41152
31.88426
70.88924
66.35220
41.46709
65.97797
61.86862
98.57544
68.62033
59.79486
90.10159
56.28505
33.81569
20.27171
17.94609
0.98903
91.05772
45.33878
81.66766
11.56584
99.14056
25.82743
94.82573
64.51806
24.79591
7.18609
96.93243
93.25639
35.47142
39.16249
25.86565
85.63911
39.18755
50.07027
1.45490
66.60835
5.03798
47.11556
44.52728
62.19554
30.63504
67.65070
84.33985
72.90633
33.55008
89.57237
46.57186
23.73165
97.23557
49.46387
69.06432
97.90694
62.08395
26.90626
76.84184
50.87978
78.88100
79.62765
49.19918
93.33238
91.37521
31.11889
35.09235
17.79258
58.11248
16.62108
81.40132
97.99233
5.59336
40.60881
60.99698
63.71498
4.76304
49.33875
88.94931
51.90147
65.93691
8.49985
26.20728
59.76760
32.86656
87.30058
19.50008
71.45561
68.28861
95.33284
5.61065
62.20687
34.87477
2.63847
39.56207
59.69343
28.02261
88.70369
77.09961
51.61894
89.59687
88.70682
45.31636
95.31094
91.60488
38.70434
74.27768
10.58032
4.08115
85.65184
53.29731
95.74304
15.18005
76.29432
33.14566
45.58351
75.87364
51.19053
89.73535
14.54834
71.13892
96.92938
72.92213
1.63448
81.48632
29.87449
65.64247
47.17119
77.44215
47.29709
9.45519
20.00409
97.41205
67.46733
96.99003
76.28364
18.40267
10.16287
31.76477
40.49467
30.61827
56.08806
19.44939
39.72493
22.08267
3.02543
2.83250
16.00664
48.21192
43.51310
78.83464
47.15009
56.45042
21.18261
71.75837
40.66812
42.03988
30.58795
39.59441
52.87207
46.29260
13.98686
3.45711
20.62425
48.74713
78.02655
55.80631
46.11944
45.05156
52.96132
85.23695
77.97260
26.58461
5.77211
54.17874
78.39542
17.92279
4.79917
22.44584
3.45942
84.79029
10.63471
26.75049
43.04517
64.91070
52.92755
71.73855
9.59719
84.00902
70.71363
41.35589
65.88994
48.53695
9.37686
92.41959
7.40535
6.03877
73.29585
99.51602
44.51375
6.89355
40.02897
2.00404
32.66153
70.38563
45.93430
37.48128
93.45471
5.10081
37.27566
88.68974
64.28934
85.61011
27.87330
28.85206
11.40131
55.88207
23.51206
50.67299
82.78201
28.33880
97.71108
89.70883
90.86925
54.32828
1.30725
15.61924
5.18232
33.81677
34.49622
49.23138
20.68657
27.65884
34.94210
94.14332
44.07446
83.57398
63.67977
83.50770
17.72972
69.46809
30.15844
81.46227
43.72917
39.94373
32.39484
48.00475
5.40066
71.52465
3.15566
43.59969
27.79691
22.73956
26.47546
13.13372
54.41142
54.74843
45.61920
47.01281
14.97816
17.68939
16.67186
17.17812
47.92366
22.17126
61.16377
21.91097
95.87353
64.06746
59.33933
31.64127
71.51602
6.51226
67.01730
92.17817
73.71638
23.47261
45.72703
45.37641
53.41280
85.26767
35.33073
79.01336
97.06609
2.89713
44.88454
54.80171
11.39579
50.03936
63.40433
33.54596
11.29856
93.47910
68.04763
66.15714
73.12282
95.34132
50.01515
59.72744
55.89651
0.72206
46.37917
62.71837
34.62087
24.87840
55.15326
13.78536
79.60497
43.55447
13.33116
38.65761
30.96846
24.83786
52.95345
6.83853
67.62653
81.65022
81.85721
5.15732
37.81697
24.13819
61.39378
49.02891
92.38919
51.54344
69.05867
42.24184
6.39157
68.76837
1.55050
10.96080
8.43555
93.31917
58.08076
84.35626
29.32020
30.56311
4.36292
52.63959
87.81098
28.83183
82.68184
11.30115
1.07228
21.65984
22.14272
46.50748
28.24055
23.01752
89.14849
31.71703
69.14008
0.02156
7.92504
87.69360
63.21388
65.57676
47.48204
0.40413
12.61711
38.79475
50.97448
62.62927
70.36997
28.18697
88.75362
60.81161
33.66352
68.54264
54.60105
41.97725
33.93874
73.55221
98.19317
59.95375
82.19922
63.86749
80.22276
99.19567
82.03643
21.80687
73.48497
2.87519
6.47063
79.66427
69.79918
20.91551
51.17913
15.85628
66.05428
17.31859
80.24550
81.04112
72.70997
54.11252
50.45912
45.50252
79.58875
89.90451
66.70808
60.58494
90.95335
25.57085
28.23456
19.59826
29.50201
52.12383
26.03905
16.45402
63.17419
60.77875
18.03468
84.84222
7.44850
55.29860
47.50528
53.64239
46.85991
2.51841
48.46283
64.55850
77.60014
12.77137
22.61810
95.49982
51.45021
57.13495
85.20161
96.42262
5.78600
15.10010
16.90984
5.35910
64.28647
3.14471
19.29229
33.33239
61.46186
18.47352
36.77324
87.85081
96.17480
41.69426
94.13911
53.92613
94.39943
9.78920
57.18093
94.38135
76.79213
72.44841
20.13178
46.73836
82.55311
41.78711
68.85814
75.72232
35.48565
31.18878
40.13428
20.47878
54.81724
5.11080
17.91967
89.84268
97.72112
47.21049
51.33473
50.70277
61.06951
94.67081
66.72572
70.10808
77.77287
98.13324
17.31431
72.11163
97.18407
35.36407
16.74214
53.92914
18.00885
86.88285
74.37781
27.37842
49.50387
53.70726
52.22114
35.16453
81.42403
71.75932
72.15971
67.07224
56.35680
67.16531
30.96737
15.60965
16.36416
64.20646
50.14787
60.54913
6.89179
8.77055
14.14762
99.11463
93.62698
0.99009
94.54180
77.23056
74.75446
92.28812
92.85455
59.78321
48.51499
95.73324
64.70005
47.88644
91.30775
83.86840
65.87473
77.66680
95.01326
90.21890
81.14222
6.83446
6.54068
31.59065
64.46331
31.65192
38.05090
15.12778
19.11008
85.14228
18.15633
78.87383
81.15339
28.18678
83.86498
33.77983
29.13195
26.65094
79.14080
94.08715
41.56513
61.01836
39.50500
18.65580
44.66467
66.85055
43.67830
75.01537
29.23094
54.66934
8.94637
29.95244
88.75974
47.12332
70.79815
90.64008
64.38857
76.35296
52.19784
83.31025
78.99476
34.18588
49.33232
5.09655
35.49996
79.66307
63.58490
40.41646
94.67735
31.15154
50.00296
99.24311
65.48178
95.67919
92.87956
66.71069
48.40028
46.48198
28.40170
92.71470
63.97288
93.13595
67.92435
69.49903
75.95673
50.21397
7.74893
77.32938
45.96179
62.34616
35.85342
21.44558
62.75195
15.38847
32.35784
70.15445
13.59816
95.37545
84.59933
61.71546
23.12554
64.39193
8.93107
60.78211
66.85929
40.17299
37.58320
77.01936
15.83387
61.91076
88.51765
19.55075
61.40840
62.76098
6.36194
44.36933
17.63612
62.58234
58.23968
11.20071
85.72460
47.97055
31.81331
92.60490
89.19786
12.04723
58.32648
51.88708
5.84554
35.46119
20.46296
55.62454
2.22130
22.48789
56.35898
87.95376
55.93283
45.49261
41.05607
74.39900
32.08987
99.10709
33.30885
81.22565
33.92013
64.71365
67.59481
70.90124
49.27660
80.07899
13.61042
23.89270
23.04674
51.37644
93.89240
15.30748
62.81838
60.10192
95.25028
47.57509
53.30351
27.81005
37.70642
22.08952
16.85635
4.55123
25.15096
60.70265
47.18439
6.55946
96.53722
81.34304
96.31406
83.14232
10.62879
42.02169
81.89548
1.92825
6.02539
13.51971
78.37721
34.62270
50.91927
26.56748
70.68026
15.61195
95.48235
5.50376
60.92686
49.67372
71.55783
38.09667
42.80278
65.92552
26.74031
91.44073
28.88732
34.87376
93.15293
24.96706
29.92398
58.59323
11.73027
63.28490
43.44444
44.32023
49.08181
32.74840
8.34443
21.11278
24.65472
14.65375
27.48886
48.30365
30.81526
52.79438
9.21706
38.92012
78.43913
32.49656
28.83864
4.64211
80.06226
87.27166
73.32613
35.37089
16.11669
92.79062
4.06921
74.18395
83.02337
50.70907
30.42954
3.06701
96.85628
51.45308
16.45215
70.33065
6.79350
91.94832
36.79875
78.68792
56.29356
24.61862
2.93217
84.00533
83.52184
2.43600
26.91600
50.24840
3.22497
21.07125
8.09312
14.78843
68.84101
47.73869
94.89177
86.38788
76.11747
3.30820
72.39091
75.66251
64.13304
33.03179
53.50605
17.32559
14.06117
67.80426
74.23663
37.46339
47.81994
86.50182
21.43493
52.24498
54.55630
30.24605
1.32323
13.30080
31.53868
10.30584
30.28819
38.51190
31.26559
61.25340
96.91657
79.71652
82.74266
40.24855
62.25863
83.24126
32.37256
96.78378
32.73462
29.92424
36.45043
21.39753
45.88643
76.69112
83.54662
81.25926
4.68550
65.71797
16.69447
87.82054
5.00690
11.10186
32.72179
92.85325
46.39898
9.28091
41.12920
10.34750
83.98956
0.73060
78.86176
7.56905
43.91877
12.16853
10.93489
45.52053
67.22085
47.12453
60.96807
90.26026
91.61156
95.31287
73.88512
74.46856
90.93652
55.74511
62.68989
18.73226
99.00973
40.44991
54.78758
21.07188
53.13366
36.40781
30.47383
59.97992
29.78351
32.30637
85.13442
47.07850
63.41526
27.49474
78.47262
43.39647
11.29642
84.53576
43.23958
13.52341
84.35787
84.20529
1.97213
2.44336
59.09945
1.93503
14.53288
16.97419
91.95527
63.23322
66.96539
35.96809
19.01752
79.69831
89.66243
82.84945
68.74822
49.45101
48.54515
52.73506
27.02317
27.09875
14.37587
64.85713
40.03879
40.09573
47.79935
83.29394
11.31839
75.79525
2.80012
71.35345
13.70612
85.78576
98.01104
34.58496
52.17014
34.50952
7.35288
55.80964
3.84568
83.33758
28.97604
71.45057
13.29781
3.47262
8.42816
54.91080
31.79130
2.70725
18.79986
86.62371
5.42060
8.19946
16.77572
12.25588
12.47343
82.96193
37.68053
72.78268
32.27446
33.45860
17.81506
45.88211
66.59871
22.14766
45.56235
75.62277
75.08939
38.98657
82.58125
95.40785
79.01175
8.49794
27.35899
91.47222
62.94596
65.50851
15.18088
26.27246
46.65989
42.31861
37.88399
28.65175
37.04545
87.47417
94.20214
7.40390
58.81006
33.73475
26.63336
99.87674
98.65607
92.10570
61.05576
86.32650
7.07762
72.71698
20.04475
11.92370
43.83270
38.08458
55.67448
28.51068
32.48786
25.34246
45.73196
5.89694
48.38260
38.71483
32.94339
19.79317
15.91208
44.74833
15.35807
45.46710
38.83494
94.35513
98.65075
30.83388
76.12906
95.68844
42.58913
23.39354
5.00231
95.74735
74.63076
75.48090
3.30766
61.37298
63.10161
57.51988
46.10104
31.58072
46.98240
72.41990
15.41856
68.79905
60.83120
55.31800
72.01759
62.06426
7.47404
81.81401
93.67077
51.89901
60.90760
21.41744
7.97784
57.77123
32.18607
8.50381
24.04292
85.02853
63.10620
85.23081
25.58606
18.25422
8.33695
14.78188
30.30985
3.99776
7.06567
26.39850
67.76008
1.33892
98.41394
24.53279
75.50426
57.83416
26.99085
52.25993
56.41502
12.57943
63.11125
9.97910
56.34821
41.95896
98.46035
20.36053
25.88198
18.27922
42.04987
46.94451
41.20718
40.22216
93.82811
49.46296
3.63051
14.35201
71.24550
70.98355
32.31742
10.23517
93.10965
54.07567
63.39584
69.10584
33.04606
85.66257
57.94378
15.30130
4.76137
2.60305
34.54444
14.25839
70.48902
30.25023
67.84711
78.91567
31.47744
91.46057
66.19241
33.04912
26.64471
52.00235
21.93284
66.08458
35.45025
93.36071
3.54677
74.80079
93.29457
51.53346
46.12069
70.87150
8.11421
10.40372
38.46893
28.76477
73.07575
59.63752
41.42152
12.07085
91.97494
98.49357
42.58037
45.34724
25.84706
51.57117
55.39652
99.48663
14.02839
96.32848
8.77755
41.48784
30.81869
24.31566
71.92193
64.91593
53.94202
22.15944
2.41925
64.73978
71.68466
86.79579
58.75637
6.71799
35.90718
22.41379
47.46764
25.25016
94.66596
17.01707
66.01914
46.49224
64.79333
52.71899
10.54004
40.87438
2.03795
6.78523
52.41186
5.16193
3.22018
95.17758
21.47012
31.92745
48.41908
60.03187
27.29377
33.36626
73.58946
14.96713
56.22834
55.81941
81.26042
32.68239
48.81756
98.00827
31.88156
39.89892
6.53852
67.29732
13.98027
59.15154
38.13790
74.64174
79.45680
37.25793
71.93688
13.68675
12.43821
54.26687
45.38569
82.94134
39.11627
83.14259
44.47640
39.24808
72.01057
44.85869
33.68296
35.02732
14.69471
76.67292
61.78569
15.35987
70.51069
49.51818
42.16946
16.53102
42.25388
63.59186
82.70279
31.64017
59.10267
55.62481
66.06683
85.72454
61.39440
90.79864
15.59452
6.46495
38.78425
25.58391
50.70988
93.68005
24.35812
14.82965
7.14273
43.50711
61.39218
66.82376
65.09562
17.78919
45.84994
86.42961
26.33477
23.07793
85.41252
19.81825
97.00444
62.73634
53.01010
23.69978
64.77054
69.09971
24.09377
18.31486
70.24570
84.38972
9.75583
1.88947
35.20182
51.02310
33.23125
80.58560
57.41114
6.02163
39.68754
33.12715
67.52739
17.23611
3.64220
64.13014
79.32255
65.35817
2.99081
23.45092
25.37161
99.95772
75.37269
70.94626
64.46075
33.26103
67.78847
4.84695
44.38577
18.21857
92.74555
11.67759
13.71210
43.25306
56.58607
56.47107
62.59532
99.48421
72.99103
50.94110
90.60758
53.56412
67.16346
6.50956
95.67281
19.90044
31.80953
4.54647
61.42655
19.38289
64.47090
24.37966
34.53083
20.92424
89.27767
10.91002
68.22155
90.61096
12.42208
69.55868
4.33235
77.74884
89.78664
46.24826
79.31672
91.50916
51.61142
17.45437
23.46480
8.99738
44.16349
50.22069
94.95427
78.30109
52.99106
10.10341
89.05309
22.76765
94.12965
99.01608
59.06050
71.39961
43.31176
98.63995
89.63074
26.11669
83.21821
65.07973
24.67621
26.01781
21.56755
66.89801
69.80683
61.58870
56.02158
89.98806
21.76127
65.84494
27.01061
65.46168
76.74385
11.29325
0.90181
25.16842
18.84366
65.79361
77.27797
7.44479
43.98132
68.25933
81.34928
19.13215
46.00040
91.41064
95.45997
49.70530
29.02679
49.36003
11.74007
42.49975
7.82640
47.96153
1.20867
13.95617
12.34321
67.60398
31.02046
35.29635
51.25937
6.23860
65.06947
15.91670
5.85101
93.23831
44.72978
82.87838
0.04702
97.40542
72.45922
64.06955
36.71206
60.05003
34.22765
95.72623
4.07778
13.48790
27.72118
76.41770
29.42332
96.61497
1.18364
30.08714
75.31205
24.40663
13.54984
90.95815
43.79104
49.91370
32.65971
66.63377
17.38257
99.02236
49.88014
1.20686
51.63231
79.30251
0.95713
91.41341
76.41946
21.40055
16.90273
69.93885
27.91501
10.81903
5.57470
4.98677
47.33512
50.35340
88.29827
34.77949
60.01362
54.26657
75.37289
74.15126
99.35976
10.66789
82.04099
67.08429
64.32200
82.66180
28.71035
64.29828
56.54899
73.76997
32.68203
83.77144
37.72459
12.67919
3.95689
73.65249
45.37880
0.86039
3.66704
13.80899
57.82332
56.85700
48.62445
16.57472
35.13147
62.43409
29.31780
87.81857
33.01734
17.13877
36.09312
94.70631
63.37532
32.54738
30.42383
26.84911
47.23159
29.32492
71.26062
45.44373
95.57619
29.97712
92.53638
64.87955
90.35766
67.43998
74.35171
25.98007
84.82173
57.90059
20.94864
98.72549
92.68934
76.81183
93.76899
37.23740
94.51902
0.76255
79.18153
2.75593
46.70962
45.87589
95.90968
0.45491
89.58828
16.91683
78.05591
59.81903
26.41969
49.88301
33.00826
89.20425
72.85958
29.58342
86.33406
81.52662
10.35183
74.90617
61.57375
94.59874
56.45010
31.65368
85.22350
59.52915
86.72057
24.14426
54.49865
62.51857
59.55453
79.80402
40.32819
13.27834
23.70548
68.41992
77.16705
36.64723
58.17546
90.63433
64.52634
56.39036
36.68878
43.26490
25.84646
24.89430
56.84441
65.34854
50.68931
75.39200
58.74263
19.96074
81.65415
87.32198
80.42106
90.19586
56.58952
27.26275
0.34492
96.15749
76.82685
76.63761
10.67049
65.36921
62.63849
95.49891
56.84388
27.11956
11.96894
16.92216
62.12964
40.84598
35.59746
66.56815
81.67688
84.54350
24.51881
75.59231
88.43600
38.94535
96.35786
28.90762
21.16856
68.76508
99.67394
28.73131
84.80698
43.25076
59.87194
1.01430
89.33720
81.04402
29.10394
62.58921
18.72960
2.67558
74.62522
21.46486
25.03503
86.19583
47.70786
55.91018
44.13402
30.13576
0.20368
70.09630
60.78153
50.03385
36.00971
37.35237
54.72926
55.71343
0.26646
24.38749
20.56812
74.90652
63.20767
6.81452
63.72837
45.04449
28.68035
37.17437
12.43857
67.32372
69.20535
79.72021
52.79002
18.97107
68.91572
33.60300
99.03915
34.76467
11.10608
25.19496
33.48012
68.63126
92.77447
50.45414
65.59914
29.95238
37.84385
38.03794
99.01180
82.61440
68.46689
27.11414
26.20539
43.73973
29.80577
59.87419
8.73392
10.23853
67.98445
2.74647
25.38046
17.16113
56.13158
75.58446
40.22568
59.66053
92.84125
82.04180
11.01508
92.54959
90.09755
21.53874
60.69487
3.45407
68.22807
37.31400
70.60465
68.63735
6.72676
21.94975
85.13938
86.37470
59.05017
18.56842
48.17506
3.42573
54.79806
74.66053
3.89020
23.27118
70.35976
38.02379
80.22617
66.54568
62.55437
63.83974
18.21621
30.40931
24.22995
35.71627
71.22598
59.81976
87.59236
75.63518
3.19568
36.81597
73.18091
92.64026
92.98727
60.20019
94.24026
3.54373
91.49364
38.99348
16.33555
14.54968
41.57952
15.87644
53.63857
8.69164
22.50544
73.04334
2.75732
4.98118
66.48243
34.36795
5.72840
31.46607
76.12967
41.87935
23.73389
39.09048
60.25810
95.75017
50.32549
21.56371
34.27502
9.15825
69.87823
13.38716
3.80140
83.02048
84.39422
43.72546
32.63207
49.99694
13.79650
4.38042
92.00537
77.69243
47.18018
9.97511
44.05575
66.16184
83.77526
66.72185
50.73742
52.41517
84.04847
85.26727
2.26966
27.93420
44.52541
92.33021
39.35050
26.54647
9.57196
54.98920
63.83627
89.64681
16.85068
67.42029
57.28496
27.22474
80.76360
26.12219
73.97141
89.25621
31.96771
76.32563
65.57293
2.23698
20.93804
26.12848
97.50529
41.75755
17.80663
38.31440
81.08474
73.78774
14.87078
25.27719
91.86389
0.37896
14.39648
3.49331
9.68411
9.40323
99.89565
96.36935
52.83121
63.75214
17.99843
37.44028
90.79413
91.44108
44.26023
0.82867
94.22844
78.39739
20.25860
72.32703
89.47659
25.77807
50.87867
10.46537
58.91927
39.79373
43.35483
35.55582
15.84683
33.10911
19.87294
83.03876
25.10473
68.01586
6.67972
28.82308
75.99315
33.07682
46.29550
63.28427
7.33366
98.39013
2.77559
16.67807
5.25773
10.71527
7.64610
10.75152
6.27804
83.20132
73.17774
25.55738
7.61679
33.36513
76.91036
94.67794
31.54834
23.95952
36.18396
8.45710
3.01976
18.75302
9.54856
83.46090
30.15057
34.77071
49.97847
31.71412
68.71584
47.37738
57.88331
22.35478
74.96426
94.91085
75.17426
97.10704
96.19696
83.51727
2.03743
3.74482
38.57058
21.38273
27.38057
56.91579
27.74544
92.72754
0.84911
51.67838
3.82390
46.26194
72.82605
54.87756
36.04623
43.00669
63.19647
22.74909
93.02200
63.22128
28.18936
2.40917
70.08896
1.73388
28.44328
13.30285
33.94097
36.85023
83.97946
37.54114
6.30736
27.44114
51.82443
22.19352
77.49549
72.09858
67.81279
2.54154
94.64229
21.24412
22.98347
63.82114
77.78753
43.74679
45.27115
10.95032
79.82933
38.95845
48.05889
78.40408
58.60665
92.81962
3.29157
29.92231
37.71468
51.78399
17.35444
75.00878
51.82238
13.06302
38.32002
65.87155
41.90445
32.20849
83.09985
11.34362
22.16665
85.39170
37.75700
56.72470
36.84390
87.17396
43.72294
38.40009
4.98652
30.67661
64.00928
51.23773
23.43734
24.63924
55.36393
98.15436
92.42456
43.18177
26.93472
91.31796
15.64595
94.42132
9.57287
61.95292
87.63975
25.58580
2.42237
28.35621
6.09463
34.28279
14.87223
16.29205
41.97515
62.30013
56.34947
57.63488
77.59149
77.41561
36.52172
20.22145
5.79122
99.90792
77.23287
77.29026
27.59302
77.91656
0.44522
67.65779
85.77752
25.31218
47.03288
94.05935
83.83960
39.43821
65.80913
3.42813
58.38405
2.96469
3.46815
20.08574
91.31210
23.11012
3.83041
94.84856
90.21042
63.80005
96.49175
26.07859
28.46386
75.37099
86.97605
29.77661
5.51829
1.59357
59.30228
96.79475
49.22358
45.21306
43.55290
98.29570
94.21635
14.00905
81.84123
32.22569
17.56439
75.61307
79.13420
14.62298
7.14825
14.92547
7.85683
87.47463
96.95106
76.22693
55.71716
11.07236
21.86429
46.01099
29.42075
48.49368
33.29601
64.39253
8.70700
21.63095
1.00228
21.22003
47.81392
5.07497
49.45195
15.25071
26.07698
3.12707
90.45015
19.00697
19.19804
23.44945
82.51270
68.21134
43.72343
40.03963
80.47986
69.69314
30.47311
39.15314
31.28095
30.17559
55.26128
70.30708
87.00665
17.51612
71.49404
17.08972
30.63510
53.60756
9.55063
32.05730
1.61965
77.85793
44.19023
5.90483
75.16964
55.31760
1.17245
89.66940
67.26419
91.62618
43.33233
56.32020
5.40511
41.75028
52.75007
24.97926
91.35626
84.88452
78.44890
80.82641
93.95644
86.12611
87.69709
67.03441
26.07935
42.17357
29.67650
20.88673
96.60748
25.27956
89.46516
65.64478
20.33518
71.64276
53.78203
8.53885
57.25395
76.73615
6.26447
16.77667
27.26107
49.60087
18.58757
10.71831
54.86592
43.32930
21.99626
7.45268
51.15993
43.78596
10.23311
1.03288
57.04107
15.13775
30.49013
83.21627
15.25543
43.00660
39.28696
91.44797
15.57342
14.52119
18.64123
68.27862
38.11567
41.80956
8.31063
8.61304
9.65123
30.97725
66.17547
88.60600
79.82083
1.42544
19.59522
52.41943
35.91738
93.72173
63.99909
20.80855
49.48735
74.72021
87.92043
80.94362
64.81745
78.87800
37.30187
66.69970
80.72070
83.77955
83.02309
27.19722
55.60409
96.62138
63.53948
95.86027
2.31579
4.92727
43.07054
70.52947
27.25882
72.29373
68.67933
90.64915
89.43188
51.97075
90.34079
14.45164
41.91005
72.40309
60.33067
11.72413
95.69035
51.78009
81.29855
80.16070
19.36243
17.18631
92.23669
96.90232
41.11090
76.16705
78.03457
69.36628
99.26481
84.31880
61.48287
98.50276
98.16100
80.43446
46.71115
34.11744
51.01643
62.66535
87.46901
3.16151
43.08171
84.76444
53.82790
23.99536
60.94000
55.80078
17.54542
13.50549
1.97136
56.55152
89.93319
86.16396
2.92587
64.72293
36.57692
38.65823
36.13302
50.72582
90.89459
42.26159
61.19108
26.27537
47.52629
34.05568
0.44240
7.97842
52.84155
33.56238
13.83547
6.03681
38.16439
26.00354
15.63066
5.00864
11.66842
24.21416
11.44278
71.26967
98.77152
19.50159
2.95962
69.71546
51.20528
32.50215
40.77018
63.56065
45.74672
99.35537
73.51032
43.27111
61.00172
61.89802
38.87445
82.53039
32.74281
78.12426
70.95052
52.19167
16.45554
5.04880
86.92024
37.44662
67.37969
82.53796
92.59399
1.78467
19.29660
52.36988
30.03397
23.27045
64.35343
88.21515
64.18480
53.96053
56.70774
30.03956
65.88836
81.11208
9.14290
87.76345
42.69517
56.94254
59.04244
73.70353
74.01908
49.67921
89.49039
48.88969
16.06033
0.85253
32.28421
0.02104
8.85209
15.18703
86.34289
54.24377
99.77322
86.80937
27.27142
22.89584
7.31029
86.41296
79.37392
49.49607
29.99703
83.66153
96.19396
13.26903
43.03232
25.29854
24.52057
48.64736
29.89360
53.70940
12.08407
19.50605
19.55099
9.67822
98.80011
84.23531
27.61258
21.72438
29.60527
10.29694
42.42686
71.71987
34.42871
18.92119
89.40223
57.58774
21.22390
43.24796
4.10631
57.63835
28.63504
9.01725
29.19804
32.41167
67.22327
20.57426
0.84546
47.84672
9.48352
61.95332
32.04343
52.66329
58.28670
4.38650
16.66338
95.29159
12.51618
71.98450
56.96507
34.86822
91.13870
29.04581
91.87348
47.36132
36.50941
23.10234
70.39674
12.14404
79.58562
62.76842
6.36854
79.33613
44.32924
8.04280
68.06463
73.00468
66.88956
23.77700
98.44162
66.73891
88.92609
0.89555
21.38127
74.40492
93.36946
89.82145
21.88020
42.23687
61.80970
14.68902
9.48144
44.64300
4.68361
71.61081
28.60932
33.00047
96.20567
51.59780
12.01752
60.41893
90.16078
99.24135
5.45779
20.23419
43.06911
53.28519
75.52639
46.96588
66.76280
42.02360
75.89182
9.29180
30.37522
73.37931
42.54451
34.38603
75.13043
73.28058
90.21232
63.67128
89.18258
24.55772
88.34719
77.56972
44.92540
47.95017
73.77458
32.04083
76.72460
11.33223
24.51443
56.55349
45.68014
92.48428
84.35171
81.08573
90.98288
81.81675
45.75886
42.47450
60.30077
34.79561
60.71618
44.79684
11.29102
13.38401
20.29630
5.98811
45.65430
60.54164
4.65057
25.52457
19.02702
48.45148
1.19749
26.04423
55.23107
63.01304
67.49111
11.90634
93.44989
17.36569
84.78655
57.04444
15.56535
12.55866
68.37347
17.70811
99.98362
41.68010
4.80163
79.02476
98.90006
15.29710
17.03490
52.09549
72.36158
70.53614
31.38623
73.88942
16.48369
26.50473
26.96137
13.92361
72.71611
67.28147
60.15287
53.07675
4.46498
95.32761
9.56891
36.75042
7.61909
51.78798
22.59389
79.87418
60.12014
63.43551
23.15022
51.19986
73.43192
32.55425
28.02710
45.03196
78.68761
92.63077
95.55246
72.77712
49.27287
78.27005
15.87995
15.05854
27.33874
58.78537
99.97899
66.52624
39.08596
41.83385
2.29470
6.97594
7.63190
62.11421
6.76221
43.93024
23.63161
53.27016
57.89214
55.54546
12.99733
70.65545
32.76004
84.77791
57.88519
10.20079
99.80600
25.64897
5.76291
21.63877
76.28521
95.11199
91.18948
62.54005
99.75407
76.80972
20.86160
89.06730
47.24689
63.47387
71.61142
86.47092
0.96066
68.23659
69.45890
12.90135
85.07323
41.38433
80.18189
67.37563
43.34550
76.32924
24.49930
51.77182
94.14929
74.37057
16.77348
92.59433
42.39048
57.47911
36.00424
74.66709
79.87254
63.82701
55.74749
27.70035
45.56184
48.54453
94.96212
93.70117
57.80344
50.57526
91.53871
63.43482
92.63084
83.13093
9.05089
43.98430
82.05851
32.93384
38.07182
42.92976
70.90262
3.81101
11.48397
82.58859
56.56279
52.54521
83.18823
89.34825
85.47987
53.17376
26.16177
81.51398
83.47888
18.59482
5.51489
25.21086
7.66240
13.66446
99.96557
79.85472
73.45372
11.95160
95.06399
38.07624
50.01459
64.70376
32.73393
61.73588
30.31451
8.39980
73.06610
52.22756
84.66798
11.41896
85.05930
76.73325
42.58539
70.57438
17.27659
18.62633
66.59453
27.50273
47.25139
42.35885
60.38820
91.45828
46.58363
99.90100
12.25747
6.42706
16.95953
87.49305
95.26019
21.77848
4.68927
77.92273
12.75225
71.03547
62.05075
40.30051
77.72667
1.77781
30.94228
10.75206
37.17598
53.49651
65.17004
36.28750
14.73592
7.25425
92.25263
73.97726
21.56976
16.45664
24.64674
24.20615
18.20548
45.81334
35.92326
51.22368
95.88393
90.31971
11.27480
52.20729
30.83621
64.61594
54.45407
55.19324
18.98051
64.43473
61.78221
52.10844
38.17309
38.54579
90.79871
87.15991
28.72991
45.33637
30.38719
95.54261
57.97965
51.29082
80.55328
68.97679
54.59501
5.90396
47.05010
67.54210
6.32863
11.76923
8.00726
69.89224
41.15898
7.70341
42.34017
74.87488
17.12052
73.72487
72.65204
91.75782
30.32678
79.21909
35.83998
82.17343
1.53971
99.72095
52.58528
33.39458
86.26292
6.54333
97.08851
75.45754
79.89386
75.05237
14.95307
80.16377
78.52081
56.38802
63.99713
60.61416
28.12399
41.90535
85.33237
86.44049
29.76103
58.66043
83.64930
90.32927
37.36569
69.79585
24.49822
74.24333
35.10237
74.62233
28.95106
42.98663
52.42538
23.81126
88.84316
95.04242
68.78522
0.93597
57.35745
57.95099
1.58533
18.99258
84.53290
92.45535
99.07572
90.63433
47.26232
49.88122
47.60716
96.87365
72.84104
43.60997
36.83593
47.61595
21.84300
66.48731
92.22591
28.39395
73.92492
68.51957
45.58001
7.43164
47.63354
77.67982
74.44465
39.85667
75.36950
69.11784
10.71958
42.67572
56.05013
59.19946
34.17187
84.22711
60.91642
16.17112
0.63186
85.84702
68.77675
25.13882
39.55885
52.03319
61.31349
0.97976
86.98228
20.78728
51.14122
68.96660
24.20254
88.15264
4.80329
20.54883
39.50508
12.23482
26.61866
9.05038
86.83298
26.29121
2.32226
80.21598
57.33722
61.27159
69.89645
88.05519
55.25276
77.27771
9.63164
17.48578
33.31206
57.49479
66.15252
24.99897
40.26675
87.67359
15.63629
54.27737
58.53032
33.43942
21.26262
69.10036
27.53283
58.92704
40.79669
1.45466
79.60066
14.97085
59.91286
22.34048
51.87704
32.13346
17.63422
50.24533
78.43767
96.27928
12.93188
99.62641
28.34393
78.10536
40.87319
63.24730
74.28062
62.10862
56.21506
78.34384
25.67868
90.56157
74.87593
68.36885
31.65457
10.66122
14.05969
5.88466
45.44493
66.04333
34.56724
70.21538
35.20849
16.36457
77.63436
26.61484
69.30827
84.54320
44.99572
40.97680
17.11400
48.87475
74.40235
76.65799
13.81983
16.95905
97.84902
65.57884
63.65113
4.44647
12.85028
89.12085
91.57510
6.85399
83.03681
12.65888
47.40611
46.14846
21.42780
71.97118
79.00629
7.60309
73.53298
51.98156
10.76945
74.55306
10.02660
41.20497
56.83120
91.87114
45.50514
27.91586
55.28561
47.37619
37.16343
6.79813
22.17995
52.58247
46.50622
25.52949
82.70784
44.49161
3.45256
74.31437
60.83567
1.61874
67.41970
48.50628
20.07055
85.16480
26.48019
71.95581
92.52387
88.39039
17.98403
94.25419
6.61352
52.05351
31.15438
91.25295
44.39432
32.81442
67.05475
15.31372
27.02194
56.76231
78.80434
14.45192
37.78258
20.43229
40.90936
2.68184
88.93560
84.53999
34.64575
27.25084
52.64209
55.95761
43.17700
50.10411
16.38926
38.43725
41.50734
80.90155
28.13025
10.70641
84.54556
25.26846
7.25978
99.99868
30.12063
38.30365
76.07297
14.65597
14.20670
18.54925
56.97521
17.05712
33.82007
78.78724
95.97240
14.66968
49.63433
80.11149
68.21672
26.32001
71.98871
76.78569
10.80647
39.19377
2.55994
87.72858
89.06502
74.94713
36.92616
46.16412
94.40841
59.71846
26.60442
75.36589
77.18650
33.52096
29.14358
2.22476
53.19152
72.93396
42.89749
40.18315
60.09576
44.50754
67.77349
10.07366
69.34698
13.20918
13.64157
37.23844
16.71238
16.16733
91.63663
49.52589
44.36151
75.57173
0.76161
95.61283
29.38979
68.92346
15.63850
23.91110
2.35997
71.45556
51.37442
42.34352
24.84971
70.65441
9.71633
25.95300
84.73996
95.83733
47.19164
70.62293
50.51169
89.93320
4.24268
50.90815
23.64270
87.41227
24.61412
72.80533
94.86501
67.83429
34.11044
23.13131
14.18361
28.43005
98.02195
90.33912
3.65032
78.19444
4.47474
44.55032
68.26923
4.47025
44.16527
62.20552
5.20897
68.73263
69.87350
99.29803
38.44876
33.14467
60.58555
85.34955
23.94469
19.13680
8.39342
34.77312
53.20736
59.88377
19.81774
29.98443
1.11207
5.22620
42.38357
83.03487
1.51831
6.51429
70.40563
93.77479
70.29439
16.39362
49.58083
34.18919
13.26375
40.36505
26.53531
79.81498
38.72373
96.40615
46.77166
73.29000
14.55378
67.71739
53.18011
99.88813
20.31377
65.20754
88.33164
74.85906
55.94390
93.55232
5.31217
81.91666
52.16816
95.00599
56.29348
53.79050
75.29300
57.89727
57.09608
99.89017
24.56847
91.19584
82.51434
41.53809
8.97727
31.41351
43.60568
4.57982
54.17458
26.11791
8.34831
68.37038
29.30667
27.72490
82.75641
58.58082
23.02531
4.47312
74.52859
92.21057
65.90258
35.07825
7.60998
51.70464
77.87561
23.29098
83.10842
86.63807
88.09874
60.94432
32.77015
13.45251
49.77250
44.12688
91.45471
47.79089
39.18162
17.92341
94.86235
49.43293
9.18738
46.21107
69.58069
24.30221
25.04632
78.40804
52.73154
58.18018
74.06213
86.72129
12.34779
35.91206
52.40383
28.28976
13.91183
44.82351
2.31469
27.20624
78.31007
79.66073
84.54224
73.09182
25.03571
81.67309
90.20386
88.98335
82.03952
97.49564
3.31470
95.07589
46.41276
14.24948
16.84388
82.09292
62.68496
71.14770
60.78279
33.78546
99.44042
42.32056
36.81460
89.69862
90.09401
7.73028
18.71937
24.91361
89.53127
21.55062
71.78462
51.91873
2.99216
92.56888
12.96889
54.52346
56.35709
60.76814
8.96888
72.64019
99.20952
98.82207
30.84293
93.37020
65.41647
45.38323
82.66889
83.71076
13.63796
32.55207
47.90350
86.26003
46.20829
48.79507
15.94110
25.40400
96.31046
59.91812
5.23844
78.19822
57.70799
74.13046
19.72616
86.61871
29.96792
12.53338
70.58704
5.11369
60.14125
16.30663
2.84216
44.06420
56.26872
96.87771
20.48705
47.12364
87.16688
67.63968
73.26113
32.53373
5.39964
98.16213
43.35582
19.52224
98.54912
49.97416
21.61031
68.76845
29.99927
74.55720
46.17794
14.12087
30.31656
6.55589
38.39825
65.04868
85.14151
71.96645
20.07697
83.18551
63.12619
54.33213
15.80245
39.61900
1.51956
54.24478
50.85345
5.91604
11.04559
3.85857
21.16555
87.40013
30.50860
96.89119
55.83023
92.20258
73.06578
73.85593
9.82972
37.01612
80.79038
65.41673
17.66648
21.43779
93.89126
4.30567
74.29908
4.60397
91.89649
69.79790
21.94831
72.07251
44.68716
28.87428
83.95170
78.68541
80.67007
92.38517
21.48573
11.32568
38.83530
81.38128
40.92692
85.31474
78.84251
30.08847
95.14519
37.06403
62.90260
22.15935
9.06161
74.59330
18.72817
6.85201
55.54988
49.54010
14.49629
95.74852
42.10812
96.42198
18.82794
86.17770
20.88366
91.75185
99.23887
23.47168
61.43440
43.06677
29.02629
14.91474
4.58869
24.32761
13.40155
17.12738
62.86412
86.21214
12.60640
39.46788
6.34198
97.30751
80.38495
49.00869
68.87539
95.83121
33.78283
80.94425
81.74453
39.90098
16.78351
77.85432
74.64114
96.74651
82.55538
20.17529
75.80934
35.29248
70.08596
30.59423
32.06977
54.62526
72.91916
55.02989
67.76650
15.80782
36.76243
87.63847
32.10769
45.01638
46.70993
91.01987
63.70724
40.92999
65.96520
90.04377
29.57755
47.73431
71.03395
96.42227
11.44135
16.13174
46.34390
19.42319
89.43094
50.40911
93.83374
85.32526
35.23247
16.37138
83.00728
88.25687
37.13692
77.61160
58.24688
82.94513
16.14864
15.68034
71.44788
98.19734
15.50410
68.95332
40.74323
4.34500
67.26566
16.86505
41.25175
14.46699
64.76776
96.19748
86.96957
9.36887
51.91734
36.93010
48.62965
28.83426
89.83473
87.90362
32.70814
63.11142
69.43741
48.35294
62.84351
21.14458
40.23594
70.32795
73.49234
70.62397
21.88337
65.31319
80.52414
92.00819
52.81255
18.89405
73.68040
3.16033
12.40229
42.03862
27.75236
64.18495
95.94108
93.79199
15.39880
37.95877
23.34965
47.44035
30.47363
55.88525
72.05335
46.51724
47.95822
58.45608
16.28101
25.35308
35.45861
67.67924
9.11728
80.51205
32.45162
15.16342
61.76645
46.19598
67.18325
11.36674
26.05141
68.28671
28.64705
51.28447
3.15654
40.29652
67.36963
0.55658
27.14726
62.46384
30.72804
26.93085
28.38813
91.96328
60.66543
34.21593
40.78824
67.93507
55.11024
78.99022
85.99687
92.63604
89.25278
98.29356
80.03494
90.65926
87.00521
93.51776
88.14345
39.42240
52.24383
58.79583
11.18089
42.64254
57.63463
29.68830
32.93037
61.47091
37.92478
39.88931
32.61351
64.90445
35.17301
4.86091
16.74603
49.81178
65.09583
13.68250
89.25708
95.03197
43.60709
31.37895
89.78068
99.34694
82.47155
69.46724
9.59776
62.02450
74.56016
51.78444
26.40402
13.86083
71.73863
48.08633
88.42885
52.34416
69.85802
70.32566
5.78474
60.92612
27.50471
47.74734
47.40777
65.24198
82.89473
18.20015
3.22102
46.46483
41.90827
17.41029
72.22528
52.75023
17.53518
35.30314
47.06260
31.95412
52.52718
56.11746
17.48579
40.76144
45.06890
49.28669
50.97152
8.42108
85.73536
45.07377
5.71301
43.31628
35.23045
8.30957
78.33831
87.72513
28.94476
58.50697
5.35812
57.40060
91.84810
6.06705
32.43775
78.03972
26.82730
46.52341
14.47318
7.17164
67.46393
10.94367
24.50517
45.94876
38.53970
68.97997
59.61069
76.27402
97.09169
20.97053
74.68079
59.98109
8.95075
26.09890
68.37644
40.37407
17.45631
66.36521
32.04197
13.29030
13.37362
30.54929
24.44714
74.70339
99.51322
33.74269
5.81986
63.27687
99.99456
64.10696
67.69043
99.01493
67.77910
41.55195
98.91855
16.20632
62.57676
79.57037
28.40744
68.53698
58.47061
19.25496
68.89017
1.23737
34.42935
13.97775
41.70720
20.66839
68.17696
81.98311
76.55512
49.05192
37.76553
83.31215
26.08570
29.39814
61.83127
49.96628
36.31007
1.24820
91.44413
4.07809
39.19261
76.68350
98.77361
17.58730
14.52518
90.58418
84.00917
79.90751
94.02131
73.39996
39.68478
3.24741
59.96447
95.37073
20.81178
37.97174
9.95866
39.07216
11.94277
60.47237
80.59757
10.66487
7.83570
22.22797
35.14227
94.94938
14.96146
91.06995
22.98138
65.84789
61.41346
61.60630
83.13183
9.07094
25.00727
78.81488
20.86327
18.73476
95.83344
87.66532
70.62457
55.33079
40.65450
15.16029
18.90853
58.95987
62.38507
40.10051
67.71491
43.67532
25.32266
92.33114
67.79444
80.38786
66.43145
8.12416
25.59623
62.73124
43.24282
29.53005
92.71476
9.64243
28.76775
3.95980
96.03584
69.86472
4.83734
79.21049
79.19177
53.59518
50.22611
19.15813
19.53980
49.80353
72.33416
17.53946
59.89267
27.41575
63.64804
45.32138
48.68447
89.87524
48.16835
90.54823
93.41820
98.08836
60.80758
20.58570
35.20427
22.69427
55.12440
12.53178
78.09433
45.78925
29.85134
17.92348
56.26192
34.38496
56.32373
11.32224
85.35918
42.92143
16.92297
31.89658
72.92988
85.63512
43.64286
80.29984
30.83852
26.84107
90.94194
96.02369
7.09756
61.42659
5.46180
83.26240
12.15022
42.66389
61.61558
25.15269
63.15799
77.34930
62.84641
19.50527
13.87732
18.43826
79.93292
75.56550
10.44822
75.05241
53.64248
61.55287
99.53502
78.45725
90.83665
77.96993
11.67195
50.67528
0.23032
12.58763
