6.76130
87.12563
83.15607
57.85310
28.17242
34.66618
71.90205
47.57537
65.91352
35.89845
68.51007
52.35133
71.66772
6.26867
70.10667
23.82276
62.17410
56.69612
46.28710
5.83285
14.17362
54.54504
16.77718
66.50165
36.31707
21.56934
21.71097
68.17359
73.54843
0.93104
67.91316
17.33071
73.03035
38.63261
89.52300
60.21673
75.62921
42.36101
34.22898
23.84898
70.25712
54.13982
7.01825
96.26050
11.53161
21.56145
9.25429
19.83868
42.10614
73.18418
76.13159
85.43757
65.63338
78.62652
61.34826
80.12118
42.18995
84.27217
93.99519
63.97867
95.56077
68.99616
41.41100
1.32339
21.13920
18.32739
14.85712
78.59652
75.30571
44.14543
4.96783
42.46733
45.56632
9.96896
60.08305
64.33553
12.70698
8.38552
63.02908
13.45726
80.57416
74.06635
8.28152
25.59272
24.04425
36.02106
45.46622
75.23861
22.22192
54.85824
11.97966
33.50817
50.51671
45.35391
23.81001
61.39865
18.64742
16.22026
46.50203
96.76671
22.34790
38.85987
16.64094
83.60963
81.88756
52.48008
27.73869
59.89863
46.00574
50.01247
88.86127
1.69203
10.10758
63.68579
38.01736
27.32384
62.96521
53.01243
50.55116
95.81004
83.96080
97.10054
79.51364
99.36053
10.47488
77.18464
12.54018
38.37267
13.38769
62.31014
91.12430
29.09482
23.66828
79.82101
43.07921
32.89335
89.79999
24.62747
94.68000
64.82691
52.04449
88.79124
9.51832
14.30477
74.31977
84.85116
37.87327
53.76843
43.96749
86.39920
29.94474
20.87988
59.56244
59.35958
76.88505
93.30287
12.56888
3.85146
63.36165
28.35532
70.96660
44.32894
61.25824
60.29355
65.76730
83.70769
0.36782
1.84717
74.94260
62.26555
85.41907
21.29618
20.48145
47.68363
55.03888
94.40539
42.40138
9.93927
55.06274
36.46027
54.09695
1.59315
68.41431
6.21577
21.28862
33.58526
87.21937
34.75435
48.58410
89.53872
96.16333
67.18403
79.73065
69.13669
51.46822
35.92605
62.75469
9.27911
34.45243
58.95398
89.96773
92.35754
84.53367
15.01914
59.39488
77.83555
25.53188
27.65642
27.63876
77.55614
32.49995
55.93898
45.93405
14.53461
40.33998
10.84888
53.04342
38.96457
85.64489
46.64923
72.07292
75.32976
20.59850
1.33717
10.74448
54.49783
4.50725
29.51076
88.65984
68.68980
49.41021
82.42126
88.72221
23.71133
29.40398
44.32304
24.15342
30.78226
44.71311
47.58044
77.65898
90.08422
56.02762
14.19168
46.57482
23.82152
96.87709
57.47726
11.35541
70.00435
55.56502
61.77934
22.03882
43.38913
40.38189
7.73426
65.90381
69.05600
84.43475
52.39113
69.61119
61.21669
74.99382
24.15069
69.80943
28.96604
63.14281
39.95184
96.30234
16.07270
70.43969
67.57672
60.89860
23.45032
60.86684
42.60282
54.94947
66.91140
35.86558
65.24685
14.60521
53.79655
67.42773
45.68334
57.74195
11.89043
68.77371
69.96792
81.50385
96.43575
99.61006
3.97286
70.03496
96.13857
39.00714
16.85958
78.39626
21.15360
78.34818
72.42856
77.83803
16.78560
16.55240
79.22705
92.24090
28.20764
95.22420
9.33595
94.54706
53.34743
44.41123
20.45074
63.85580
50.61354
20.52328
75.58181
39.31755
76.59249
43.20726
9.54062
83.79869
42.32433
65.02687
50.60176
20.30588
56.84639
34.31682
50.30678
20.17204
86.18962
76.81290
14.59626
33.37406
31.80110
72.98185
94.28912
84.98303
31.64833
8.04984
41.54743
12.87015
7.60928
61.75015
85.06360
51.88616
2.59134
20.81243
64.70928
8.12730
82.19960
73.73001
16.21775
89.32004
36.43484
66.11070
31.63746
27.19723
82.31757
45.27918
28.16839
73.45002
32.33417
9.80772
76.94948
66.50740
74.72379
94.89224
73.12892
48.26297
95.42917
80.02410
92.15990
16.52038
7.74105
45.35515
17.94443
48.93617
81.02399
97.95970
39.82434
53.51437
14.76356
45.49793
47.24940
58.04531
13.90460
82.32856
81.96911
64.72416
8.50845
88.18541
54.39970
10.35970
56.54691
81.51963
28.12125
88.01665
64.71634
96.50306
18.14119
12.76818
21.57992
85.85479
86.67385
78.03513
55.54391
62.21460
72.14179
5.64933
64.41189
60.29625
14.28130
26.73438
58.41337
86.78933
67.49861
78.73774
3.61318
74.83028
55.01156
3.94168
99.12399
85.75147
7.59372
8.30223
16.96498
55.87900
83.28453
42.22577
58.29718
49.01900
6.67778
74.05273
19.36803
23.15761
85.31677
85.45659
9.48816
47.64074
8.44318
94.34520
9.64223
12.39422
4.26143
95.29420
59.47223
23.68273
8.41074
2.10749
24.71242
45.01003
62.32280
27.87040
95.14239
3.00933
19.80517
18.70847
10.12185
52.95514
1.65235
44.49215
74.66302
62.21232
14.84778
77.48154
51.74543
39.23114
78.09258
16.63260
76.29925
68.16970
22.89687
3.31151
35.78008
16.14658
78.27559
1.47833
82.39433
15.21125
82.56694
62.08702
19.15776
69.77712
58.46014
4.90252
59.80602
16.77144
91.63890
17.50919
62.49911
14.76425
55.45751
39.97827
71.26204
65.44285
92.05248
68.72050
52.14171
66.65623
19.83836
99.56518
67.43458
75.53336
22.78601
85.66249
41.79187
17.42758
12.23856
56.32928
70.14181
74.95839
88.08237
0.51501
5.83452
96.51156
60.55732
22.10175
73.06100
26.55834
45.38123
7.84227
39.90288
98.03704
57.29632
91.22530
97.09253
95.01545
58.78659
60.49894
17.49590
82.81299
43.08234
44.00668
63.22267
86.67581
10.13296
66.03733
14.24931
15.65030
64.74619
86.09316
89.49648
63.97134
92.04702
47.74374
65.62344
85.71464
6.58920
83.26413
28.96967
95.53766
92.54911
31.32287
62.23465
39.54574
64.19951
8.86153
24.48118
72.17766
20.70725
92.47442
66.08228
31.62117
70.75638
23.02578
84.48346
11.83547
65.13314
41.20310
85.05271
48.63004
0.69231
56.53727
73.39381
49.24919
10.12413
5.50291
25.79276
42.08907
49.15566
65.41967
65.75517
76.57584
13.01965
28.45836
96.14942
10.44871
26.81459
57.55012
89.74152
26.62146
8.83853
17.86360
51.56166
36.87808
67.01780
59.36218
60.16449
54.37065
84.49909
6.75838
17.06245
1.72989
32.23169
40.76571
15.01732
87.72726
73.76379
5.87925
43.54249
50.98660
87.45403
76.92783
4.49288
60.86871
12.38476
14.76766
61.52778
60.61517
48.01887
99.72818
42.34396
78.65047
64.16224
74.48637
83.97603
37.39230
91.62150
19.16299
4.82468
46.69850
93.88980
8.53830
69.46571
41.53459
26.66516
28.32215
81.64885
39.84901
56.59654
48.57957
75.93939
58.86533
24.38474
97.53673
41.80099
45.53204
22.16223
3.52348
47.59972
67.36314
22.61346
22.22657
54.72253
28.97240
15.20192
86.41251
98.16767
33.41417
89.08505
72.67358
50.10819
87.61157
2.38729
16.77742
54.26647
75.78268
11.35680
31.46056
49.98838
74.40840
18.13460
18.11978
83.15672
16.63454
49.37021
41.10757
37.32457
18.82128
3.72741
52.87626
44.01446
46.51478
38.72252
21.89241
51.73310
64.75702
33.98170
23.54552
87.19737
62.83635
39.29188
34.40681
73.63188
5.34602
79.07585
47.26900
15.13482
45.83553
31.90460
22.02739
90.08031
85.11905
86.13117
4.83725
69.96109
36.98497
93.91515
71.28016
35.45184
27.93666
88.62467
87.66909
74.37728
50.98929
7.48165
27.57288
52.09269
84.76057
60.50692
93.96012
97.73507
19.53894
26.08863
73.04086
91.71249
72.54480
76.90832
48.29389
32.71666
75.90782
1.48371
18.42445
13.11424
61.92739
46.34546
21.90353
28.53784
30.96025
7.06646
73.98057
54.12656
7.25573
27.49695
75.50276
34.60736
86.86093
91.06210
72.72938
19.81340
89.56384
10.37147
39.50715
28.93152
89.38710
92.79494
4.72418
38.08768
4.49406
4.07291
84.96627
4.97544
71.14430
46.44833
60.64820
73.37135
96.01908
84.66550
40.77823
13.98323
66.74300
66.69062
93.69595
45.88275
71.41737
45.97916
18.11678
1.76607
33.34457
84.12922
20.48895
27.54014
27.65117
46.44033
51.56999
58.78246
65.99679
42.80475
55.98986
56.72467
85.09745
57.33939
97.30314
62.44358
24.78165
6.63283
61.35222
65.88806
72.34490
3.20527
52.09529
19.65259
84.65928
43.04625
62.13101
27.58436
39.30361
85.00948
14.58128
7.84780
55.57643
56.74512
71.53090
31.65726
55.93492
51.12104
54.00686
67.67174
33.63793
70.70349
91.69039
64.62112
86.84882
46.19949
48.96809
9.38449
72.60737
68.03715
76.70974
25.88255
99.18496
43.70146
43.68700
48.92587
16.72934
19.14081
56.22825
94.81070
42.07182
43.51762
25.32100
57.29500
38.96560
86.64385
33.88567
44.08710
5.46021
28.54958
4.48961
32.29499
97.61982
58.46832
4.08090
36.02602
51.98941
83.69874
29.75178
80.99341
25.59991
33.08824
78.12212
90.06231
46.35289
89.48479
48.81914
64.34246
58.58042
82.76606
91.38750
58.11880
43.17107
49.31454
17.93743
40.30164
96.18716
60.77116
78.08024
24.20695
45.75870
62.22230
90.60350
19.44265
14.59516
50.40396
23.36677
54.38788
91.16478
54.71920
39.14584
37.54974
56.54724
48.49711
66.50563
91.24907
68.75453
78.96231
62.45907
96.65512
66.05030
50.18482
32.63133
78.42724
91.71897
54.22116
9.18888
53.29109
75.57155
43.44471
60.07032
47.93651
80.16388
22.10528
63.80489
45.39078
84.00300
21.51841
9.67027
81.13133
49.95032
75.65048
80.91310
36.33223
84.78408
85.30940
65.41187
67.19884
12.38798
93.05165
66.92814
69.69701
66.79457
30.78940
8.65116
89.50787
7.14718
8.55329
93.29451
47.77306
39.87043
85.61184
40.33157
98.73994
16.04422
35.63659
45.67211
64.15830
59.55679
19.60672
87.32899
28.73007
51.72632
54.32855
68.60494
5.25839
19.93178
59.30331
51.32722
98.16306
30.28887
4.78939
39.90658
11.61356
70.23320
85.57727
70.18135
70.74827
73.61971
36.50339
77.43290
6.61639
57.90626
62.10388
62.08872
97.40859
49.52470
61.01341
18.45629
78.95718
95.44522
82.13465
0.00756
59.62325
44.07207
33.51661
19.48969
38.86070
52.04980
88.79193
11.04267
59.33587
9.53154
78.26082
79.36246
21.27983
83.62495
4.75523
41.05604
12.04916
40.61501
59.21533
51.85813
70.54400
6.56553
18.04287
38.03656
69.06342
80.45144
50.95664
17.94606
33.89561
16.28835
56.92304
70.29601
32.90962
73.94644
47.28360
11.36270
40.49314
71.53622
56.71905
1.12963
66.27405
46.30397
14.91488
28.29982
83.10429
23.12367
49.83365
10.47107
96.25806
13.12029
26.31076
61.10628
83.87412
96.66627
93.18377
95.64530
59.62895
85.44791
10.19927
86.84504
88.83019
38.13117
33.98624
78.22835
46.58904
80.44555
88.98779
84.24661
2.00779
40.14359
47.29269
41.16373
67.59414
18.52521
63.83488
36.57051
85.41030
4.12065
13.03578
99.99904
5.84685
49.64958
95.80957
31.58128
63.92756
69.93391
77.06304
72.68167
32.80088
59.23979
12.42471
86.91761
43.28880
14.47506
37.22960
1.05077
53.49005
27.80536
51.00009
91.73690
35.14970
5.79325
45.85086
66.92352
8.80703
8.11523
5.39401
50.52728
67.80289
53.48897
14.19518
35.51889
97.77367
9.36639
17.48526
20.83368
29.97182
96.68158
53.70961
86.12124
55.93889
27.68094
53.81307
57.11272
33.01946
38.30518
40.44544
24.57065
88.21157
93.48217
48.27975
72.86060
84.94016
69.33207
36.50722
8.95807
52.59065
73.44371
94.21628
67.30456
48.59693
71.31227
2.12813
13.70775
82.78190
4.16321
6.64594
43.58467
73.36955
13.32765
72.73861
86.81823
71.60842
70.36012
90.83420
70.27265
1.09272
16.62016
71.22120
9.22814
86.09477
71.06579
81.42229
93.30593
85.17896
96.34576
61.87939
44.62539
93.22433
64.38385
33.56428
72.97439
27.20045
61.77001
33.56987
63.66277
62.38926
56.57549
55.51877
1.91350
75.59703
51.76257
32.09348
27.12172
64.03393
0.94474
23.53041
73.18283
31.76568
90.98511
85.84249
86.39755
63.77356
13.08045
45.93745
93.46088
2.67288
26.38641
98.26155
1.85881
2.53114
88.04464
59.40461
1.91860
23.68276
93.16761
89.99983
0.00201
17.50657
8.15983
34.03165
71.54983
22.85218
0.71406
42.65092
56.84131
98.20923
70.09780
0.18357
97.07920
63.76224
38.81397
68.86276
43.85646
50.77383
17.33300
54.58907
92.37230
65.35298
57.72942
68.43618
38.65970
31.49682
7.08155
25.24654
98.62159
42.83485
49.37381
11.67028
78.76416
94.69889
6.99676
26.76948
1.36411
37.63244
89.36313
23.03645
53.57249
58.22537
36.74114
30.87851
49.29725
54.92257
20.21914
77.21944
1.46648
4.16841
96.35458
90.14491
19.48154
23.48215
95.98448
16.28231
48.64564
33.19368
27.94823
33.98906
90.36259
56.73300
74.18424
52.03128
16.62404
22.16820
33.40162
47.04230
64.09006
4.95906
71.28113
56.76390
72.07291
37.29487
86.31601
28.20405
18.23633
25.21582
44.58868
55.16695
14.05574
10.85699
12.06497
11.10584
67.98981
89.85071
68.64496
40.20095
64.54692
31.49493
30.37658
4.19030
55.88217
94.43004
12.68706
11.11866
45.50452
10.65278
60.25105
63.03991
18.36371
90.90946
73.59194
47.92161
44.97022
23.27550
8.52486
60.17148
88.66899
25.51555
71.18687
34.06692
41.95078
49.18006
3.44560
28.36970
36.68460
32.57912
18.62090
40.77913
84.19277
25.55720
61.54012
74.67766
13.37651
37.95575
48.97852
66.91583
59.91695
14.91172
65.55692
23.51215
8.01120
78.35830
79.92435
91.09156
79.30366
87.86742
39.14094
27.04907
44.58467
20.66881
84.97045
87.70142
95.61589
30.63669
18.01823
92.89353
21.44278
61.16126
81.27287
90.71276
91.15144
66.86867
48.39634
17.54541
16.22964
58.59807
42.98371
55.92885
42.63675
4.32416
6.68651
23.32444
37.71682
93.97441
61.84584
81.08939
16.18171
61.79695
6.40330
53.17175
57.92665
98.56858
15.16817
6.08457
89.61527
86.38993
98.47606
50.35102
65.35378
8.94221
55.43115
49.09012
78.13377
38.04354
33.13172
48.93918
26.71001
23.78027
63.01469
94.85954
77.70072
80.54593
21.08644
71.21406
87.21308
14.45650
59.58892
15.18006
47.03119
84.92365
41.40739
8.77793
87.06430
54.16987
68.44054
43.28817
1.92604
84.62285
26.81895
20.26551
68.62638
52.47539
13.54877
92.42964
40.98025
64.82989
46.95574
14.28357
16.19996
75.03235
77.92646
50.98006
99.52682
97.59329
96.09289
46.93479
44.42484
42.89477
17.33641
83.61235
80.02458
35.43265
30.82672
82.97087
83.73182
28.30737
72.02809
22.33406
7.34061
5.75017
71.23213
43.43875
60.62246
6.01988
11.27775
8.63224
91.02872
83.92923
86.48917
63.05713
89.45095
5.95319
93.51982
48.47183
36.60208
61.71774
25.61926
26.94468
87.84928
21.44756
68.11762
63.90754
5.05768
91.85345
53.07097
89.98008
8.50311
81.77873
32.94790
34.00428
94.24660
39.15782
33.05703
2.19309
83.33844
16.42236
98.19258
89.86428
23.66635
65.93926
45.88272
72.46740
9.72102
83.45817
32.05388
95.81863
77.56422
71.44809
80.87821
88.27791
25.80614
23.52888
78.90948
2.80934
74.51523
37.34151
88.15207
7.27784
23.98087
38.68213
38.27738
7.01770
87.08204
53.28524
80.27762
77.48422
30.86822
95.28124
75.18817
20.55348
97.96613
82.29956
96.92930
61.43223
77.91062
66.61842
14.22297
18.92217
83.38501
54.38735
23.28775
21.78113
85.59665
38.98966
51.45610
96.15633
56.59906
74.42142
10.33962
31.18097
81.36873
15.36915
83.34877
75.03737
68.85038
56.18317
99.27280
89.29727
22.91781
62.65736
80.57641
48.77850
99.37296
61.07680
42.73143
52.29518
74.60794
69.22467
90.46152
73.15593
68.61367
92.62922
88.56551
55.42149
17.46272
11.68619
86.62124
73.85779
14.74779
55.11146
47.82827
23.96913
46.76123
84.12711
56.71188
7.94534
37.98716
55.50472
32.35478
85.63314
21.96818
18.57809
11.83500
10.88420
89.04716
11.95154
86.97421
51.81321
96.89241
71.34505
19.31941
14.13786
49.70935
78.61828
94.53437
80.43334
58.57517
61.84072
91.82262
24.55466
31.26569
68.07039
34.08496
57.12978
90.34417
58.76888
51.94413
77.90981
54.29432
54.76639
70.42895
80.88270
26.49409
32.43146
60.81481
64.36984
52.31108
49.50020
4.13764
90.82946
92.52647
19.75990
87.57392
8.64360
20.05217
3.39220
62.78137
61.54881
25.73800
42.90030
42.67039
47.47795
22.72562
41.87639
53.48906
36.03096
29.25216
48.64510
40.82075
88.07398
31.72535
61.49828
8.48531
24.90482
83.99817
87.21848
21.94424
37.33721
46.86664
23.42496
78.44899
15.50738
16.70733
49.13348
99.06120
11.32007
24.11731
43.19259
24.21914
96.27738
17.72525
31.83946
65.41889
32.54897
72.90572
65.03801
88.48009
55.87794
26.98703
85.68898
69.47542
68.89793
3.53759
9.45979
75.11405
54.48258
69.54020
71.83759
34.89242
27.84796
2.43253
70.71217
78.45657
70.38772
79.44342
9.53654
10.92789
81.78368
85.80361
15.76721
96.48348
22.21991
15.39373
34.13522
21.98674
51.52391
52.02462
58.72610
91.57394
98.41538
7.82446
95.84776
28.11807
46.02747
40.27212
49.51933
64.72988
97.36320
5.75694
85.21285
83.42889
10.46114
5.60614
9.08502
9.66638
97.41675
78.26175
91.90125
80.37215
87.69490
82.96888
9.97545
23.99535
76.30763
62.82572
13.19904
40.43039
38.31965
19.27878
89.50926
50.82666
44.30425
44.36914
19.39880
34.69241
56.98054
21.48962
4.91500
69.74332
57.50151
67.68563
37.93307
44.71733
16.58850
97.58676
99.97021
19.54896
40.54350
84.61386
62.62254
27.38318
36.85931
84.69668
18.32843
84.69894
1.52936
88.20462
44.39413
12.66380
73.78339
75.87921
75.62771
53.73506
83.24444
68.39770
93.46208
91.08416
52.67200
89.35539
66.42771
79.17123
15.51463
65.05460
33.53321
72.46979
37.18588
36.96590
94.91531
50.83100
38.46242
51.99404
20.61479
72.10030
32.19881
63.10367
57.68606
26.08286
14.40557
35.18515
87.37887
99.09218
39.14396
88.56760
90.91606
12.19993
83.73066
71.35863
62.68507
56.28361
93.81606
86.15231
18.20269
85.70527
39.50171
14.17485
42.00593
14.42525
31.38273
20.97977
34.46975
96.77675
76.25399
56.36849
76.34072
68.76081
59.30589
10.83378
82.83417
93.18620
55.62891
15.30823
93.77153
36.39838
58.52357
20.55391
64.89260
41.30835
32.02480
93.90364
96.69043
50.47618
13.46472
40.62186
43.09039
36.33627
23.02722
45.39874
69.43500
8.68017
25.17271
93.65959
36.64668
13.10617
83.65907
26.30309
27.45533
51.22698
23.69464
91.53319
41.16886
76.41726
66.79153
47.37131
2.00299
2.23058
4.52872
73.99667
66.64056
34.64000
17.68969
79.83454
18.40805
82.92972
15.42300
49.01105
6.94427
87.14266
1.66860
9.67050
7.08447
75.98259
33.86902
77.61799
49.65458
49.46235
22.75304
91.42954
37.02671
38.66567
63.95300
54.15465
77.14248
81.65621
61.34728
35.72334
28.17497
90.51797
51.81177
43.82013
80.04755
32.89937
50.83928
18.07184
1.26563
64.10626
87.73954
52.15207
78.03610
48.33071
94.09286
10.77494
46.69145
43.18257
47.92279
53.65790
95.69416
79.79713
96.91806
49.13496
13.66249
74.88997
37.38434
21.00492
21.18759
83.80295
99.53783
79.90561
18.26335
65.41833
1.10685
23.93100
31.66907
55.67823
17.34082
0.97237
58.58803
24.57691
28.18571
62.69804
51.18591
57.25335
1.03595
48.81862
51.95936
75.06146
85.34120
45.23693
66.01708
13.37623
36.00595
61.94260
84.29465
79.14217
88.04171
32.66921
95.91435
15.08559
83.84837
90.11659
94.00490
47.12405
3.83156
51.60460
26.03483
54.09471
61.02152
94.82610
33.51960
13.11910
51.94931
44.78222
19.74287
73.20837
25.71137
86.82878
78.67668
16.03812
11.00076
89.82189
95.86645
39.06191
85.38491
79.78356
26.28653
5.60730
65.36094
47.95319
44.81633
19.93048
0.46877
83.86401
87.30076
1.85026
92.47976
44.10652
4.03945
81.41179
5.05093
41.16325
30.35329
68.04289
20.84786
88.50670
6.15197
92.92658
71.30560
64.10000
40.36147
94.60362
43.34856
17.01263
84.17004
39.21468
39.79515
40.49685
99.08365
0.70366
55.56998
85.45295
58.71975
43.97206
1.20012
91.95031
26.54749
83.02163
83.27722
16.72765
89.89253
72.21771
13.61206
41.89365
55.58566
89.89812
51.89244
10.62426
39.77853
90.43879
27.05784
82.20716
70.07785
10.15498
63.54091
40.69423
58.39068
84.77437
91.66819
3.25367
5.56109
39.18906
20.67052
25.28259
38.00274
72.70829
89.69076
16.56504
18.52862
8.29767
40.30678
38.38835
31.19915
27.57670
22.22587
9.30126
37.21478
73.28821
88.81174
14.24778
96.89193
47.04783
44.09445
26.74454
11.01837
86.25887
8.77644
87.71454
11.22283
5.91862
15.84343
18.34836
27.23664
74.22341
79.95930
59.64417
56.45059
73.17904
36.84059
53.60819
22.58107
76.52747
57.85263
56.59508
26.00972
70.92421
28.47784
71.15101
64.29313
0.00414
2.64580
34.65738
68.35621
82.12783
22.58560
93.81957
1.21228
29.12149
87.47012
87.81053
38.10233
29.87092
45.53352
19.54879
78.02047
84.49398
65.56075
63.92114
92.81505
83.15929
39.81810
62.02367
18.78453
25.55337
88.40712
44.06345
91.36452
9.27363
74.43530
58.54486
79.94183
2.52337
38.06162
94.81719
89.95292
33.53319
79.72642
29.27181
18.49399
2.79690
55.67800
45.63934
55.54201
86.03131
70.58940
27.95415
14.08173
0.95252
11.29072
98.17311
66.61037
11.99551
66.93336
52.24459
65.78938
65.97029
35.96428
0.89083
88.35105
56.17698
20.61296
84.77484
24.65748
40.69997
74.37739
67.83773
84.90027
1.34472
0.68170
43.60790
2.57076
1.03228
93.86352
44.60255
66.68500
3.47595
3.59515
43.71844
41.31822
69.88446
69.73352
14.20287
62.35960
69.14761
11.34404
26.55390
25.88384
24.30874
84.28246
60.32804
78.23805
61.62804
68.13607
29.01871
63.97279
64.34422
12.36988
2.07242
98.77459
34.93833
18.26842
22.42906
11.37975
86.05060
85.23146
4.51718
96.95973
28.98598
39.99248
25.41969
84.72044
8.75473
26.35369
84.94052
47.22657
49.43690
10.22146
78.17407
83.73650
41.22911
90.17495
58.53286
41.11650
33.01660
48.21795
39.49121
67.91448
1.73477
94.21322
64.44313
1.16931
59.18971
54.68008
81.29557
73.78225
68.37969
28.93217
6.78252
92.02315
41.21336
68.29673
35.16613
37.15095
24.81174
28.72440
43.67883
14.46916
19.67561
80.05779
95.21831
7.97657
89.16374
83.89986
24.42565
41.53685
72.39807
95.82409
77.99337
12.32905
43.87257
14.23742
38.26802
86.74451
9.87668
25.55575
2.90786
62.90103
97.54178
16.33750
83.44482
47.82058
0.86058
44.47722
6.00729
43.82544
65.32756
14.66980
18.21496
82.22010
5.75728
66.61776
71.97514
51.72195
68.87925
1.86606
3.80743
31.25723
99.53322
35.25396
93.06578
90.69289
54.28205
63.20907
64.80985
18.32543
21.90404
55.42628
6.58929
63.55489
25.64118
99.43527
31.42013
58.46128
30.25312
66.83905
30.89061
46.52580
64.70158
26.91506
53.26693
76.65853
29.99064
50.98080
55.76522
25.49057
13.06320
79.49179
19.53614
2.35592
25.86813
55.05004
36.61742
25.99695
25.04520
44.08277
85.74331
21.94845
93.01882
30.21555
26.31199
87.44511
96.00020
22.47381
53.84478
26.69670
4.16647
4.27405
28.02120
60.13707
26.44672
58.89314
94.48941
64.98089
31.11724
12.45336
57.74828
63.94603
25.49526
62.99827
52.18560
91.05362
17.16167
7.66951
99.44206
76.83125
35.73418
58.37503
99.40133
95.65075
0.70035
3.56280
7.40481
38.46585
56.81971
88.16973
78.22939
76.59668
21.85872
60.99800
16.57169
85.89720
29.06624
74.85286
12.64930
84.03225
46.09673
64.78567
80.96336
1.73726
92.76344
15.14639
94.24498
8.32111
70.50000
13.50174
38.89893
86.31523
13.50458
71.24218
36.20410
94.54894
86.61554
68.77364
27.57283
87.20069
22.30627
5.80247
7.27231
93.53108
86.49646
92.15628
2.04444
42.49967
13.20486
67.28794
60.23783
62.65847
64.05315
15.90828
39.14929
39.93869
65.26963
74.67626
86.69480
19.07907
3.52684
10.09071
49.85345
13.34215
60.37612
76.19118
92.71909
0.87093
41.66435
84.05296
27.62676
35.12506
14.14649
60.66448
39.96887
87.04071
71.84903
59.49897
81.90931
59.45875
88.30577
64.75178
86.94819
70.14104
40.71012
75.94007
96.10529
97.37510
12.82169
51.75223
6.28614
26.39176
2.16967
46.63839
23.00674
56.42106
40.13870
58.24392
95.60750
80.79677
4.55805
94.71952
38.47016
24.10867
93.81839
2.31268
88.97145
62.12537
17.35907
4.89760
88.75886
54.41827
6.17732
94.49027
47.38113
39.98961
11.63308
92.11010
70.37673
99.93471
5.76061
24.44132
71.24436
87.89309
26.75734
68.45016
19.17027
50.49547
68.55966
1.78889
91.85175
77.96052
49.68556
35.94504
67.62462
18.46441
18.02950
58.60677
10.87834
37.03885
25.58921
41.58923
57.86192
72.33442
66.86830
9.86171
50.50958
24.21836
12.64851
54.35550
68.92015
96.03463
92.76029
37.98382
11.68670
54.94968
32.47128
22.76610
6.36603
92.28599
62.20173
77.14676
91.96726
22.70380
57.66632
29.87094
15.86769
5.10843
54.14982
90.19055
77.68951
84.42840
74.82115
21.06121
41.07510
59.39246
79.80058
0.91715
59.75148
22.49577
9.47987
26.59058
68.09109
60.60857
85.34306
51.29568
47.67114
36.27945
47.82922
81.53539
7.68425
68.56492
7.97453
73.51817
91.47861
11.82997
0.53418
51.59780
80.73820
8.92419
88.12773
58.32665
83.68246
5.27461
65.10961
79.07304
14.93576
89.13398
52.40442
7.30308
93.79477
13.81590
59.93557
26.98158
45.79550
18.36983
50.03854
99.69692
61.55841
36.93013
23.64145
71.54524
13.28127
42.33169
85.56987
55.08714
70.27648
95.10948
10.80855
24.26543
11.46349
91.51165
94.94814
49.69799
56.25742
11.87885
62.07439
29.18636
30.24525
45.87494
88.45089
89.14248
62.25071
48.46355
65.06101
16.46557
77.23913
78.37037
22.23659
45.13766
61.18678
47.63380
56.88572
18.57433
36.54796
17.89239
83.14609
0.89181
92.19709
86.53614
38.99769
14.69965
52.10607
44.29752
22.91541
19.77698
1.55468
52.04098
20.21861
34.33409
25.93066
79.91354
18.23905
20.37198
17.62446
88.71467
19.24399
34.36359
42.50548
72.31632
13.83358
15.35856
77.76941
27.31494
21.17339
98.54471
81.39160
34.62782
59.12402
64.39992
69.22960
60.99730
84.54239
36.22380
57.21187
69.89051
92.32582
47.57217
48.91217
12.63576
92.82880
46.69639
98.76833
28.25171
50.36458
85.99116
89.32583
15.63510
63.55224
47.64012
42.12905
74.39482
64.66450
49.78662
48.42495
42.24630
11.71395
76.71901
11.67330
28.63535
45.65707
76.47699
50.94622
17.06602
35.49959
53.62762
36.10327
43.31115
51.03475
65.38081
94.80977
55.87246
69.06744
23.47354
84.61551
45.56100
91.99106
95.98692
51.79114
42.69080
74.42617
17.78809
50.18603
33.94162
58.74256
27.29650
59.07359
1.82893
72.18739
60.43092
93.51250
90.54859
46.52757
36.56924
73.04543
71.96862
38.63963
48.92390
3.23874
37.23599
85.55226
66.57462
29.11429
91.75322
81.79425
31.75763
71.01617
69.04470
39.68872
96.56294
35.20153
89.79273
99.11494
47.60906
35.32557
92.65778
64.28541
22.13951
59.71389
47.61651
72.04541
87.61931
56.23876
36.07213
53.21447
33.16994
2.64813
94.94530
68.26822
68.14350
38.14885
69.18631
94.61539
54.10577
99.25358
88.91480
37.15216
49.62570
17.99219
14.23010
93.53073
45.31496
32.17934
6.79926
32.49489
89.74490
94.26930
9.07215
55.85556
51.97923
76.22121
65.37826
77.69667
9.93303
12.21560
96.63493
48.29421
79.74704
24.58663
87.74653
6.25089
46.88366
20.34040
94.31374
24.96876
12.75039
10.95236
22.47783
27.25048
1.11076
52.86396
98.39396
70.57319
52.45828
75.63876
60.23467
59.99489
27.90686
94.49331
94.12523
98.13814
95.66476
92.22783
40.25105
62.66016
99.50242
58.32087
19.50350
45.93744
6.58165
15.57661
58.14763
37.98071
51.24460
13.63858
89.77452
73.40961
82.57266
20.55852
74.41767
63.84122
27.59382
93.95475
70.54602
3.53010
27.28608
49.01335
23.74074
81.15071
40.89229
65.35594
42.34717
31.43844
41.54250
62.75030
58.83693
57.46518
15.49151
44.65031
69.64147
96.91387
89.12624
7.07948
66.94947
67.34054
4.80470
2.62479
55.03304
39.04009
89.93685
31.71994
1.61697
36.46695
89.07073
49.02610
25.70797
60.54270
10.59096
65.83151
42.80828
87.88660
90.37264
23.09066
65.27812
84.14898
74.51741
88.52081
39.74110
52.05201
54.43739
92.58336
36.76546
51.77927
2.55732
91.52992
8.17536
37.92357
89.72263
24.54098
16.48694
21.09321
40.29511
89.63653
45.04674
27.21582
32.04766
90.21108
69.85553
15.06696
37.19505
55.95150
53.83131
3.62580
26.32923
43.51301
59.06603
18.42980
88.66236
16.67437
19.65239
11.62785
97.57852
41.89842
10.61920
36.46112
76.51987
18.24132
16.34583
70.71594
92.97516
67.09306
60.74112
32.85448
31.59297
68.76365
3.23446
89.35978
91.57852
56.16261
32.67118
57.29325
9.88207
22.43973
70.87392
92.38368
54.14938
51.78310
52.01804
8.00680
46.60644
65.49258
8.86903
1.11837
97.63357
10.49190
90.05920
2.97269
33.13809
27.77031
40.09296
43.63723
96.42634
47.59408
31.45704
52.13440
67.11357
63.26717
93.35113
10.32379
10.91390
32.37452
71.55761
62.84802
92.34869
1.89884
76.38846
74.02482
55.93182
36.90882
15.26208
36.69975
61.44817
99.32399
66.75284
54.84646
79.41489
79.42138
17.93320
38.97371
28.52610
78.49826
73.85102
83.50594
70.66652
95.71498
4.82351
18.76771
27.69997
50.60416
29.34139
9.28932
74.87984
33.60584
0.23060
61.69312
37.31439
0.87365
23.46116
32.86638
89.25250
50.72120
86.91787
29.24934
37.96409
13.03620
18.91306
4.57895
85.23024
59.76058
87.63982
7.93057
4.01106
0.89343
90.93689
75.44092
89.34113
96.97036
4.36407
21.76430
33.11825
42.70690
67.58360
14.75056
55.78925
77.88941
69.21069
20.15687
86.57149
79.57730
53.69361
22.94245
80.05425
24.13083
46.78482
6.60813
43.62934
72.99594
90.89632
61.58313
30.22511
64.48550
56.44658
36.90054
83.24385
56.15297
54.09588
73.22206
42.44635
76.15285
80.90575
27.18238
77.38897
74.24914
52.53643
32.84386
36.53548
33.24094
3.62601
62.26473
28.40457
94.55808
17.39010
35.10717
54.82199
34.96818
80.51994
16.21096
50.24361
70.00298
91.79507
63.46367
38.50637
13.18299
27.69268
16.24155
51.22971
68.11411
7.81040
69.05031
81.43854
94.18219
13.93676
96.73780
59.64112
70.37700
46.29659
27.63154
24.23634
11.84093
97.03330
9.65126
13.87699
53.47394
0.71901
3.20742
8.85685
65.63406
68.55720
9.77391
71.08912
58.29444
84.42265
19.95978
26.44773
19.89655
86.95017
30.12421
70.84189
97.41305
72.30749
3.97292
58.45469
61.68673
2.31155
68.97831
65.10295
2.52903
60.08583
1.30247
17.11885
90.40757
80.89174
27.96362
20.07825
35.70349
3.23939
90.55609
66.78407
43.66985
77.44986
71.03547
46.88631
46.58837
73.57980
35.75867
23.57119
64.14069
9.88436
87.30903
15.59506
37.64387
80.82350
29.25761
78.90494
96.88012
43.76775
20.30198
80.95093
85.24078
6.57343
58.22637
16.73383
79.01374
74.97246
14.74072
2.43823
18.09607
53.99418
84.15801
7.04349
8.45049
22.90298
94.45411
39.40887
74.03050
63.10127
20.49703
22.64663
81.32734
46.33543
43.67460
37.33819
53.13953
72.46986
27.99083
19.52782
14.99739
18.29567
54.78633
30.58886
49.00206
61.11083
3.09163
58.16268
61.27167
8.86805
94.22729
50.20997
98.92287
49.90169
44.51558
28.78755
56.88240
15.41357
87.20584
37.87301
68.12397
67.33731
54.89970
40.15001
47.55608
24.56353
78.63901
72.19842
24.84770
54.89820
66.08473
73.45024
44.12449
22.85533
46.01759
71.68324
51.22876
54.77789
42.93327
87.50730
73.86911
70.57059
32.39626
15.26077
67.15130
53.10414
32.85795
73.48654
39.89545
57.72370
71.87271
69.29768
7.04495
92.88584
1.78408
67.20261
92.93662
96.83601
3.79835
55.03681
60.67176
77.30693
95.76256
19.43959
29.56719
15.14988
87.99542
72.04460
14.96901
1.84459
63.12950
11.46277
41.19627
61.82767
8.88304
15.09158
30.63390
83.32982
19.80282
7.71843
24.03959
76.98855
3.32955
72.60391
25.76056
32.39854
5.54507
27.24845
37.01075
40.09132
86.51942
58.24770
98.33073
98.48516
53.18858
24.28842
97.42849
94.76776
11.60792
11.87871
16.41503
37.19477
89.09296
96.09021
58.49842
63.25970
30.87232
67.56213
41.14617
91.12055
29.48231
83.11299
15.34048
19.27763
5.80254
96.36561
48.92070
18.81293
96.96110
57.25282
98.27844
34.33577
77.20242
47.04882
83.17147
47.45094
36.87219
52.71801
55.00687
0.72699
74.33073
10.36867
50.41323
21.11614
59.13731
33.79028
97.30641
51.74039
93.87960
3.43456
2.10765
72.93402
63.19886
0.93534
31.36360
80.40410
3.70700
92.43271
57.06680
35.93845
44.99024
22.97063
66.40791
72.64882
72.18937
84.76831
0.85673
25.72428
4.66632
20.28639
90.66982
48.26423
44.81405
75.68117
53.46726
37.17178
66.86724
85.44684
14.27807
91.80906
18.83973
94.84204
73.57280
18.61105
48.42853
68.19755
96.08061
32.91173
40.57730
40.18263
94.03784
22.68254
10.28599
41.15930
8.12586
66.42552
5.49416
63.91765
18.91906
69.01103
52.15367
94.96456
86.72312
26.43946
26.48106
24.37166
55.39017
20.18969
59.13635
82.96931
68.88012
63.46222
46.59527
53.66317
14.43773
25.39296
90.16169
99.66014
42.07945
91.60140
41.88527
86.94460
14.41902
66.16693
89.29073
53.09425
53.22847
94.10868
34.98163
87.71749
40.85474
70.91387
43.16068
27.57218
48.10926
73.08624
4.56952
9.41032
24.39814
19.63963
25.01741
90.08072
73.48380
42.01882
84.73714
71.77714
41.74720
27.99259
58.81960
53.25807
2.61497
91.73577
88.84714
62.94236
48.38704
76.46420
96.29764
11.01025
16.48647
23.57801
10.11545
1.44093
3.81348
41.95279
9.84085
17.03209
97.08111
96.57233
1.63812
29.87213
91.28532
42.91029
50.60019
39.15357
32.52700
56.73720
36.08542
47.35686
99.09937
29.11271
79.89219
78.73048
16.35086
52.17086
66.59716
77.61293
93.12123
45.13069
92.82229
35.60150
30.26535
93.06794
88.61656
88.30137
18.59546
66.55400
59.04417
21.41033
45.25235
39.43629
53.62009
33.30426
12.72912
51.49644
43.30928
80.24547
63.06753
33.78290
28.30245
93.16436
80.44890
14.87174
91.32704
38.10195
47.48024
48.32858
45.71480
64.19643
81.11917
55.72468
76.43411
83.76670
3.33328
93.60756
85.85769
53.82830
19.84363
38.93936
41.86691
9.45273
23.37709
27.22943
35.79496
38.06539
82.73913
26.25592
69.16338
78.31996
69.90303
76.03627
86.41999
40.60684
26.30236
63.68766
21.56922
31.15575
57.31546
4.47528
21.17057
21.34894
54.37402
79.33249
46.90099
4.36542
14.80192
58.12886
35.95975
69.68017
16.97471
70.38826
86.21736
73.47978
49.09548
35.89798
38.79588
5.33001
66.45614
58.39492
67.33626
36.57702
80.69639
87.94551
30.12932
11.96119
6.21508
23.98837
87.70260
13.72812
39.21712
89.55739
65.49010
48.47186
97.58459
80.28004
84.15217
63.33311
43.07122
14.75242
0.67455
44.86655
78.09584
59.11252
72.05907
74.13407
2.41624
30.08404
40.66390
75.86508
71.11972
8.57720
95.83204
17.21418
49.76222
50.04958
65.52453
61.30591
83.47233
73.72585
3.16889
6.92274
14.43683
6.16739
90.51177
83.91431
9.48704
17.21396
94.71504
37.27006
51.96219
31.96540
34.80082
56.23381
7.51239
17.54389
90.12900
15.15527
27.73151
73.30873
48.51041
37.96173
8.61217
9.87497
71.36543
47.74415
59.01563
69.82555
75.64701
19.92672
90.32557
76.54933
6.09452
84.26246
80.43379
8.09938
56.78263
50.31105
85.65486
53.82941
68.77076
49.75149
2.82573
65.01988
23.80019
3.58979
31.72961
98.70813
88.52210
65.35947
75.66221
83.27742
36.61713
85.73334
51.83183
42.92133
67.26884
78.88600
24.93375
33.89592
33.75931
95.22921
77.14065
94.33866
68.14965
89.02159
54.99109
58.01084
4.38701
6.65790
44.18403
56.55363
98.69852
6.33378
59.17881
20.43554
82.72294
64.18433
85.84952
5.65170
66.99338
22.81733
56.38576
70.18292
36.84253
8.10558
3.58897
22.74170
55.25747
76.93900
90.05625
2.32902
12.28416
41.85393
47.86712
50.11054
16.23700
69.92459
44.78372
0.29162
53.24657
32.53430
45.93263
87.21363
4.25942
64.93413
95.65619
74.69011
3.80473
15.05198
18.64366
4.52038
56.26882
3.09281
42.00457
47.12946
56.14815
20.98016
73.96819
39.28940
72.75894
53.96370
56.73214
91.02817
46.91970
28.82992
49.09512
97.31029
34.30316
77.36590
99.24096
47.07952
88.12598
97.15151
9.64941
51.77377
1.73952
27.44499
64.47335
60.47541
25.10754
5.69665
52.20846
62.71320
76.94839
84.11611
75.94322
55.17740
6.50319
67.45014
26.34615
58.71847
95.75618
10.51724
41.82292
38.70294
0.22403
17.80723
33.25087
76.33226
38.97487
24.14710
8.95840
89.01137
55.64315
4.50904
9.50658
29.41604
43.05974
50.20187
6.87440
60.11428
17.26543
7.89348
81.76532
17.89097
77.08884
80.61328
73.36264
60.88636
4.03159
13.92265
81.72806
45.04640
89.20469
23.05783
34.81068
87.23523
6.67176
57.48336
8.13569
26.10190
34.42011
3.19523
0.18279
90.34614
44.58172
74.90698
14.54240
99.94977
85.32987
26.38030
18.22105
4.84127
33.69644
31.62333
15.18244
67.06287
81.39351
94.09685
8.59324
26.79783
67.07102
22.83284
2.44174
98.61013
69.09612
92.23374
28.09812
77.89055
44.27306
40.78590
78.27720
81.18353
61.64779
38.13659
45.24840
98.22361
1.26505
7.15796
81.55298
69.88499
51.36300
44.93297
52.03290
53.18131
85.94796
64.68771
30.47269
72.80722
99.18329
33.63816
11.60575
83.59194
47.88346
32.62139
83.33976
29.67871
26.19723
18.01855
71.55753
11.90683
23.22142
46.24264
73.87094
56.26436
98.14915
32.07686
76.15020
81.25359
5.54821
61.10910
19.67812
67.52045
6.90946
20.98375
59.02334
87.05143
31.54255
45.71406
80.65292
96.29051
36.62940
57.65124
51.45091
10.53178
7.74066
40.09306
13.16253
55.75299
16.88229
10.22926
98.91460
9.96120
64.49644
38.58803
59.10670
65.72154
26.82508
75.68447
35.63192
96.17245
92.88219
95.64186
30.73882
41.62261
93.35560
80.76851
47.43469
8.60669
99.94044
12.99970
37.61170
3.72791
54.71506
0.69234
80.20011
90.40069
15.89103
87.55765
54.53676
97.83982
61.62754
58.02623
51.05803
62.45287
64.86987
59.59165
55.71866
42.71745
3.13710
34.08829
19.61072
26.35263
19.14304
64.23116
60.82431
96.30327
25.46427
72.69848
99.15605
12.10427
33.96577
81.83608
51.61809
43.61235
26.84788
35.18007
94.16739
83.11037
3.46297
43.93782
29.89057
5.40714
26.52078
27.44746
57.75429
98.42591
71.28029
85.49063
70.53845
45.43644
32.17029
3.97296
44.97485
21.56327
11.56484
36.96818
89.06715
37.48064
72.31959
70.87288
49.85205
99.26518
74.86279
86.49426
8.28034
8.75863
33.34691
77.74539
62.50186
81.71328
80.98631
75.50277
9.46851
7.41454
82.64528
26.36990
71.14343
35.78261
24.60695
71.24045
39.15219
69.88235
3.25681
8.56649
13.64083
67.70294
56.74471
92.94249
78.42915
74.84433
79.23376
31.56062
42.43735
81.53684
9.63161
21.71198
95.71467
10.28810
72.96761
79.35485
55.81978
86.91922
27.57506
34.90487
7.89748
25.09562
42.76090
30.17010
40.62861
8.57186
31.96513
69.67905
81.13035
18.93488
82.69797
68.53183
75.20119
93.92014
6.39085
28.37707
72.78597
45.69143
79.50540
61.35766
13.47514
93.26445
21.91041
32.83889
54.23437
70.44188
9.84556
52.72656
79.21306
99.30922
41.83321
32.39625
34.15399
21.58259
96.46642
72.48801
15.60153
84.99089
15.10231
94.78216
18.64250
39.52869
48.53645
70.90858
55.43296
51.14985
34.20981
83.76663
11.91140
80.75170
69.38910
20.15880
99.63510
30.72253
22.31230
87.70908
41.03893
76.89180
54.64595
72.77701
74.36074
27.72784
48.15610
81.64503
98.31321
15.76703
66.94228
16.54423
53.12127
36.91776
73.44195
6.03922
1.06353
55.17391
90.77652
72.71794
39.17818
67.39529
76.47091
61.34163
98.08736
67.30801
47.59040
75.07390
47.94091
19.69902
63.11448
40.01018
69.87270
54.04534
35.10107
85.95681
25.90032
35.15123
70.44179
69.26308
63.37903
7.23522
16.56103
81.76003
72.93758
39.65045
56.19676
72.94713
43.10613
73.30409
70.36976
43.13870
57.94463
95.59318
51.76048
62.02206
81.49293
17.16429
92.14838
8.09105
75.54558
24.29014
77.28348
86.45589
21.64265
22.91115
25.46714
10.62485
56.08681
50.48740
54.73607
90.26894
99.07606
1.78285
39.84138
52.08556
50.93344
38.27779
85.95159
25.49293
29.73915
80.34128
80.91892
1.39590
77.75882
84.08916
99.14779
81.40733
64.31978
15.63875
32.38945
11.57595
36.81953
24.75607
52.46964
54.86049
57.63154
46.80581
38.65218
33.39949
6.03432
84.70854
36.99578
94.17193
68.79750
60.16472
17.58025
1.04889
49.03284
67.99944
43.29649
52.61684
80.88832
78.49639
40.68477
7.86996
61.87000
10.94947
17.05242
90.51128
36.48761
68.19401
98.71704
1.85287
3.58410
55.31581
41.87884
18.91651
20.26963
46.18939
8.87083
22.94522
28.54296
16.09356
48.55848
63.44880
85.72938
84.80232
41.57928
18.32822
99.73493
57.96100
15.63441
81.28957
47.18785
4.26680
83.13166
89.62145
2.85323
91.93174
37.13374
85.47813
29.13068
40.35348
34.61577
4.61613
12.35306
74.82559
77.09819
73.60258
59.92582
49.45197
31.77393
96.65729
54.93237
78.85195
3.84836
74.35018
55.54857
23.61772
89.87901
32.27290
3.02471
96.75831
3.27453
99.55037
5.50392
18.51392
26.96403
43.70807
65.04734
8.84908
94.21837
56.69796
19.30146
69.21512
61.97827
29.36639
65.84657
1.99094
1.01115
61.82751
69.19800
13.00540
9.16080
14.89395
59.57333
61.56391
69.34720
55.53841
15.50706
46.31483
47.19355
65.33056
82.02422
45.89201
77.08763
8.97428
5.39981
7.43386
82.21264
2.06602
44.28733
31.58003
12.26161
43.10166
89.83770
18.15070
62.99750
37.34049
80.17115
30.21237
36.23754
44.76073
0.63477
0.72434
4.08065
1.17333
97.46078
8.06060
47.17749
91.84078
63.29280
84.28068
9.35956
34.81033
63.62102
96.40421
7.57692
44.72055
94.57210
16.05401
25.85127
9.93375
0.25259
7.79459
62.40764
92.99955
45.12277
51.60577
4.80297
2.52604
71.39720
48.84885
13.76130
55.19451
5.33596
3.01226
96.38235
50.19101
4.05121
84.15590
2.26334
17.47141
36.76128
82.20922
21.22977
31.47004
21.58779
77.85604
43.81650
17.20499
48.58560
8.70909
33.53323
1.79707
96.80010
33.06113
63.85877
20.35341
13.72082
52.80048
53.50290
36.03209
0.57415
99.55843
87.04292
81.21278
56.38410
49.37129
63.96758
87.95171
93.99209
75.37066
52.91471
60.33069
44.93221
31.22956
39.72137
41.91147
55.31374
96.72640
48.87966
72.64993
97.85036
35.87360
79.34879
51.85211
95.14055
28.34596
4.99531
86.53601
22.21030
57.34610
50.45318
16.50916
74.30657
6.99751
19.76889
44.20373
79.78191
75.30710
8.26655
99.86386
28.44108
28.89601
44.30459
33.30764
44.16200
97.06885
66.33180
55.59712
32.52674
56.23984
84.83952
84.00179
94.61492
53.85500
89.88245
23.04696
35.81441
25.57646
69.06766
1.36207
11.77163
56.42258
59.31008
89.35801
18.24891
19.63888
82.20204
35.24178
21.22103
19.85204
68.03106
46.38904
95.83401
44.68653
62.85323
33.43581
30.92497
52.45873
48.40837
47.05882
46.60593
44.83284
15.32681
77.35061
73.51769
62.07265
97.84393
40.94065
16.61717
25.60231
1.52364
94.46099
48.22491
83.60742
1.30666
74.16725
14.86255
87.72674
9.68014
28.24773
59.38921
75.34853
26.72562
14.44082
76.90609
17.60344
21.92314
60.51152
52.98200
4.52943
51.16802
35.79582
3.51338
76.19814
36.72664
2.70501
27.73379
10.32735
28.42472
45.01540
33.43516
72.29698
70.64855
18.17663
79.56909
97.38279
38.67225
22.62115
47.35321
2.57377
35.18235
46.64734
95.17276
98.60772
32.22784
67.97238
8.98302
30.52746
38.14317
73.54774
31.93833
41.21917
93.39690
64.39128
54.33424
99.45316
95.83005
36.01379
2.28982
57.11301
34.87493
77.08063
98.96541
40.52585
40.33015
7.42188
13.92224
29.99861
90.51223
36.16253
87.47290
86.60926
58.55831
1.24914
49.69672
18.49619
39.60242
36.55286
58.53848
51.07754
65.20776
78.07393
69.14856
26.24046
44.27028
42.30208
58.44106
82.70028
46.41069
20.16821
5.88315
33.16007
96.70858
21.70535
97.88406
0.92107
95.45994
99.95572
99.77741
15.87598
30.21188
43.57800
34.21527
72.38689
20.30611
61.96595
76.62579
41.66873
46.59881
28.42995
26.86441
30.35173
86.01291
50.17363
24.11568
79.82774
65.19362
38.76723
7.23650
66.49667
38.70863
48.60046
74.93947
10.28296
97.67800
66.34074
14.68000
27.57224
59.21730
59.88277
52.12316
42.10309
71.74660
41.58080
17.97764
4.13983
31.00091
21.84131
31.77250
7.60194
16.69337
0.19278
92.24594
39.98720
45.25899
65.77250
54.43422
11.44255
1.08771
98.26898
67.48420
63.44337
97.31102
92.82962
60.15288
21.75749
36.68703
98.78157
12.81051
69.34871
56.91414
39.69968
18.00283
76.56026
74.17485
59.32928
83.15664
79.40810
57.86974
42.07997
47.58719
89.93702
9.27639
35.83148
94.98715
23.75309
9.41833
68.14962
31.61837
19.60463
93.06202
93.10148
44.59627
29.18299
63.14565
30.70823
46.04267
17.39056
28.69901
65.55504
59.95985
93.30651
80.16351
70.76642
28.07746
94.56783
82.10218
17.14218
55.02921
37.43959
69.34992
73.39624
0.04368
6.38834
42.79863
27.73318
38.25790
85.20365
79.03166
72.13985
58.16225
9.62528
57.06242
44.54204
56.74159
67.25148
20.79219
45.83548
57.73548
23.01846
87.10307
39.50679
82.35929
51.70297
91.55033
28.12630
80.33423
75.74332
26.86930
56.21704
75.72907
88.55119
29.93434
27.40356
0.20013
18.63078
50.49923
14.95694
93.47580
46.56626
6.34368
36.11345
13.37578
66.72286
60.31319
72.18188
31.39596
24.24661
98.70012
47.28781
51.20921
19.31463
93.68796
31.67575
82.50310
78.83140
31.50366
32.15411
77.72190
81.68128
24.09051
14.32620
71.70415
38.21749
98.87463
88.68715
26.20026
44.22117
82.18839
89.26189
83.15984
66.36024
84.85508
30.51086
80.29940
96.27248
19.02935
85.55734
13.77001
19.86177
10.42006
37.59958
43.96789
74.35509
39.53599
71.83826
59.04952
54.54811
79.40368
9.26075
19.70339
6.96434
82.45936
97.03502
85.64702
65.96411
60.11762
99.55915
60.42048
13.78635
8.28032
72.95740
36.05808
70.96629
12.40808
10.96081
27.87212
35.03532
64.44008
21.00686
47.00590
55.34205
8.24452
30.00448
95.20817
34.47985
41.48675
9.90060
99.51616
57.54513
45.46353
61.64595
54.74751
9.37869
76.79818
85.16051
16.67532
38.65245
19.80471
41.02391
3.18055
49.56562
41.58305
21.33802
99.41693
37.62972
8.07637
45.41358
13.93760
97.21409
99.25860
39.07089
31.15526
28.93653
4.16697
11.70307
54.58181
13.90266
68.90073
32.15403
68.33968
62.48496
8.29277
27.07967
22.68419
61.97892
68.23435
98.42789
36.19749
72.97120
24.81963
71.30680
40.14212
6.26355
66.31617
45.31871
2.28912
47.85056
48.30650
62.63533
35.96988
17.85294
11.14270
80.15238
40.59126
88.16816
41.03050
26.59388
32.51051
52.17887
14.90714
24.94998
63.25872
55.52810
90.01100
15.59113
73.34472
48.63104
45.90452
17.52606
16.06385
29.17310
3.92127
51.39830
98.39659
45.45973
92.59364
98.61008
29.73938
1.64564
55.82790
5.38514
28.86043
35.96671
2.31417
88.64914
19.08372
98.22783
53.71892
45.49415
21.47263
52.82360
71.55294
18.14225
87.04137
21.64316
59.11675
11.04623
34.22950
96.05002
22.97725
20.41723
21.67306
78.42041
43.12074
65.84695
33.17476
73.26181
51.58955
95.17744
99.64015
23.42162
25.12818
63.07179
35.35425
9.56322
47.53498
56.93229
9.54602
75.07509
28.48813
96.51714
72.77477
53.01296
7.62269
97.91368
84.53022
23.08275
68.17464
89.15491
33.15618
44.74476
32.43588
5.31018
30.90402
80.32756
72.62313
45.13660
36.03441
28.93396
28.84193
89.64382
50.01488
51.44023
27.27542
32.95408
1.88201
98.22693
77.20019
98.60419
98.66117
72.10211
2.37782
44.37536
16.67398
61.70040
71.44159
95.93806
16.15377
87.50775
71.80131
28.44686
56.59752
42.38752
58.97618
36.02830
47.49787
83.96464
20.31051
52.29293
70.51598
0.71544
92.91226
80.67163
18.36577
28.76406
86.17451
28.22100
81.01660
22.47478
73.95596
90.79443
97.52235
67.86124
22.07177
62.57359
49.95878
28.12183
76.99119
85.29988
27.47894
8.67154
95.67416
66.27484
37.89788
21.32200
86.84806
39.26116
21.20417
58.05909
46.59171
8.81745
74.91951
23.36423
90.55066
86.42651
49.29618
59.55767
23.36282
4.60438
75.10810
74.71415
29.49024
17.59409
22.76753
37.95780
25.36489
3.65786
68.75002
25.28112
91.69738
10.43104
47.87959
17.24844
4.43186
90.74805
9.14150
42.22807
65.94597
34.55167
88.68608
60.31598
77.83064
81.42376
36.27484
13.90700
31.42795
30.79643
64.15289
42.06840
0.35540
74.51250
61.40661
13.26437
56.51935
47.60399
46.46252
85.35293
14.49035
67.96495
3.85088
65.07421
47.04117
33.55967
99.57079
15.79527
21.34588
51.90047
95.62803
34.98462
2.88742
6.26097
86.59715
56.95182
19.89351
50.38117
21.24467
26.90077
82.41457
22.15143
6.08632
81.15255
33.84373
98.15445
34.16578
33.32222
62.09433
62.34716
20.32326
38.81026
81.91449
96.79487
2.23801
1.70187
31.47529
68.38143
17.05859
50.97574
88.96030
86.78998
76.66710
61.31597
78.83758
12.49623
74.22111
15.01182
63.27466
87.50149
10.87002
65.85598
30.01576
73.15165
73.40015
87.50196
87.18841
17.64515
22.26920
22.47567
6.96517
53.60278
20.09771
86.27226
52.56652
6.24970
4.26456
76.17587
58.08257
7.84268
