58.78054
57.09554
71.55707
10.91875
56.34391
83.28522
37.38491
74.11814
38.15337
64.79867
55.32491
55.28186
64.03198
11.77687
78.15095
53.73109
61.60969
31.79901
45.88275
15.94055
15.37098
60.39932
58.71332
11.89101
84.44496
41.61466
25.66293
77.08893
48.88644
26.84832
24.69546
64.63078
34.37920
59.04268
78.75651
96.23807
54.48808
57.74939
38.97558
40.00560
84.36210
74.23468
13.82048
28.03010
92.72285
91.07604
60.42320
71.33797
15.18982
30.53569
60.00232
25.61525
88.48441
25.36979
14.18837
52.05014
51.86998
20.94805
92.96235
73.78105
9.02739
28.63663
7.41390
9.56258
5.75398
37.77659
17.38106
82.83078
77.64071
0.40306
83.82259
18.73983
66.11433
43.73336
1.07553
82.89136
69.89567
90.66937
81.45859
13.32036
83.11963
43.26495
31.83482
37.05424
99.37464
47.93867
24.63145
79.64038
59.51788
32.37159
17.64680
82.96516
26.72381
3.29601
33.24524
28.22132
41.06065
65.89735
25.92574
43.93175
7.74379
98.09668
99.66407
3.24825
31.98571
79.28422
92.24062
45.54155
63.00899
90.66238
84.26456
70.56457
87.62235
64.08180
94.05472
32.28787
41.80429
41.69927
38.78964
8.02819
36.15259
16.88201
89.39348
31.35834
55.64104
13.14574
42.41496
90.30780
40.44690
33.95307
59.61905
44.27186
63.73383
53.04619
33.04758
12.64723
89.27771
21.64977
43.20123
22.74133
32.45279
61.13095
26.69339
89.76954
84.88519
11.80456
16.59559
25.54770
26.33974
69.59735
45.81544
63.28871
83.33349
2.72832
37.17555
33.72523
18.99636
1.43656
22.54187
96.84215
38.77197
0.82823
46.62367
86.26837
51.51960
52.52709
30.17473
75.59290
46.65960
57.86774
98.35927
92.53606
9.59667
52.77837
44.27174
74.91852
41.34359
97.74467
59.95474
62.30408
95.25933
47.88089
67.00472
43.99011
93.10413
46.05681
76.15916
83.75785
60.76607
27.96664
1.29885
67.48119
43.80329
91.39274
53.25954
42.98167
0.84537
1.26452
92.52214
90.17232
60.18669
48.53160
66.81289
79.67490
3.29908
43.81288
41.57690
41.70808
86.28096
88.36465
17.18048
16.54582
19.11119
67.05270
81.55082
17.07236
41.71664
30.52062
95.18083
46.04715
57.35918
31.69974
67.62752
10.58530
58.91408
30.51581
86.89340
10.88042
27.93147
36.25370
0.73577
10.28330
95.63905
77.65819
34.66025
42.34325
27.59228
96.04198
26.26737
53.15783
99.94374
27.47947
6.64686
84.90098
41.87118
13.01560
26.03658
68.90548
92.36236
99.42026
51.92160
32.78533
8.06132
22.38102
66.27187
53.79928
97.22565
23.51041
60.93395
13.40421
31.83227
17.81113
31.78236
44.74556
3.99193
68.37952
63.06326
11.83644
93.19134
42.67910
1.65404
49.94895
91.58424
77.01652
85.89447
7.52771
20.15870
15.99658
75.39889
95.95371
62.25463
77.72513
38.46093
54.91561
31.27392
45.36118
34.76912
55.55965
61.68109
16.66616
59.84475
85.74138
44.24248
67.40741
9.20963
85.50191
58.97190
47.29889
82.72375
4.98097
77.32874
26.35725
29.57029
26.64472
3.43004
38.38927
29.99787
20.08322
61.13250
84.16059
48.98419
61.69108
9.19551
32.77491
45.43749
96.86537
99.03476
62.32849
57.99956
38.93712
83.02293
61.47089
96.53701
66.70821
55.22898
19.86013
75.70823
55.73181
12.88272
6.60918
54.91674
63.13313
66.04767
3.64514
6.93435
14.97591
67.21111
22.60784
91.62359
55.68977
45.39425
50.19881
8.88764
98.13781
5.56780
44.44961
15.93735
10.17722
28.59143
13.94519
90.43004
18.55602
30.53431
84.50970
61.95475
39.64898
37.89810
91.48445
86.22162
5.01806
65.70820
14.38234
98.05675
76.41305
48.27352
59.14911
51.72820
39.32459
94.14300
62.85338
57.91588
1.43893
31.22242
11.76277
38.20952
72.28837
22.13553
47.49449
45.71408
7.75160
64.71432
29.17493
92.95641
61.43043
22.64227
27.44061
72.74242
23.89478
7.74753
55.74265
70.31491
5.99572
81.56933
54.83655
54.31733
2.90445
23.66393
40.16005
95.79045
93.38475
7.47163
56.67903
56.71259
47.15895
95.28884
92.46282
56.37408
44.29955
69.54053
27.97466
21.02112
4.15508
96.82915
22.63812
56.77687
73.55429
36.26384
1.31782
76.75563
54.21831
21.19411
21.42692
11.17114
50.12550
85.88321
77.44740
9.40937
13.84627
49.62234
71.27938
35.22648
91.02161
51.72561
36.37223
87.23813
14.42128
1.25967
64.99885
20.91833
70.09255
74.87114
96.81921
30.01817
12.90037
96.84773
1.26259
89.86077
26.54972
58.32341
62.99951
77.37769
36.69047
29.55751
32.87240
68.21027
78.01631
67.47170
62.60388
40.04379
18.10782
43.53632
64.04693
91.86829
66.09033
88.87027
99.68416
81.39391
33.11834
10.08499
73.49128
52.90581
70.73408
86.81387
89.25869
67.62884
58.89561
88.48359
90.42012
72.40809
90.55345
69.64181
21.03460
45.19623
55.52213
1.60184
33.93042
51.88825
16.08865
65.73494
21.71639
73.02079
90.34474
67.47496
99.20851
21.59825
33.90216
61.78103
99.83728
48.18749
19.74014
58.45212
72.73480
69.16548
29.44125
32.33671
34.53880
97.58877
73.45412
47.63705
38.08410
65.01250
77.82745
27.17329
4.99229
52.62717
48.69349
28.03135
29.02912
53.54912
32.04986
11.52960
66.46481
34.54278
88.73831
0.20560
80.39363
41.60571
32.42732
66.16873
19.16363
18.69904
42.13464
59.12915
1.90698
61.96988
10.67627
58.47438
64.24565
93.18220
47.88771
24.76972
38.39639
43.17832
55.61131
35.54656
97.07884
83.59637
64.96660
34.75129
39.87054
96.33531
14.80230
70.72833
5.74002
46.80658
34.43995
23.21019
26.28549
10.03314
57.79394
34.93035
64.55859
83.83608
51.35761
3.13887
65.98868
60.74873
99.40042
47.70961
22.23686
13.01565
69.47033
52.66023
46.71320
23.02892
84.21731
90.67853
69.15890
3.51866
26.72625
59.79734
7.09250
25.76861
71.57101
58.56461
60.48608
4.98288
5.42595
89.10344
6.43421
29.42507
34.30824
20.27212
6.41081
6.32807
73.89654
71.42778
28.32010
89.86545
6.89676
45.35487
38.40876
8.99788
34.35480
20.65022
30.94181
7.00469
31.71330
41.57445
29.33350
47.89733
42.31347
11.21101
36.65598
63.95134
86.65156
72.23104
51.62632
58.53927
74.05526
20.51079
18.24194
63.33161
56.58570
31.70198
53.02436
54.07314
94.86420
8.89052
45.59543
37.63676
67.21680
87.60860
1.98152
77.03887
81.17219
37.09957
21.59162
33.43108
9.03205
67.59495
99.13231
2.09431
96.96946
83.33221
71.60335
0.00859
9.46304
61.39365
84.92314
7.25947
71.57157
36.12832
75.32164
21.65341
69.50138
61.04321
49.93236
0.45926
40.99224
26.45605
36.40039
77.22742
44.47077
95.96530
38.40263
75.03203
35.71400
85.08827
55.33624
4.46843
40.60887
77.88795
95.35554
32.99324
77.85975
68.50071
80.22630
33.97630
77.66458
49.42984
91.14999
28.06379
24.59472
30.73099
19.70898
65.79008
86.69560
34.00256
53.46293
11.89095
3.69087
86.68319
32.45611
73.44172
50.59012
76.30285
24.16576
13.39571
26.38112
77.73945
28.27677
56.08770
91.88577
4.46762
30.97807
76.81362
0.49916
80.03542
80.76389
80.69858
46.13457
34.00616
50.02625
44.43739
65.72227
89.33222
60.10686
70.23293
11.10069
33.79516
79.95626
47.03039
64.58044
87.56005
81.67324
62.33299
44.13628
69.14569
35.29652
59.84216
71.86739
79.07410
98.65434
37.96873
97.04649
71.00525
70.53264
1.99867
57.71173
50.85957
41.13457
28.49141
87.40995
59.75710
15.38271
66.51300
2.42280
34.89466
20.38376
86.20408
85.39361
31.79333
24.70266
77.07433
93.79568
52.94717
78.07792
28.36312
98.25051
11.20168
57.04644
0.17004
58.00703
48.18348
33.81491
29.82477
49.42857
84.30415
22.12635
51.42758
22.76805
90.30422
9.70964
44.16517
45.13356
25.65774
88.93667
70.49441
17.71579
24.17147
51.44959
29.51682
68.94623
51.11802
71.38971
67.24862
18.59339
39.24185
92.79025
0.28199
14.05661
33.46103
20.42987
87.24074
80.87356
47.66875
89.13253
65.32898
72.63251
34.95454
79.11596
81.28587
65.04132
38.78918
47.49032
34.96004
82.70590
95.78375
62.03694
66.85673
51.51766
30.50169
21.42782
16.75264
99.32414
22.82934
78.24254
8.86140
95.32800
44.42907
72.42313
60.46174
90.22353
24.57151
25.55968
34.40277
18.93662
73.27992
45.84127
15.44961
21.42322
19.42821
0.56849
33.01902
28.22403
15.03666
60.17613
99.06810
8.49434
69.15461
34.92746
14.33962
56.57316
82.32970
25.37522
48.51590
3.78335
63.72101
94.29425
63.07820
22.78442
90.95355
57.79651
46.07405
80.03954
61.77168
17.04243
4.36566
25.48805
66.47725
61.12539
79.91365
28.34238
49.84959
71.48400
94.90611
86.30648
86.06899
39.08865
93.89321
34.07183
8.38287
35.12569
43.12213
16.59690
51.40469
37.46836
71.02480
91.43315
48.02060
36.69930
21.76332
15.52667
7.82614
76.73192
70.54842
55.05245
16.94294
99.88631
19.11002
47.68583
76.39158
52.57496
58.74363
15.31769
87.79656
70.52951
75.38591
83.41933
84.68028
42.11035
67.30614
97.68110
11.20491
18.24532
31.92711
99.58322
42.47318
45.17307
43.55619
95.11413
59.20008
45.43347
51.36271
28.97554
63.89898
55.14407
79.12735
30.72638
62.68279
9.77175
40.47586
29.21435
15.10653
71.33637
35.94814
71.65387
92.69279
5.07258
49.90749
99.33535
24.15341
10.32758
75.82841
6.23318
70.92260
99.38267
59.56500
61.44997
45.57458
90.14346
32.69104
39.70654
57.07399
39.71816
39.32021
16.96787
20.73306
44.30110
87.79850
60.94447
94.16922
69.68201
41.87608
79.97988
84.80837
14.90544
12.52379
97.67854
60.72023
43.07670
12.63363
57.79075
30.49273
88.98469
97.84353
90.83883
11.97931
69.43573
82.94797
19.40338
58.30776
65.88813
55.67747
12.17718
21.09732
17.00645
9.38503
38.05033
34.59930
66.13741
61.41681
57.47555
66.72544
96.82910
63.28366
45.40555
36.06893
17.04825
98.41430
56.06654
40.59549
18.65420
69.40935
12.95418
17.44080
56.79462
6.39925
60.39698
93.50967
62.22673
75.05517
92.84355
41.00354
49.96503
6.34830
70.59496
87.05757
93.98465
97.60583
74.68944
35.39754
91.69358
13.98407
13.92692
66.82071
43.45808
39.20557
93.31448
12.88308
58.20509
87.00304
87.60801
70.90800
3.38612
65.83055
69.00273
13.34217
38.07165
6.38524
58.18345
24.86593
93.99915
4.41006
38.39105
29.97225
99.09566
93.99260
52.58583
41.16482
72.00355
86.45489
37.94222
29.45206
56.99079
48.64967
66.40898
83.06383
77.12084
63.60807
34.99967
46.32325
41.82454
8.01133
16.51091
62.11148
1.93427
45.75100
56.41284
91.35121
81.95303
38.28964
28.42927
92.61089
16.56126
59.66808
12.27154
60.10671
98.49229
74.75108
39.35394
26.25831
12.27202
67.27319
36.90100
38.43843
35.61430
76.61777
24.67012
82.43994
54.44472
38.91925
15.00654
55.70696
92.29315
39.63322
44.91930
83.71692
21.45325
82.72297
2.77352
41.37125
73.94731
5.82821
38.63323
69.04706
89.85559
78.07268
68.83443
85.97295
97.29669
42.87823
20.95999
65.01618
40.69581
11.28931
84.71048
42.64025
49.27223
78.70464
76.99380
78.48608
48.92489
99.93951
58.98056
18.27291
64.16874
45.37031
81.84749
31.98986
96.06283
86.96096
68.50963
97.71217
23.82155
76.90383
26.84043
9.64833
16.77201
31.70202
40.44794
12.97043
16.31838
9.08609
60.10185
46.84162
55.80478
14.27585
32.45163
15.66773
0.45291
56.58641
88.76758
12.64636
82.89019
28.07752
87.35546
34.02612
64.66375
2.23481
37.62022
72.35290
99.89133
19.07592
38.02948
21.83302
97.15442
99.96108
81.50434
66.24599
76.52929
65.95948
66.55648
75.90364
37.09918
17.81285
67.20342
7.71870
90.89333
75.82251
23.97960
78.66513
65.75739
39.82160
81.03525
12.85932
4.20374
40.62318
13.67520
2.58144
20.60492
49.96088
22.50876
99.68398
52.16717
1.75192
89.93463
56.90062
89.12922
71.78966
95.38867
52.74065
54.89435
50.39436
76.30404
59.53794
28.91963
64.77958
62.75867
74.35946
48.12218
68.33441
4.51474
47.75008
96.65961
22.43632
45.27021
20.82555
53.64940
41.96105
10.85475
13.98221
21.89811
0.03264
16.76560
92.93445
47.59017
5.93919
54.03483
71.07555
6.57321
93.68113
70.41829
73.50217
99.42921
71.32057
74.20468
28.81991
55.43818
89.82584
2.21239
20.69895
41.56367
75.30936
78.76077
8.89617
14.59478
22.85252
62.75165
63.73365
74.31147
74.62927
69.55864
23.50550
53.41600
46.94084
14.78656
2.52054
61.82526
95.64090
92.95459
60.92352
68.18600
90.57473
35.76814
64.11732
15.60405
9.06406
37.92334
88.91224
16.43382
38.57712
31.40607
7.14850
62.16276
26.35015
86.31457
56.88351
37.18251
88.61155
71.76571
49.06710
35.17083
17.95600
26.16046
56.74021
76.03324
0.39980
32.88208
16.36776
91.86485
2.49977
35.97991
91.50693
91.68161
90.97945
68.28128
96.18751
99.17760
90.25844
87.05267
43.59222
9.04878
77.81917
83.47201
6.16750
34.76874
30.46068
29.82942
52.75603
31.66093
29.72629
78.24564
33.57428
7.00514
63.49154
53.81653
51.69447
93.59201
87.54462
79.97117
66.97207
66.01162
83.76317
93.71351
21.95914
96.80209
50.10779
97.59091
23.42448
53.28937
74.04939
13.01813
66.07975
2.55558
1.10023
5.88034
95.75058
66.16330
15.80392
26.45098
25.46426
76.05325
71.39800
75.94060
66.62107
7.54712
98.76507
34.76555
61.82891
64.51092
13.20573
31.37511
86.10296
98.95164
90.67936
14.62375
38.41042
85.11711
49.08536
16.43240
29.51600
44.79395
99.94599
62.16384
96.52742
47.82666
65.14339
89.06245
9.87019
54.49678
61.58921
28.45360
71.40220
6.20503
34.15693
89.28691
45.64997
38.98929
79.10581
50.58126
24.42237
7.71494
69.88000
17.05297
87.76722
36.86342
72.28327
92.60366
78.74330
77.02574
16.06117
58.79016
96.33344
9.14300
96.42053
89.91592
65.13210
52.81611
76.03495
44.26814
19.61440
71.18762
76.84592
77.36661
34.60893
3.15987
96.01137
87.07187
25.65291
73.25439
4.23892
67.45836
51.01467
23.78311
76.47778
42.55983
2.27932
12.36054
79.76899
13.56178
13.42447
88.55377
86.41105
86.00783
30.69107
61.46786
14.22358
1.63312
70.09853
50.32863
20.26643
33.95111
87.04693
35.30451
35.72388
20.98488
25.64319
46.68191
42.54325
6.81006
4.07858
98.71251
66.66794
91.53567
73.79172
23.05544
64.78475
74.45774
98.62626
42.44048
56.07651
19.66864
17.23819
42.71876
84.82668
63.41658
84.37706
25.18741
83.36157
76.94476
41.39412
43.19557
72.33200
13.69597
81.87812
99.87444
77.35708
22.56637
24.00024
24.87785
99.23624
35.96786
9.83696
63.75176
48.90003
21.21693
98.25099
81.07519
76.45646
63.54125
18.64990
27.33887
31.61440
4.58030
22.44528
64.61722
99.44573
45.44480
41.81905
62.38014
47.23319
22.87455
93.89933
54.96832
42.05689
95.80566
98.65028
8.72771
97.42567
67.92710
22.95575
75.17040
90.77827
81.89012
18.09364
1.90115
10.25006
89.87801
81.03336
75.60611
80.00585
76.36983
30.66330
62.80090
96.45879
29.38458
83.72821
2.59063
83.99502
61.42005
28.30433
57.96480
30.95933
99.11542
58.19891
71.27490
48.20200
1.51707
24.46654
68.51932
44.25266
1.49030
49.58312
52.58656
40.54622
97.25235
51.00493
36.24581
82.58775
29.33303
40.95745
64.20075
89.33122
44.19690
40.68426
58.44405
79.97312
46.57296
33.38368
85.51199
74.13493
14.66626
85.17359
70.39183
55.78047
85.10931
66.64250
32.79280
54.06438
53.64080
5.77255
34.96853
95.42134
38.17486
92.90078
50.75219
24.17291
4.19859
65.33165
71.90456
51.35555
14.37330
98.96325
79.18526
3.17525
74.29633
32.99529
95.90053
30.79267
13.80017
44.89792
46.60495
91.82121
58.14656
23.96404
23.05055
32.22858
36.98255
4.32268
81.31601
24.27769
39.80232
43.33244
77.24530
24.91166
97.64507
25.07253
76.06433
50.51460
2.24804
9.77764
70.57264
35.17345
16.24148
83.46114
32.96470
61.87307
93.09189
17.74127
87.49322
57.89277
13.70542
18.97840
88.62574
48.33884
37.62933
25.04086
68.50145
16.08143
21.36218
38.10063
26.74416
34.03324
50.03396
31.59706
44.22283
21.59366
45.35849
84.27388
36.39632
36.48863
60.70771
3.68220
71.77957
62.89757
55.61741
92.80261
41.44400
97.04768
22.25310
53.72391
95.40865
12.61905
51.78892
69.22368
86.16373
87.00125
83.54905
61.93678
73.99353
88.55863
26.91550
29.16459
63.34357
79.10216
64.80709
91.05006
34.08977
79.31983
50.74222
13.94183
57.09114
91.39822
99.34614
17.41953
96.62174
26.07953
19.09313
99.56247
48.70675
50.86200
41.21726
75.38233
4.94894
2.40635
83.36299
66.45283
41.12560
93.22691
69.25434
5.99672
36.38348
82.02052
36.79519
40.11909
61.03869
42.96748
43.18210
38.63068
49.79259
57.29136
10.65305
82.96881
98.20159
58.13697
81.74943
36.76774
73.33850
61.04014
75.01025
19.87193
7.43726
55.00244
65.01268
69.06035
7.46919
17.08737
7.79013
19.24583
9.52705
8.36717
83.25083
4.34208
2.32448
37.22690
3.92806
29.60903
80.29823
80.31296
40.26335
5.95236
68.08169
53.83479
28.30092
68.14791
52.55484
77.68170
68.41838
46.86921
59.93015
84.14851
24.25165
3.96497
25.06202
98.75512
59.65671
47.14733
63.25094
19.89324
22.97788
24.39016
65.19483
68.30866
17.99718
41.45636
67.70326
62.31020
97.55037
62.38263
47.77880
53.82634
68.87340
2.31707
76.76781
4.36188
28.14079
56.80647
30.97725
93.32044
46.56988
5.13406
82.25824
29.39105
69.08625
55.33002
30.01342
66.40932
49.83696
80.26436
52.96681
69.22806
64.92736
49.10778
18.56299
75.03175
37.38984
77.13421
54.70692
12.37572
2.82280
5.69913
46.19191
62.15973
29.03109
19.73586
40.42923
74.09488
40.56270
63.58783
5.62618
47.12509
0.07505
98.08624
24.18011
79.86569
87.88730
48.29474
38.68394
81.49847
46.50269
49.22904
85.07985
57.44028
70.27744
53.48051
17.72247
70.57307
7.26547
53.29306
80.35409
66.62805
68.91369
78.64980
18.03035
81.41328
61.32351
89.68905
75.52655
23.22564
83.40772
59.12592
48.11038
12.68452
72.94915
95.45118
71.21320
96.14293
70.75728
82.76302
51.26656
26.37297
19.88702
95.06066
17.23060
72.84132
27.75041
53.19672
23.69691
59.14951
37.50086
43.24976
16.95001
55.74249
73.56130
78.94781
36.50141
4.58068
52.74613
34.36862
19.57486
11.96174
67.96368
34.87041
65.15489
35.82429
75.46197
66.24029
49.22324
44.39931
18.07483
16.11125
66.45155
54.12881
2.22872
0.13050
32.96583
57.17435
23.22423
59.04520
86.56957
88.10110
16.46438
1.43997
10.18177
6.59363
54.93047
60.36825
84.66540
52.16362
25.66065
31.40245
64.83701
53.16355
22.31857
65.26756
89.45019
27.86931
27.18252
44.33824
54.89088
92.16369
18.69434
61.37025
48.49738
17.74245
80.91005
95.44625
46.81415
18.08250
60.75935
40.81257
83.61227
83.98671
5.45315
53.74708
20.05906
21.54207
95.00959
0.46225
0.54920
15.28717
20.68279
84.68737
54.26044
8.72373
63.99713
20.57832
50.30980
72.11360
87.78535
38.99578
99.48217
7.39430
4.45942
49.44774
81.51241
49.44163
79.59203
56.09794
34.86444
19.94801
4.51874
56.17215
6.37135
4.54009
8.04171
6.36292
79.12448
22.28564
47.31055
79.78830
95.01886
69.09990
75.91815
44.26821
71.11611
92.31116
54.47151
61.49327
65.93757
53.30203
2.54862
58.06143
53.90600
88.92425
34.40392
81.46380
18.85688
0.92960
8.74097
22.66460
48.78297
48.17470
79.76613
33.12110
18.62716
13.30815
56.43152
28.81771
3.76603
55.41703
78.06701
76.51651
36.41648
86.54455
8.60660
37.90136
80.73294
8.26680
76.42663
86.73733
81.91387
10.83946
12.82532
59.11836
21.68997
11.79316
60.42724
47.35012
99.71316
88.29472
12.67703
40.48027
12.19299
23.05865
87.62263
94.90176
85.73618
40.01370
13.36409
7.90797
36.63827
13.72611
90.04793
40.06724
42.86548
18.86837
55.04600
61.22306
47.67793
18.03546
93.96933
8.10499
54.84500
92.88203
40.53498
55.88821
57.30897
14.09864
43.69569
18.57585
32.78980
12.21286
17.38567
17.35526
44.70604
29.40522
67.10454
44.27712
65.30595
33.51202
53.07223
12.62117
44.63158
65.93493
66.07899
87.39180
31.84693
56.95898
16.31547
29.73308
89.08425
45.31101
25.19980
15.33101
12.21108
34.09183
18.17662
63.24639
47.44929
40.39122
98.69380
20.75544
20.23318
81.02056
68.30432
9.13973
36.69182
42.89716
74.10416
48.04150
31.38262
78.50154
1.86914
27.69039
84.09115
6.07869
99.48449
21.10307
47.82238
96.34608
82.28307
56.24288
27.09105
36.07736
22.67599
88.89479
61.85287
99.20833
34.46488
76.89062
68.38467
79.02064
15.55828
59.30219
72.72622
46.17332
53.77844
51.29309
98.28188
51.54700
2.43038
30.26293
30.70582
76.32578
4.87197
45.84115
27.67181
90.85128
55.65379
22.12376
58.57909
66.65279
58.59146
33.64457
39.98815
20.90053
7.54955
88.73050
77.42477
84.31019
31.09670
4.48109
73.30576
66.16045
40.20854
13.91490
99.04637
51.02061
74.84789
5.38818
8.93951
59.76400
35.30275
81.36775
74.92084
70.91661
35.37604
59.70920
21.25073
22.49620
22.32983
68.46434
48.43668
93.15722
49.93873
9.42354
59.03654
70.36362
48.07880
64.81688
59.91203
35.75501
63.51059
95.55411
53.08828
17.34791
17.00125
13.78704
44.39926
15.63492
10.01743
42.35536
44.81882
84.51948
69.32932
16.00989
7.69859
47.56613
90.34376
30.28290
53.03600
36.25825
61.41095
62.89093
37.37801
2.46184
93.56224
22.30987
99.76041
5.66368
50.95960
83.51354
2.94218
55.46819
14.76718
64.67766
31.56089
82.21286
36.02639
39.59866
94.21644
46.61795
81.51816
39.82546
43.56394
3.55931
5.76571
9.72216
61.29110
27.44055
92.52982
49.32849
15.43775
16.70529
96.19344
46.75656
57.03178
38.97314
2.17348
55.18227
65.00893
51.47359
46.99287
81.20281
35.22019
70.64060
57.51665
57.06712
63.93402
97.83359
73.85590
70.95174
37.88057
8.91817
43.34526
14.21471
23.42922
98.50983
32.82030
11.48601
91.19660
51.49420
72.37941
23.11743
0.55323
95.94187
17.85518
23.32367
28.73070
53.19888
99.19697
76.92333
29.65820
10.93925
72.91339
80.00933
42.17928
37.49330
69.05943
95.77072
11.45337
5.14643
61.48330
94.97789
52.23958
90.94830
12.28372
90.07623
81.28256
83.35320
98.27121
80.41782
95.55235
22.63415
69.84851
78.54285
40.33095
52.11797
70.81069
62.71056
24.25691
26.81606
45.96113
77.93760
24.66854
71.25928
66.50134
75.14671
64.24214
6.27219
36.73102
64.72562
73.94940
82.73567
62.91202
53.34662
68.11286
96.29478
90.02514
60.54057
18.05815
73.69410
69.58694
81.73149
36.74731
50.12477
5.22513
28.80404
92.16503
92.73130
74.39365
59.11444
91.63342
92.72884
72.03818
64.01192
27.28076
11.95316
4.42030
40.25215
32.81635
59.59665
38.81087
29.99199
71.92946
82.79654
12.69601
81.50284
76.00628
77.86659
79.02773
72.82854
64.61788
24.52558
17.64064
20.50138
81.19886
96.91430
40.32201
53.98400
1.68824
64.75694
33.01260
59.34571
18.72474
23.85591
19.88691
68.28313
79.78623
32.45370
30.80790
62.55869
97.27459
71.64103
87.95706
51.42987
93.37608
50.05387
99.23115
72.97904
76.84729
83.69493
27.65647
49.03743
13.05929
88.49288
4.27014
37.63072
7.71026
58.85501
13.60894
25.92911
0.57538
2.98635
28.13370
20.73412
95.90932
72.36709
60.71496
19.19460
95.94742
75.46486
23.19206
37.93543
52.57623
84.80851
74.70480
97.02029
54.75355
15.62477
22.36529
82.32018
31.99042
45.18962
57.90705
48.96375
83.68890
4.93935
18.58935
95.70476
50.71769
73.81507
58.25975
56.50240
30.90468
13.91032
46.12239
30.75864
20.11452
24.41754
80.96316
17.11153
37.35965
12.36452
70.86263
2.23066
30.54821
4.36018
50.59989
46.95662
18.79315
37.38155
10.69767
53.75530
58.15778
48.22226
24.80409
50.75769
52.59474
40.83691
39.55307
85.17265
43.69272
15.16530
8.91126
13.55830
44.28000
84.21176
98.33409
64.37145
78.28084
33.44316
7.08834
36.44780
10.87506
44.67354
3.99172
84.74110
96.81029
67.89096
5.11099
58.98994
33.56356
42.14134
86.18257
72.44282
84.58855
1.17509
1.92655
28.21243
7.41759
1.47786
31.05788
30.19118
16.96356
98.08212
30.83504
28.80695
0.83335
21.13117
38.09285
42.02908
13.95901
58.11904
99.77222
64.37230
15.95747
43.56756
15.60635
91.29735
62.28970
82.00322
40.49813
69.14806
66.04416
61.26099
21.13822
94.09095
92.03013
5.44314
6.42849
6.72372
42.83322
70.17057
31.47711
5.61583
35.59560
35.95627
42.74314
11.15103
20.01914
54.72965
81.86130
91.78901
21.92428
81.87741
96.29252
18.89104
39.09695
69.97284
37.59123
42.91962
93.34414
82.49138
51.66264
20.24476
87.49028
42.88756
62.79816
82.23097
43.63229
86.19370
61.48594
23.34552
50.63576
42.07784
29.10662
76.04167
53.80528
4.49220
98.08317
39.62572
39.90237
10.18289
15.96424
83.34987
51.71693
5.42243
53.34918
54.38435
47.64831
71.89786
88.00846
94.97036
17.51238
20.06371
0.82596
41.79435
9.20377
22.57043
79.67339
91.51806
37.06990
77.73537
89.54957
28.08266
65.47706
14.03381
83.86699
95.50287
21.15616
6.54330
47.55284
13.01235
21.14002
44.67244
35.92379
37.52016
7.08558
88.72721
57.24170
77.18376
59.01659
75.95053
75.98202
61.80992
42.54552
69.12721
5.29567
89.05365
32.56024
78.50018
57.76650
39.75454
15.79235
19.01711
79.25024
99.72954
41.16222
77.31263
82.26964
96.64468
99.96254
60.05235
48.26309
49.58097
96.57725
10.24684
87.50362
13.03520
21.25459
68.69319
98.48825
11.19001
71.41530
6.10832
81.39092
3.21968
73.54172
97.17209
0.89263
13.83971
25.66720
29.86170
16.78083
92.88678
88.65084
75.98784
6.83341
16.31927
21.00545
38.37698
98.19138
63.70429
37.88228
74.80658
88.34062
66.64547
59.89758
31.31657
0.67945
34.73710
44.57612
83.76991
87.14641
54.35546
37.22339
35.05182
33.94131
68.94128
48.72037
25.97321
44.73456
66.42820
12.93604
16.25254
29.62106
49.16935
42.86574
49.34458
25.53300
47.70096
22.40962
2.88084
3.59280
81.30661
39.93200
81.66551
49.41341
55.40176
76.07957
9.16166
4.91300
56.77281
3.74867
90.11152
87.63149
46.28511
70.55675
79.10477
49.97548
10.97421
23.12102
20.85953
28.70563
54.91206
48.70920
78.26301
57.03681
27.65438
65.05920
47.62396
90.89646
37.92382
15.21022
18.19788
8.89126
0.47478
92.76081
41.32908
7.26410
90.37592
52.22874
59.80332
5.23661
70.93716
74.30170
22.23424
11.75595
69.86581
83.25735
61.24854
77.85552
95.36091
8.59883
5.16938
19.09726
97.12157
88.89290
68.51833
7.77575
60.00572
23.07897
98.27428
50.01024
66.97071
61.32070
69.22500
22.60732
2.56468
51.69373
61.78979
72.72058
24.65321
96.02532
86.00548
76.85747
17.72221
65.11332
50.31461
10.01768
86.78101
67.97073
90.91347
30.52867
28.96417
52.12961
77.03958
54.47821
88.75747
25.09840
43.32491
21.25543
51.13784
74.66114
36.70379
87.82588
9.47523
63.46014
5.06628
21.24286
2.81884
79.63763
76.36522
98.76251
3.11435
1.83097
86.03901
21.85583
55.86002
17.77517
94.01253
71.16102
78.17467
95.54094
74.70968
94.74301
13.78349
7.76350
34.88164
53.14311
38.68029
52.34929
97.48926
91.90661
14.34861
39.32235
45.02151
25.60871
62.51311
52.44561
33.06502
60.12064
96.08618
79.09692
28.32967
62.03752
56.19035
71.03120
35.94407
52.39817
10.24080
44.73661
61.10117
71.63092
17.20527
75.29469
40.60249
26.57358
69.82665
81.00973
12.48334
4.99364
21.76108
45.82807
10.22287
58.53159
42.22735
25.73521
43.56650
19.72720
26.66634
17.80750
92.58838
83.26651
86.30705
8.33797
86.65586
59.89535
0.04373
79.23409
10.83685
94.31536
72.53577
54.63784
46.20956
49.51260
91.07677
79.83491
21.72202
24.31227
49.83203
66.29895
66.08820
16.89145
24.19832
45.41605
50.15881
88.94893
57.04469
9.00762
6.34040
73.48685
33.31436
94.45215
34.38086
6.29617
11.35646
99.00470
33.60068
61.54621
80.44715
35.96275
89.74072
92.94894
12.75418
60.43399
56.98210
46.92732
19.93578
36.79233
55.59737
57.49115
96.13851
36.38498
53.07095
43.37149
62.35497
5.44354
87.77147
6.57479
59.28028
85.56048
9.29623
33.43450
23.75739
44.79727
37.39747
45.04856
97.19406
27.82076
37.14815
21.46673
0.68158
29.34478
76.32781
86.05912
70.14661
46.76723
92.29145
52.13414
49.06844
8.75029
79.19464
78.51100
89.48516
43.55142
65.46002
48.36114
22.13833
5.39490
94.22457
19.73549
1.46881
68.99672
61.09341
30.52024
61.41434
5.52558
27.59701
5.37157
32.55732
90.34183
58.88702
77.40713
92.97804
83.99618
69.80458
36.58989
71.16674
84.17019
85.20476
90.35750
36.83195
67.52404
18.43093
35.17313
54.58711
64.18042
44.73481
37.21491
74.94708
9.62588
18.22691
77.29474
82.31771
52.81317
82.10637
55.25433
73.33987
5.32639
68.13056
73.40382
9.86202
96.89826
50.05115
88.97407
24.31085
68.24114
24.87724
34.90384
14.25405
5.10860
94.05206
63.58592
19.08213
12.49407
31.00028
87.26025
66.91617
80.17416
4.99983
79.96165
54.41466
20.02433
28.45978
49.41725
86.03953
12.22058
1.07787
86.67961
1.38551
56.80272
85.27400
7.88529
63.87304
74.71443
98.63440
60.99075
6.27819
26.73967
78.78276
90.57450
44.67857
91.42294
78.63130
11.38512
8.43542
82.62955
44.25379
25.34186
46.44274
28.28771
66.46810
3.61856
76.93136
75.29904
57.34561
99.73857
59.87409
75.24930
88.92183
93.82970
88.11537
81.59735
89.97557
46.31774
85.97584
38.11972
60.70400
65.27297
94.76457
47.48723
48.23638
27.24611
53.50150
42.44258
52.90702
17.95498
74.67067
89.59741
17.78832
29.66691
49.83711
3.80030
19.91822
83.67616
87.51876
96.91276
41.17221
68.22463
79.91102
18.20055
97.85966
24.17773
23.78249
38.28946
92.56943
37.23141
44.81696
67.52327
7.39219
32.87451
4.65072
3.47264
34.02902
89.68460
59.26509
31.22533
44.14615
62.41244
60.92564
69.36988
22.86867
32.15683
12.44391
71.14172
30.85732
43.89942
93.68500
41.47021
73.02838
57.64897
36.40936
76.90309
86.34831
28.41526
67.60900
58.86809
19.67843
85.52093
18.42196
55.63797
22.14150
30.82190
80.25140
40.01433
40.17730
13.25793
80.75581
73.22309
9.34364
55.06007
75.29865
58.41095
96.58435
61.31356
72.40518
37.50495
4.67408
32.37503
20.44458
3.42515
97.58353
98.73457
53.11157
49.20861
54.81098
72.33012
66.23834
82.50854
17.28805
72.72758
9.99255
9.13794
38.43050
55.15773
93.47372
28.63873
31.02271
60.48582
39.81779
47.08979
79.31545
27.07204
7.09288
14.22724
83.89818
77.94969
97.23523
88.92725
12.73738
20.44213
48.50050
69.30638
88.56112
8.09897
86.95163
45.73390
55.57364
11.30653
74.82881
66.74769
77.74327
71.54573
43.49134
24.73779
20.64330
21.44731
55.81484
61.87553
80.30666
78.44925
32.69859
70.37569
80.64818
23.74919
79.77222
21.50735
24.38201
85.94257
20.85200
98.87149
92.47959
12.14651
15.01729
23.86528
10.26464
37.82706
68.12275
85.01397
43.59016
49.79486
60.17231
12.26928
95.28549
70.25160
56.19316
1.62287
0.38840
50.04143
33.19522
95.36740
77.10437
53.96646
35.64095
81.38966
38.69986
94.49365
16.14448
20.05367
86.06637
19.01736
58.57586
1.39821
23.74296
13.19473
14.62157
59.14004
87.95747
33.38466
7.01742
62.98463
14.56311
87.71563
10.91084
10.89542
87.32626
15.61975
57.85437
19.65309
75.28212
97.53946
68.34832
23.16075
24.50338
99.17898
34.87207
39.02486
6.02377
65.70761
10.94394
18.56526
61.69472
54.13134
55.17323
11.75649
82.73092
87.60032
56.47609
92.82749
7.93730
2.82559
60.85460
23.79086
27.89798
60.18839
99.13483
81.91058
72.41738
89.60966
1.22796
2.57892
53.68152
8.11683
33.84862
27.85714
40.05824
10.27248
2.88538
33.06087
37.33082
49.07895
12.17652
1.08067
37.30895
56.83406
53.26564
4.42954
80.47561
56.38247
48.82834
71.39517
85.81691
65.16416
59.32794
16.59977
59.10068
97.91198
79.13144
13.25637
63.56117
99.81925
5.07165
5.12735
60.43910
46.72833
74.03576
61.00867
35.38314
11.36921
90.97753
69.63202
52.46840
44.56713
57.34995
19.01654
85.04787
46.08825
48.60144
76.16457
55.44326
17.92387
13.38328
96.51670
89.54271
36.24448
48.83610
76.67613
1.85960
5.00235
58.90510
44.21521
77.07540
0.06914
1.18493
48.62969
52.66361
10.26747
68.08458
50.09907
45.38024
91.68576
48.72638
97.26086
97.31065
53.48617
6.51917
21.03249
47.92484
50.42246
0.28802
58.00628
95.97296
55.85974
79.26757
61.82527
35.82286
92.36507
95.71518
94.42674
37.80947
25.85850
54.13001
39.59142
6.90657
20.93961
4.15600
9.41618
28.67282
72.50140
44.89024
34.63231
77.52577
58.06310
55.53773
93.95109
95.00906
25.65875
81.71698
36.59840
14.52963
31.72580
86.65965
80.40241
81.30883
66.52262
56.40009
23.13760
91.93651
76.58423
49.52487
14.99622
29.66096
66.18812
57.51598
78.02315
68.18684
19.19499
60.76826
8.87821
97.33456
40.71594
84.44568
32.38728
37.62709
19.64577
54.44472
91.88047
25.92390
68.84055
59.62966
52.48139
34.20198
9.79498
67.75024
97.33129
47.65500
10.07341
65.96375
38.14985
25.97172
64.69581
45.41625
17.24443
68.92839
29.83723
87.13747
24.77618
32.15925
74.35285
90.34293
65.75008
59.50927
14.82459
90.69443
74.11524
80.85206
98.63094
74.66884
61.04062
56.03799
4.26727
10.06356
57.79266
30.36679
89.84784
60.17615
94.78379
97.88889
36.12709
41.87507
17.48753
95.80094
4.29796
40.68653
4.68326
10.55657
71.62799
54.77839
38.08866
95.89928
28.85004
70.65012
38.05230
96.39811
56.07668
60.38443
66.91760
8.52056
7.15363
57.84188
3.85071
36.61463
16.27688
10.19484
49.84915
72.90743
92.40008
46.71417
17.98666
58.57885
30.11507
41.21844
17.24890
30.16131
98.30251
47.22568
67.47275
47.36568
69.58737
49.42800
81.04377
41.15422
97.25378
18.42213
73.16869
63.30531
84.84316
57.65753
11.93419
95.82931
37.32013
94.04492
22.26139
69.86481
53.37777
91.71180
99.09028
81.32151
28.81660
58.89235
60.39320
55.34082
16.63442
40.10765
9.90148
50.20013
92.05683
71.64598
80.39249
76.26969
94.42924
20.61857
57.95216
7.39541
73.89767
73.08310
5.24402
15.26601
63.76865
96.40225
1.72242
41.32214
94.25698
60.28298
83.12739
22.14072
69.68478
91.40853
81.09924
27.89379
27.20061
93.98557
21.88697
15.33768
96.95644
57.20664
12.13292
74.54853
36.77713
16.88740
79.04402
53.90410
44.49606
35.50403
77.86668
5.79900
16.63891
52.64147
79.29327
35.78752
43.07004
40.27937
84.58225
55.15215
40.78603
62.82482
23.14218
95.86367
82.44001
33.29236
32.68952
93.29280
58.45228
37.13374
46.99402
33.44596
97.15010
50.50040
65.67892
37.75793
92.66087
34.29125
55.01193
65.08442
14.34135
98.39120
43.84395
44.92645
72.60796
30.02032
30.53993
57.41666
27.42723
86.89051
67.68379
87.20993
72.90817
52.95999
26.81598
65.52310
27.24866
51.22172
19.77039
66.38949
5.62682
21.83331
33.73287
62.16268
32.38588
55.01574
73.58308
22.44082
97.24301
15.50503
51.12134
86.73425
67.30777
34.51924
89.79005
13.92045
38.27728
55.55555
80.46130
90.64044
38.97989
44.74631
77.67384
65.66804
39.96841
40.24808
30.07046
5.25521
10.52135
12.81653
36.66837
32.40225
94.34922
26.72595
56.06531
58.57694
82.20370
62.69979
74.01046
46.98784
83.74896
52.39542
24.02595
84.57013
95.71554
26.96961
48.05439
87.17700
19.70318
6.88726
11.74524
12.71744
36.24039
14.82371
65.83273
84.96888
84.58396
26.06036
29.44497
26.03869
4.01446
98.76166
39.34659
96.20473
34.27950
31.42191
39.61911
14.39632
6.84204
56.06585
43.05692
88.83296
48.43186
30.45798
56.19913
52.34361
53.08830
28.48878
75.09506
53.56660
48.60965
0.20288
65.08783
75.80272
15.24707
84.09529
29.96249
3.54719
31.84768
32.20515
95.37278
46.58091
8.38617
95.54794
87.89297
53.05652
9.41423
25.29603
1.87452
99.20104
8.90623
60.27740
81.22913
84.61553
95.97473
97.79232
60.98437
30.24315
30.29087
95.83729
94.17860
28.58531
93.52792
57.50427
96.36439
71.43820
33.74413
28.44215
5.76484
57.65692
58.84301
73.94131
55.62479
5.84592
29.74301
25.68676
66.65294
21.20666
45.00863
44.07920
19.47449
22.52160
16.01576
71.34351
64.34030
61.14165
99.64574
41.21664
56.81024
57.07995
10.44253
17.83872
69.01266
44.35780
34.48864
48.57213
96.18258
18.34533
20.33750
21.64558
68.09763
61.79628
38.96106
8.60698
98.32156
60.28201
71.80358
17.99279
37.30080
28.45590
20.69226
64.82735
74.49103
47.66208
76.11520
24.29252
50.51501
62.75053
9.26510
81.39473
36.98575
83.07619
93.20677
48.00720
34.96243
47.05946
87.38207
73.96109
32.10533
39.89390
86.15331
92.32144
29.13972
35.90836
94.52161
33.67415
28.13219
40.58428
21.38291
50.76443
31.35329
96.25062
15.26642
75.05838
66.83011
52.65865
58.44535
87.12481
4.36653
81.24235
86.22230
36.58983
54.23935
94.22801
79.57809
50.69286
48.66888
55.69542
26.74552
35.61020
79.04886
38.80187
34.66928
75.59048
80.35271
22.85919
5.15608
0.73107
24.05969
30.23682
18.35859
76.49979
24.65524
12.68200
74.23150
56.98726
52.70224
74.84010
19.77587
21.14800
99.99270
71.91478
73.61240
1.11686
76.72436
76.36026
92.63408
79.59915
7.77726
28.89014
1.01824
32.84681
37.75211
46.10206
95.42153
91.34178
75.51842
88.19852
97.95942
33.42640
66.40394
55.99085
54.87221
12.89866
38.71117
73.89152
83.49347
0.37569
11.88203
66.55446
59.38121
74.80194
59.14096
57.40005
75.15971
90.95419
39.69249
3.14189
70.41253
75.65907
10.85328
45.10771
92.62464
7.17996
52.27128
82.31335
71.78028
79.65204
53.87597
25.38460
59.43790
60.48706
76.06958
40.33602
69.77324
89.73755
20.89744
41.15078
63.11646
4.50821
31.21007
67.19756
31.85285
2.03787
53.51667
11.50808
11.52092
87.00578
1.39977
39.91316
29.48304
29.50350
44.62106
52.97716
75.31354
91.22284
4.12160
42.04859
15.75335
93.48950
78.55182
34.57844
59.67607
17.94292
84.01528
90.53981
96.25786
24.16897
31.52289
49.26405
33.93900
68.87820
14.04344
32.02800
40.23081
56.02125
28.26221
12.56013
99.62724
89.78624
96.94541
36.88929
66.73690
65.63441
89.80046
95.90817
50.63410
92.41349
93.19061
87.02770
23.95500
27.34598
53.52999
52.56112
18.83721
24.90543
19.75752
51.58463
62.15229
48.88434
67.33877
87.47226
0.94983
77.72768
87.61853
27.57327
66.27101
52.69166
22.21869
95.04008
61.04641
17.46303
10.90375
72.84262
14.19067
11.84685
53.84135
8.72261
27.78740
3.04331
66.65813
8.22919
18.96408
30.84108
98.46863
16.13004
23.61823
74.60997
59.67339
81.35614
40.18442
70.12810
81.54248
42.52838
76.61576
25.45983
68.57182
23.64316
67.33807
53.50857
84.79124
60.50195
32.99132
22.81268
54.50487
90.91023
60.13973
66.27795
90.02695
2.24406
9.37346
97.87432
57.01607
41.43136
84.73160
11.52482
71.42736
26.26469
2.93619
99.42265
34.60700
84.35904
1.17700
10.19954
88.09849
78.85459
32.51001
21.75125
5.47401
52.56485
27.22570
14.90443
83.15147
52.70178
63.42715
92.73468
66.00130
33.76577
80.18400
72.77867
3.39330
6.70614
94.25565
71.48839
6.28870
47.77997
86.61534
90.20549
92.27610
2.03952
19.40085
95.83974
47.46769
50.54728
7.39499
25.55987
95.50785
8.78622
42.31201
73.02089
93.11628
36.00906
41.62996
66.71950
8.60379
12.97651
99.48868
71.68112
53.12592
15.72917
62.70787
61.56361
47.99192
33.19955
63.63987
55.41410
72.19288
2.43106
69.63982
3.53575
9.69440
33.01314
87.67657
42.93884
5.64767
56.43291
44.62306
38.19345
36.79382
51.56892
44.71713
70.53060
98.09971
65.51376
47.12743
85.06719
18.76312
4.37091
56.91697
84.14261
74.27535
6.76232
1.96771
7.14885
47.74577
43.53521
75.87892
86.38143
15.29694
5.56290
21.79248
84.12462
53.24092
3.55403
59.99124
36.70589
42.77057
50.24753
53.59881
52.90354
0.55259
80.16176
9.09978
99.57828
39.70946
58.99906
56.99648
97.81146
53.28088
9.98441
54.58897
95.70054
68.41575
98.47104
8.28706
17.20672
56.63715
42.17410
75.97930
49.38187
95.64970
54.41091
27.12536
24.58090
12.90713
16.28314
39.93759
98.64380
56.30135
51.80745
57.71122
93.94473
44.38946
47.47269
96.33045
33.31658
77.82868
33.58817
95.21287
62.77343
58.21983
42.58156
45.50142
13.12463
30.05991
12.01534
82.72334
74.79682
73.52623
63.33437
95.86225
95.84181
99.09117
78.32273
90.31476
46.28853
13.67588
63.43970
76.24408
44.40627
79.17551
17.34225
43.21733
92.87369
37.20593
19.57840
33.87561
18.79623
0.42979
76.39644
74.16963
76.94181
38.59956
54.88713
95.66343
78.78211
65.57724
29.38101
51.11657
59.44126
77.92579
50.82213
80.84092
82.72995
28.24510
38.22619
34.35943
99.59929
1.36658
51.09604
95.91884
97.57234
71.30398
28.35997
12.03135
90.15471
72.59243
13.39571
70.25989
24.78085
54.49536
61.00922
52.45829
98.30372
67.73006
63.75593
59.46000
49.48186
57.82946
3.86028
73.27737
47.64770
41.81416
16.33183
86.21052
91.85074
63.54741
56.69925
65.70087
5.18659
14.73257
93.79945
52.10327
50.71662
19.86405
2.42232
47.61353
90.55991
14.73232
31.68889
25.48232
65.02786
8.95779
7.52051
41.66500
17.87261
96.24231
34.71042
26.72376
71.98063
6.99520
41.16839
66.24498
30.28984
76.08073
81.60872
25.44769
42.18764
78.86951
48.27247
12.14394
90.78983
61.76982
45.52149
0.51236
99.81385
63.02693
87.95297
17.83625
60.81410
3.11456
67.94452
37.46354
18.14116
83.43833
95.90077
59.49125
2.72021
26.69460
46.33388
92.42530
67.08861
7.00936
57.29916
22.81567
56.62803
84.81796
99.42687
21.06844
10.49939
35.38380
5.95748
7.02383
15.98083
45.98747
90.43135
37.31048
96.64555
39.46397
72.29087
91.81774
23.79120
74.45876
17.45313
8.25318
41.02513
43.94346
98.18140
68.16680
7.53468
94.38318
66.15422
76.59735
62.43376
68.18622
91.40226
48.80879
38.13347
27.12143
97.62855
75.24058
81.55060
55.48163
23.76515
95.39625
1.27492
47.81561
23.48826
22.46567
34.58488
8.35453
83.09571
11.32909
69.15539
53.92827
6.13505
13.51787
52.44106
67.92362
59.33583
46.36477
42.71114
65.21201
33.94387
15.92877
54.04815
26.85805
54.00372
91.72482
82.46498
95.79079
67.80381
60.12340
39.89278
78.98120
43.79245
43.10888
95.04170
53.86498
59.96753
22.79750
3.34490
10.37514
86.60901
87.22707
33.31880
73.47974
89.94540
87.10884
61.99130
18.32137
39.51540
53.83584
14.94404
6.38214
54.92850
54.59806
69.51101
76.29529
68.32610
39.08413
70.15908
71.01007
39.47373
91.16899
17.73747
32.51037
7.06241
37.03863
63.90076
74.38641
93.73150
2.72609
1.25916
29.54017
53.40115
28.50457
28.17214
87.76084
22.31155
90.27159
39.08579
66.66664
36.94302
63.60020
67.53763
34.60407
48.71313
56.77932
5.09705
39.66758
37.15541
65.16980
61.93320
97.93418
90.92156
52.97815
62.08412
79.91677
31.10421
38.93279
35.47199
89.48399
6.16290
48.45683
35.87071
97.58118
54.93265
27.73060
58.70777
66.50922
32.58839
69.14020
12.59979
8.86617
78.94661
55.77010
28.42054
87.43325
90.94153
18.39781
14.22771
99.08052
11.96300
22.35433
64.74405
29.40424
26.86785
67.11878
66.45346
96.92445
66.03501
12.31047
2.48111
14.57177
99.54026
19.24940
74.06215
44.54956
85.50760
16.07866
1.31732
19.91888
68.01510
46.63148
11.38669
2.48372
81.81229
59.07886
80.21364
17.51973
36.68235
32.58858
63.08815
95.14866
73.40369
19.61049
71.28587
49.55999
85.99774
82.06938
30.09926
1.40011
83.17015
44.47177
11.41438
82.21658
10.84997
44.50460
94.38445
93.78735
46.99084
7.89652
52.70963
3.55684
80.21083
13.83000
4.09139
26.24258
5.44267
89.32049
38.12756
5.09787
10.25011
26.32148
3.88919
52.08410
18.05312
16.22318
83.48432
83.88125
46.24406
3.39487
82.01019
52.63500
1.46763
57.44530
83.62100
50.10559
70.84437
64.50713
64.91946
59.97860
3.71433
23.12159
19.88504
34.07474
72.01358
18.95433
88.35665
32.48108
93.15918
53.24536
97.22804
95.64415
56.62786
31.61291
13.34656
78.91194
15.54906
94.18068
56.38701
81.08039
82.71198
31.20422
2.92032
35.74968
66.47215
21.92280
6.74158
79.20731
31.67735
68.41487
34.72980
12.30329
67.31553
65.26664
33.10498
98.64618
53.30566
53.72244
71.92033
63.73213
5.94379
36.95564
12.72318
51.08441
63.40177
29.65485
94.42074
15.22036
37.80218
58.71102
33.48775
9.16617
57.69906
23.60725
83.01640
88.98613
45.33221
93.84663
22.97288
16.55756
57.66736
86.05638
24.48263
96.83705
72.16120
8.49065
78.71836
88.36839
28.59330
39.54000
69.82548
78.48598
71.32828
85.31662
19.36054
43.56475
2.82942
38.29302
9.57832
92.33952
17.94586
82.65255
28.46824
97.72370
22.80026
1.80262
45.01280
7.53102
44.97062
57.53400
85.99084
97.92596
89.58577
2.60348
47.53669
95.90657
84.25472
91.91032
14.22982
69.34384
27.43503
72.12854
26.63861
29.31318
98.37940
83.89608
15.03711
17.98296
10.80909
82.07868
24.05169
35.14536
51.01328
42.08965
83.53547
39.16765
78.49332
35.88024
52.97272
52.52694
25.89248
98.79486
44.00431
40.88275
82.12947
62.87980
58.99598
78.92966
83.58449
0.71917
15.77256
40.56909
95.15364
43.83886
45.26212
85.23071
43.84837
54.44065
76.85216
76.05566
83.58968
74.11421
8.04748
90.84636
93.61420
41.20861
85.28905
2.14454
24.24929
92.45331
78.61127
92.43867
6.11435
0.79426
18.29667
42.88636
16.30169
40.03187
83.20231
25.14071
10.34704
31.77432
9.77835
17.00593
24.54708
55.20318
37.59058
13.58629
70.63171
50.93514
10.08007
96.91453
96.76595
4.48002
23.23800
34.74832
0.85896
38.36674
17.77675
11.33420
10.46590
3.67753
33.81219
34.24052
62.33069
45.73011
7.11259
48.02702
48.90517
30.95126
85.91417
22.17392
23.33345
88.40122
91.82721
89.37488
83.75776
74.13704
11.61327
87.49212
81.95110
86.98050
34.27936
19.47689
65.73394
47.04951
49.12062
24.17529
9.42845
41.16107
78.16404
4.68183
30.28204
95.92049
45.87839
56.16437
63.92717
99.13542
24.11785
46.38739
18.45321
15.52432
13.95664
71.29931
69.39841
51.66198
87.03934
62.17017
68.75582
42.95297
20.34788
6.31014
10.03620
79.47144
38.83977
19.03565
71.33517
56.83024
67.80449
53.55218
96.54937
31.36963
36.80214
54.92778
83.07832
0.21213
18.95583
31.80098
77.60996
26.45957
40.04042
4.84016
85.10996
53.12294
79.10525
56.71690
91.31753
53.86242
81.21243
40.92709
93.26336
76.21274
0.58409
85.05270
66.92122
56.81798
20.36608
58.39500
17.17206
17.04829
49.55535
24.43484
55.88596
61.24099
29.93073
60.48328
70.13514
99.10997
87.94778
3.10068
49.02622
55.66472
7.41783
68.91525
77.56412
48.09444
29.84727
76.50774
28.67061
37.64209
73.54133
48.05078
70.92608
31.46159
61.23066
63.99101
4.40176
78.49343
89.92206
0.85927
46.79920
47.50385
96.33579
13.90536
17.99737
16.04055
17.09655
59.41951
80.15383
27.20116
16.99757
35.22029
22.00823
63.66557
3.41282
1.39578
70.37650
18.84230
77.97524
83.48973
30.62364
85.75299
93.55294
95.49693
2.62442
80.04200
30.61873
99.78713
68.43016
37.89734
97.96088
53.62541
65.59450
43.99701
43.64295
58.53269
84.34824
62.06460
23.85741
45.57826
99.66477
31.79956
22.13140
40.51369
78.82761
11.50678
1.74401
66.43599
77.93568
52.40967
97.66627
22.51393
40.95927
46.53811
68.94153
56.65894
6.26942
10.19828
91.38792
32.32488
83.59643
64.30113
19.11177
70.41022
77.14179
28.00153
69.77825
58.92927
22.30683
20.71053
65.35185
52.00644
38.92229
32.80751
79.37671
84.37674
60.78776
3.18492
52.99966
85.28649
98.55401
47.90263
60.42791
40.08406
61.86904
73.79479
25.54466
53.74609
14.09122
39.67068
95.39543
9.78089
17.56942
9.31313
89.55365
58.89352
68.29876
78.65620
76.64727
23.66136
66.78356
43.49267
11.38290
29.03886
18.34059
30.39744
66.33740
90.69944
36.58396
58.74322
40.95651
36.94405
37.83572
69.01094
66.45215
82.57404
0.65834
4.11999
49.56538
95.89237
84.35560
90.53295
34.38167
5.96753
78.51363
29.86008
72.72582
73.80441
33.96872
85.47908
79.38785
66.69353
87.87617
77.17707
36.59490
65.96345
64.09490
19.98478
7.54762
37.64308
85.12096
29.67467
67.87799
60.69680
71.65576
9.97072
1.67098
30.73586
5.10357
96.15343
52.84276
98.29230
82.40825
70.46698
54.43442
92.44594
64.76682
28.44521
92.96886
12.31342
85.58122
11.09683
81.40592
11.47087
61.03599
55.25203
72.00522
35.07697
49.59702
28.12499
26.41422
72.06904
1.47381
24.04488
75.96791
18.09300
33.43513
61.69375
21.27314
97.36986
17.20219
49.59644
73.64306
67.80739
3.74345
18.26595
8.93435
77.33455
29.76208
32.20409
64.29580
67.91421
9.47140
25.42059
0.27214
16.73746
11.98542
33.04486
67.24930
48.56461
31.92157
86.06499
93.65850
58.36886
82.65516
26.92286
66.43948
74.05041
17.11514
53.66506
28.11382
37.57139
34.45116
44.68945
25.87970
65.58005
56.21285
88.85324
84.51423
68.38282
90.12363
67.27731
96.65334
15.11263
9.12908
0.80159
49.54217
6.76873
2.75466
69.41441
31.04278
80.51252
66.26359
54.72209
77.91478
12.03310
61.36687
79.18963
22.13900
56.30453
11.66133
53.28572
36.85501
49.66900
53.32620
47.42000
33.98721
71.02470
37.26230
92.99921
19.17889
49.40963
72.73015
28.02948
89.65592
35.06111
6.49743
62.41054
1.63634
8.30306
48.92092
57.34865
9.26623
29.61837
61.70187
17.88018
70.87348
85.81380
61.13296
27.41739
54.27398
64.35078
39.76720
57.69331
14.77599
89.95765
33.54491
83.66902
17.08346
18.01187
40.65718
84.91308
68.02684
40.01617
95.24889
65.35796
18.62198
66.61000
46.05693
30.93008
82.13590
15.40273
54.39557
36.29850
60.41029
73.71460
78.23035
10.69613
14.63248
94.34384
88.21580
44.85934
61.97395
14.61694
48.75608
27.52730
52.85566
35.27757
42.58006
22.73193
46.37808
49.82377
71.81179
63.93119
4.30718
74.79071
28.56918
95.64017
80.25233
38.73103
95.00119
26.23780
50.13860
0.92022
82.04479
18.79443
72.11286
12.50381
8.26278
92.84593
84.30634
32.53792
39.83547
83.44981
20.65770
66.84308
73.29891
80.98465
16.20085
57.25873
92.29149
83.97404
44.16952
76.26473
5.49729
35.92816
5.76212
44.51032
61.44747
79.55365
50.19797
60.33692
8.33729
75.93460
61.88515
58.85918
31.73647
93.94196
40.15957
81.20813
16.59076
19.58594
70.01141
56.62446
84.11900
44.76866
64.73122
76.68606
77.64607
72.01610
78.04110
94.60268
96.70503
98.88053
1.23492
17.88562
25.22080
13.52411
68.87761
35.56102
22.49740
95.21085
84.11315
13.36700
68.30094
77.86700
69.89786
59.04395
37.31997
51.54276
48.89266
66.52783
58.75155
90.49326
55.66443
83.71241
84.15667
46.73684
22.34616
62.58950
82.63068
92.42743
7.86466
69.71311
5.83758
65.80887
28.76016
7.91569
9.14723
20.10407
26.42817
87.19446
83.89715
73.68041
54.93505
98.46782
33.64055
75.66324
58.60979
67.73431
23.45426
91.96869
94.34048
75.34704
85.97342
85.51604
60.32541
21.69685
48.49673
36.87156
54.66556
43.33022
83.66538
97.35160
61.58944
50.62915
80.29876
89.19909
95.39960
4.69285
16.98538
28.38923
47.58424
46.83808
98.31686
81.00351
89.36986
44.39370
63.55931
48.64337
28.74261
50.98604
80.16516
77.97212
52.38094
14.89669
76.09221
96.08488
14.45151
61.38560
57.37669
82.69806
64.99794
53.39367
51.83613
17.99223
84.56668
16.74156
38.65088
34.84375
73.61496
32.41750
72.00846
85.81007
0.60633
76.95303
29.48914
52.18842
18.20034
63.11458
42.90005
46.08866
88.11191
0.22367
56.28290
8.05719
58.77077
15.54670
71.90226
49.22152
23.08254
0.58332
25.40298
68.22534
99.07116
58.49591
3.02694
26.06147
3.80707
48.75328
27.06643
80.48679
87.34771
92.44054
94.62200
12.43174
48.85919
16.69788
78.25184
46.78839
1.95690
32.38371
39.48177
56.52548
35.73688
86.42572
77.14546
45.48231
25.36036
68.26563
98.31599
67.33359
57.34608
20.29277
83.12797
9.67603
49.03599
92.89086
32.40856
44.26416
90.65588
86.65993
86.44923
4.17170
44.50933
75.39474
9.93378
55.38607
34.55138
37.43854
55.75231
1.72226
51.64448
83.67962
45.59181
64.96462
35.18168
22.87424
79.19121
30.82302
27.81711
62.22097
60.68535
49.98795
57.99534
55.31605
67.12591
32.46489
6.54686
9.05327
66.67321
64.74624
96.39751
4.04559
78.56078
93.26561
91.04669
36.83333
40.74383
95.45883
92.78478
70.27483
11.83168
97.89697
43.00264
46.43200
56.08270
12.48260
55.64566
98.46041
48.35172
46.70669
49.28154
19.57030
77.92207
22.40640
24.63496
45.09481
99.05978
3.13729
22.90762
80.67594
42.31742
49.68203
57.43486
64.67554
67.07638
34.08695
80.32929
6.99001
55.64332
24.13882
46.24028
71.12894
49.07245
40.12446
24.86077
60.87309
30.44263
29.34232
79.11276
47.35221
32.67718
67.44806
5.60955
4.67763
97.51267
79.97724
12.32319
9.05827
38.37328
62.04936
20.87885
17.73985
36.94861
87.67144
93.57509
80.71036
66.89938
0.81399
12.81116
6.89352
40.61641
48.24142
81.29359
74.06662
63.99465
37.39088
6.27974
36.15422
58.78744
44.67092
24.06901
53.87501
33.11540
95.73789
50.10588
30.71797
45.11757
84.45032
47.36617
24.51393
74.91662
47.32873
36.83276
35.95135
71.24213
63.73345
86.98851
1.53233
47.20449
33.50860
76.99331
97.95914
51.62256
6.39081
95.00563
43.74355
18.93795
0.63552
98.74982
62.35661
65.06919
36.07229
55.33075
52.73499
82.20761
90.10903
8.27421
26.34041
29.01889
69.69744
49.87571
94.83840
42.52832
56.67123
38.29502
25.28971
83.16726
94.07649
72.87486
58.04631
93.24044
19.09272
60.97195
11.57051
28.01923
64.33096
92.28401
1.47912
25.77860
3.95518
56.74456
48.72322
54.24598
19.38556
23.74490
9.28637
7.06942
71.96349
25.20229
51.02384
7.28185
51.69169
2.05281
36.73965
96.96437
35.51252
45.88609
27.78229
18.03965
39.70753
2.03770
5.98778
92.82236
74.80485
18.94265
27.88074
36.88529
89.92000
49.78671
58.80719
64.44205
42.23228
26.16725
93.63617
32.32575
26.91578
82.16186
88.76438
69.37615
93.58831
26.85549
17.38064
86.78588
5.13889
62.33668
42.93833
54.24967
67.63775
74.73266
11.30847
43.78515
40.21364
46.43735
53.74931
8.02643
74.25126
9.90934
97.72128
42.20371
68.35490
69.96644
76.74791
39.08739
89.65112
50.12230
36.19665
77.90996
36.44444
2.48174
29.91635
48.56486
65.75917
38.67317
73.97991
32.38686
47.48553
69.86270
30.74761
22.67964
96.78191
66.83227
71.04671
43.49157
3.89758
6.24046
7.95712
94.20005
90.64432
29.94912
46.99245
58.74209
75.70212
91.04691
97.87599
77.30335
49.66329
57.69976
41.19294
28.97796
55.02023
75.39660
15.83414
84.02751
66.32164
26.29152
71.02507
42.91154
87.47874
56.23515
37.08545
84.75654
44.27034
79.60126
44.10717
99.18243
89.96253
72.81740
88.09278
86.88144
79.53527
78.84215
46.55399
93.28599
31.31038
6.50196
6.97152
73.07540
44.83408
9.98817
20.30355
27.47504
60.85731
28.69413
71.45212
86.53136
35.48740
55.80331
72.65335
75.38011
96.58083
82.10678
35.40399
38.96606
42.06096
67.63325
58.19248
90.20647
34.06656
16.09340
57.80133
50.80399
95.94344
92.09581
96.55685
2.40628
20.50085
37.20765
84.48475
10.34396
99.22784
79.73471
21.58996
69.78608
3.28338
62.52555
87.57209
19.16657
92.86375
61.68476
90.17335
33.25101
96.54715
92.72839
43.60749
18.35183
29.75468
51.61119
2.88446
58.09888
42.00781
57.00868
36.32572
20.07418
43.83699
83.25186
64.44500
79.87572
92.41116
25.78214
19.93775
44.93206
59.17523
30.50687
85.40981
89.86480
68.04852
25.85649
70.90630
11.34885
79.00509
61.07765
20.78690
56.18428
85.02570
59.75378
43.66942
61.28106
49.42591
19.81511
83.71606
30.52573
75.01126
51.17955
94.53008
38.34276
89.41936
79.21015
57.35409
92.66367
46.56818
38.93733
40.51200
58.96377
56.21357
48.53807
5.10444
22.31023
25.62382
4.91845
57.42954
59.44918
11.31681
76.73540
54.78012
93.51462
17.20038
36.83258
17.14794
91.09177
42.28564
7.31657
36.93977
33.53461
31.55645
58.58296
10.90399
32.54840
10.25812
88.11896
61.63873
96.42271
60.64537
84.13414
51.58835
18.10890
88.82822
58.88261
48.92654
16.03825
3.65484
18.85934
2.21537
86.05416
8.02441
64.76837
18.79140
40.28020
0.18563
45.11252
21.78157
88.00608
29.47247
94.71937
29.29560
31.33776
54.26463
83.67908
36.45653
26.76712
52.50137
3.73405
75.10086
91.57579
47.09969
60.21696
90.48879
88.79628
85.72924
93.16122
6.70715
1.52458
15.39616
63.45662
28.07618
68.27899
80.14854
42.22365
23.12559
34.18602
57.85783
8.35248
37.03778
79.28313
69.89457
17.36373
77.58157
94.95470
64.04711
23.76826
20.22714
77.93637
1.49629
16.16725
84.13878
35.29460
37.63060
66.63436
63.96071
45.32559
63.62565
58.71144
95.51642
12.16971
30.53261
63.11363
22.08786
32.49499
94.75443
29.10408
35.42981
20.92529
90.73435
92.82595
22.86032
7.76000
59.49623
76.08150
86.08587
63.11397
4.86335
57.13341
31.03315
56.16324
56.16330
10.35451
29.85997
72.04540
17.72574
32.32468
62.69960
96.33470
4.61582
73.50289
11.94204
38.63515
99.22362
69.89276
39.39804
21.57021
59.70930
3.06844
45.02479
83.83509
47.76981
95.62219
53.80300
63.01307
36.44986
46.93933
91.25851
58.26488
63.12503
5.01518
61.34395
47.84037
52.69400
18.11241
57.15572
41.92884
92.35191
43.24861
7.67648
4.61472
38.46972
8.60067
69.83881
6.51645
15.22977
80.32800
58.09748
58.35821
94.91604
91.79682
47.73950
49.33600
7.10885
49.43640
98.27284
71.26818
58.91099
79.69198
76.18474
72.54313
68.28351
84.33527
83.18060
86.49198
28.31712
47.64830
56.80769
7.79351
39.48726
28.51649
81.19397
33.88421
72.18741
90.23984
86.87247
54.98932
6.99747
2.82265
14.49156
5.19906
66.87891
89.04379
53.10308
16.28570
94.05042
54.52226
52.07563
98.73049
14.01771
29.15003
8.28649
48.90910
27.49191
42.57405
80.60120
59.70286
54.87210
81.80405
15.19126
97.23138
45.46051
23.02571
30.54444
17.08413
42.88436
21.03224
86.76472
56.14240
66.26924
75.60201
66.55832
23.39667
59.44270
60.21451
54.98712
44.61741
72.35980
70.23541
65.49501
58.74957
36.00100
87.51896
62.01426
47.06429
81.91183
61.59413
72.61821
97.42171
58.40129
38.55947
69.53086
68.69696
76.70844
14.85090
58.62812
84.30708
96.69410
73.65904
98.66251
62.15689
37.56519
71.36125
7.59460
37.33657
74.83442
74.87320
89.80895
35.51187
60.12510
72.47695
92.00006
21.86168
41.47760
25.76393
26.47540
6.71122
46.32301
55.82549
0.36750
13.08330
78.62815
16.48958
25.77117
66.93045
46.64865
77.20428
82.07348
97.63904
92.84440
83.87927
69.96558
35.42772
42.57823
23.54335
79.03068
75.83506
85.30224
7.77578
51.73026
95.11251
29.34830
21.21659
68.30815
29.00163
41.55301
72.48565
33.62455
60.89292
7.46270
43.11820
89.44136
9.20263
80.06757
0.62369
7.05761
81.70001
21.34334
23.05333
21.19393
98.27728
88.84704
50.68249
74.88536
58.84762
28.76433
54.70997
76.43471
86.01356
10.03745
27.24172
71.45830
30.43835
30.97243
26.93820
75.08981
58.83870
91.40164
68.27897
67.25695
11.66804
41.33015
52.85331
37.39081
2.49483
56.95146
6.22091
86.16697
39.55463
84.31449
8.05988
37.32644
1.15238
7.02022
6.29028
44.97173
56.56237
5.48169
34.28317
42.30949
56.02852
25.69409
54.60616
84.79414
33.16467
74.18890
13.68862
67.68051
2.68405
35.95790
3.35931
29.26026
43.34676
37.89541
72.76030
51.90558
1.33208
29.32063
78.53390
4.28819
46.30116
11.23739
99.72870
9.88178
14.96285
23.83911
67.82545
96.65417
0.10262
92.48363
10.07219
32.70706
47.87548
4.31314
25.13431
36.21622
38.65656
85.40214
19.59925
34.39257
97.76875
47.56710
79.63992
67.43832
26.47290
85.89721
16.00431
89.27584
30.01620
47.60404
22.03916
87.77558
0.80768
61.98448
75.19216
35.53566
68.17603
15.95087
58.37281
97.17826
33.37607
98.85225
46.38098
58.69683
71.05193
65.73840
66.05825
63.98237
56.37736
18.16282
95.42329
45.59079
42.02269
22.74773
98.30787
85.19407
9.15446
3.02568
58.64074
40.90093
36.21327
18.99588
86.88719
38.05779
89.48383
60.85037
52.73683
8.95842
8.63523
74.96162
56.44275
28.90119
58.75325
54.20235
29.68834
20.31159
44.75495
8.80243
20.29861
5.36480
31.83848
53.30202
58.56404
1.83960
93.68961
23.47868
21.51703
79.08547
17.34219
45.25354
38.09088
23.18056
76.32137
66.43365
9.29602
15.03024
74.45992
19.67358
3.75453
65.39249
83.42276
72.05362
50.38439
6.37264
60.12096
71.81296
14.97864
6.00613
55.31311
2.79670
66.67038
63.83839
22.40780
95.46487
27.56885
16.87092
78.62087
43.52134
92.66836
7.67538
74.74661
26.66977
96.74214
86.46295
24.66557
61.80420
67.06982
15.06275
86.89824
19.25855
45.18010
54.50391
86.04706
97.56863
64.08315
42.31710
34.22902
50.88166
41.23226
66.79764
67.87736
95.38610
37.55095
47.39732
12.70678
2.68792
52.07500
97.46075
42.15031
62.44552
76.04731
39.85483
93.89996
56.36266
93.06244
46.52795
63.18619
74.44885
81.72013
80.93097
64.62728
65.49043
77.06354
58.94530
40.39307
38.04871
59.49908
31.49396
80.80384
31.03984
29.98615
62.67570
5.67657
96.51974
18.27175
86.71780
69.66626
76.70471
77.53738
86.42795
53.91930
76.34429
88.63745
42.98852
54.37788
23.71401
40.84929
82.91985
39.26343
68.86817
49.44989
0.97640
71.55504
65.28905
67.70647
34.02654
27.17426
38.23859
96.65833
23.48575
86.26983
58.75678
36.30185
98.31482
57.34812
13.53400
72.15115
34.16230
72.61104
12.57153
60.47757
98.89725
79.19492
77.97804
30.58608
73.14374
62.83379
98.23686
16.17452
23.06171
20.25689
40.08063
77.02699
7.28006
36.12674
62.16157
54.67053
60.88096
21.95431
97.16618
0.63285
2.91575
3.33916
75.72848
43.73625
99.31200
32.82785
3.26633
9.68420
52.17522
99.06455
15.15322
75.43605
97.09116
19.08166
69.67796
59.54165
29.31696
38.60000
44.68752
50.60926
6.75724
90.91785
86.23634
30.46827
91.43566
20.02253
22.20537
18.99729
88.37778
80.62311
82.41866
89.98828
15.63031
90.77356
22.70477
70.96629
51.05392
88.49423
56.09213
14.17439
72.23864
14.30626
56.66948
79.20249
89.52436
16.93783
86.48369
6.19832
78.94716
32.42076
75.57297
65.75369
28.66966
81.37345
89.28505
96.54717
94.35134
56.42158
86.98534
5.72323
91.87773
35.92512
35.44274
43.42099
6.78358
7.47318
54.73826
53.25536
40.05183
41.49286
13.14368
40.63190
36.52868
46.69263
60.71970
97.63927
77.06721
46.54712
9.12601
59.35177
32.20261
47.07878
73.28383
80.62941
29.88205
92.59968
76.54619
4.78816
80.39700
63.09653
88.35538
65.42376
14.13510
97.64271
21.92242
12.86075
24.96204
68.55808
37.87747
26.51172
22.73094
20.83057
16.66302
50.61039
31.49743
96.69410
19.60613
87.61378
15.58890
24.05557
62.92565
57.49277
40.47598
58.41938
2.26277
93.49808
42.83899
56.43754
58.96197
32.38945
7.11528
19.59737
7.69007
12.08403
91.31625
67.45414
86.52010
10.77652
83.48283
31.79730
29.56975
3.98751
2.23607
28.02573
57.18267
34.78664
38.46396
59.28955
40.49941
79.14985
23.80179
94.47925
53.12979
37.49581
81.59343
11.01700
2.68779
87.74501
85.68275
53.82069
35.99159
54.57509
40.69604
18.52155
8.10716
75.32288
59.75056
40.48467
36.96171
52.57189
5.56991
58.18913
53.98571
4.71933
46.27683
5.97698
25.64499
72.68172
40.60093
97.96772
91.05136
98.45653
55.73319
39.36086
1.73749
40.38632
1.84784
56.66777
65.37390
54.18933
40.65998
25.91651
86.43151
38.09643
93.59381
14.59571
16.07492
53.91366
72.83602
74.86873
82.12549
3.67461
57.80847
50.31936
93.75839
92.10052
46.47492
27.83410
15.37946
88.72845
35.76497
54.93548
56.49092
0.37732
14.57374
30.05863
74.92500
21.18506
64.98823
49.03764
27.94325
41.66265
40.16642
95.23747
87.75798
73.73520
5.92681
53.63611
11.01860
70.64024
30.90195
10.92606
43.66273
93.43733
2.97970
42.94678
79.72333
41.79248
54.78135
93.73078
46.63847
40.54399
92.65568
15.40212
69.74314
30.42356
65.60455
69.31498
36.31882
40.48117
35.29406
73.46205
24.00726
94.36120
21.93187
85.04108
96.83481
20.39631
93.64428
53.67608
46.31446
95.22936
31.24136
5.10101
58.24175
32.05833
51.05438
8.72272
19.98253
81.31154
76.53489
83.32802
93.98539
53.53441
15.67411
82.96946
87.94001
23.70047
63.45712
74.78012
8.38059
8.27032
26.54554
23.44891
90.18079
96.26400
58.39516
88.39286
65.58064
77.80235
12.65423
41.35013
79.40828
57.69987
20.58568
6.13578
67.62871
59.08780
63.50596
12.83359
97.42749
35.41822
10.90117
18.05607
68.40086
40.32680
52.65282
19.79770
92.53991
80.46544
87.37974
7.64788
93.11608
54.78671
48.44711
2.36046
53.66868
50.98907
1.97861
62.36675
47.35223
40.93778
0.72010
98.86145
9.47760
27.80895
61.92872
66.47439
88.27628
88.37567
7.37951
0.87642
84.81150
40.70756
49.31151
82.26665
6.08756
86.17351
74.75159
71.86649
24.30586
2.58155
49.97236
98.95349
68.34013
44.64190
45.35552
80.12248
71.09825
90.94437
9.00572
78.97696
12.18057
94.41576
47.57380
88.33709
31.08392
67.30727
3.15380
15.49754
6.45222
9.10715
16.70460
62.63188
33.79011
68.59340
16.69885
41.75183
18.38257
84.94274
12.79288
42.70320
50.34775
94.78396
44.16899
50.04264
73.29129
53.20867
13.21921
94.50678
92.98869
45.45862
97.75791
2.40339
1.66189
93.23183
64.62074
95.39529
82.08040
54.02352
29.77258
42.49574
48.06850
98.04014
52.60651
25.50004
45.01848
83.16022
54.44091
78.47467
57.78277
47.38501
79.80002
74.92435
54.00745
76.03607
95.80126
86.60661
89.41890
27.93178
61.04094
3.52091
12.25570
53.83987
70.99812
97.56955
75.29588
82.07829
32.47271
17.00948
60.66831
67.67077
34.54249
18.28280
21.86278
22.49390
81.33655
86.19656
62.17432
66.22617
37.88116
65.70385
33.55490
11.48849
37.92039
32.98936
60.26604
48.68357
16.24620
13.90218
20.08602
97.60133
54.99617
22.62396
27.43851
21.62177
79.70264
90.70012
42.92737
19.04489
27.78865
30.09846
38.86440
68.50289
61.36111
61.98074
68.91941
87.74325
98.50593
42.41702
6.70065
32.13113
94.18762
45.31006
43.18512
39.64054
76.49705
41.79931
93.81697
23.14317
97.29531
92.35966
15.78036
51.42754
55.11781
28.09063
6.02073
34.81623
4.26761
30.22739
83.24643
93.29760
14.60166
71.23317
95.97672
39.41443
68.85170
97.63385
39.19931
63.63954
92.11728
9.54744
68.60982
13.59632
10.57017
39.14977
77.82710
73.23091
4.44138
57.52878
43.50793
72.11363
28.15241
55.15360
69.30417
41.28442
53.30623
50.49410
82.27193
50.56895
96.20691
19.92875
10.58024
57.31208
50.49825
17.64399
64.33508
21.53497
23.33445
89.67546
17.93224
80.37178
54.42756
37.25645
40.71328
93.17704
38.20145
81.75453
60.92416
65.03004
24.90918
7.01847
81.54860
97.63995
2.68808
59.33670
35.42140
77.30502
39.06063
99.13699
37.69361
95.43076
1.03873
1.17102
73.70783
13.69959
25.13166
20.79826
60.20818
55.74559
58.83465
45.11767
62.13252
60.87296
87.62155
93.39348
19.82075
42.30402
78.49809
78.54846
26.47754
66.98516
74.92192
61.57359
48.46365
80.98389
42.31078
35.66275
85.67962
50.05763
8.87289
3.44064
15.53954
18.96517
26.55517
91.71070
15.73357
55.54211
16.60640
13.04703
22.99996
15.77920
17.19547
18.57825
78.03357
1.85059
16.05216
59.09726
64.95741
88.91455
98.31623
38.69997
13.21360
7.32798
20.65379
11.97800
20.87384
39.25600
92.29510
62.13456
34.86643
34.23821
3.59998
70.92567
93.18875
46.22824
21.18522
45.93134
8.67972
32.28942
33.36971
1.87025
85.17553
21.11187
10.83883
17.41119
13.01980
86.82397
46.58308
1.77430
47.29103
22.65410
8.05799
35.42196
90.74096
5.68200
54.82946
85.16323
2.18531
96.75598
30.99067
54.81579
14.40081
17.51143
44.20705
48.97061
0.85297
86.51882
32.72996
13.27488
8.18779
38.83004
89.21568
66.08584
22.09345
85.23589
48.31938
35.78374
34.78362
60.70145
3.16937
49.55154
97.79734
68.70340
21.76463
68.35129
47.35113
43.20783
75.29817
51.49211
68.06594
45.29146
64.31853
16.30192
56.43149
22.57536
32.12737
64.27007
13.69701
58.75788
32.20690
24.32503
43.86671
99.37792
92.59199
19.32409
13.60595
54.82537
13.48356
38.23603
23.63927
80.94109
0.16788
46.76005
62.40005
50.90567
70.45929
41.39408
73.61408
14.33296
84.21100
25.17461
39.90591
21.28921
68.08887
17.41005
21.86699
20.70411
23.63268
28.85875
68.53185
79.32195
17.13514
90.34921
75.26037
96.99628
59.08345
58.82895
3.76834
55.25761
18.40684
14.70318
93.81677
25.60722
7.21457
62.86058
59.16716
28.38679
80.93631
64.17078
7.69983
76.67156
63.90082
64.51656
51.73090
64.17462
41.90504
91.57328
67.59884
1.43641
68.55501
17.02170
4.46115
28.23689
29.90510
77.14086
62.16030
48.07142
4.58058
24.35872
43.72401
14.70465
19.09968
49.26714
48.61463
93.62226
66.46771
2.66101
41.07085
46.52409
93.66769
18.44600
93.06544
60.21232
95.64763
65.60359
4.71241
28.82271
97.70101
51.13144
86.72453
21.70611
48.74924
93.27244
69.67825
47.33003
98.01822
92.41656
92.16749
55.73173
44.50184
67.03169
90.94236
37.59978
17.05558
98.70319
24.82990
59.81713
89.54163
17.35544
20.50234
19.41293
46.87097
5.14401
47.62418
2.54768
26.66735
32.91840
17.02377
88.41336
25.71342
50.81086
58.32890
78.00496
71.38881
56.95246
22.98671
8.62237
37.63469
56.06851
63.62759
69.33827
5.56081
19.50755
68.66937
7.75299
39.46984
61.72517
97.91465
80.19256
32.90285
63.01394
41.51766
55.65529
13.50680
21.84432
4.13356
0.19017
32.59351
39.41443
83.44872
7.62528
25.32708
72.25114
81.33118
0.18110
96.70243
48.30860
77.32863
55.54631
0.07316
39.22207
33.30520
97.03340
54.06849
23.12864
51.20541
41.91371
83.03385
91.93463
37.30038
62.01935
9.75931
64.05222
18.04370
7.25946
69.24360
8.46479
28.20438
60.19676
38.30567
48.54563
37.27308
6.64882
7.54665
28.42891
17.89203
14.23279
52.06708
52.94959
90.39547
68.84417
50.66088
33.84257
12.80855
70.93783
46.45657
71.79806
38.63823
52.32672
95.45125
1.82247
91.42908
81.95947
35.93734
54.98545
40.58183
80.60779
11.40173
52.36051
68.24216
54.97664
19.98869
89.61500
36.24790
2.77385
44.62869
1.58067
21.85482
99.51443
63.79813
86.62301
11.53643
36.33536
61.58349
46.21848
2.79720
70.89288
29.18549
92.86871
60.42123
6.92335
46.55036
5.64225
73.56541
78.50272
58.93087
11.78547
25.30762
36.39453
63.70062
81.03356
55.03877
56.17072
58.55575
49.43723
76.78583
74.17855
63.37726
54.14589
79.74617
58.91027
98.31803
54.35145
31.61840
60.58602
85.13330
55.51730
84.78567
22.30447
32.92979
9.65866
77.91828
81.65905
56.94434
89.03395
41.37363
53.83029
33.59719
84.93470
84.39024
81.47647
24.18855
67.57574
14.50662
19.73023
1.83518
85.88453
31.51438
52.25366
3.66292
96.60340
46.73480
52.67807
47.41717
88.01678
29.65937
57.90859
73.06544
33.11641
61.40035
7.44199
76.47662
61.63745
40.90334
84.29083
59.32576
37.85913
86.59924
57.90904
43.02293
91.64910
83.22152
51.09385
54.68568
15.88504
57.85458
4.21097
30.96262
17.25944
44.52801
55.12339
3.62959
75.72344
58.25981
64.53295
0.55055
68.02941
78.31694
28.39071
56.48738
30.66540
24.41568
22.78899
91.59566
94.41463
42.04224
54.09282
69.47895
62.87703
8.17508
75.24185
1.64581
97.32228
20.72483
96.50034
65.24720
9.04326
3.69795
51.22541
40.33751
42.63696
53.00263
95.20347
77.85573
2.83437
89.18627
32.65725
55.79877
21.40745
50.50900
14.93588
49.88553
78.79234
89.67278
70.50329
9.63083
23.63702
81.16212
89.32121
90.78580
89.50625
10.30495
75.54155
15.13086
81.19609
55.95686
81.29842
2.51711
51.98412
25.84229
36.37531
1.11863
19.96918
32.74823
6.81658
64.10916
25.69780
74.64139
4.31826
49.97719
31.97025
87.18212
22.84882
49.14012
71.41675
63.16229
24.92112
53.32705
39.96763
76.12334
94.64394
64.20400
11.87805
86.93025
93.95408
62.28660
27.79301
37.10344
88.07145
58.10133
44.94412
19.98531
1.08971
74.64309
32.40773
71.77030
37.90201
39.50589
53.49299
79.15413
20.64464
11.81787
70.15533
74.37034
60.89147
60.79989
5.14320
70.38233
43.21412
46.73505
8.77255
88.78345
83.31364
86.47136
12.99708
64.03750
41.21389
66.17649
93.12109
83.52283
69.85042
96.28047
96.01815
96.41422
78.33572
94.60441
90.34812
5.73024
26.76854
96.10963
33.40019
46.52647
47.10098
23.21479
90.37427
74.16732
66.32691
51.39382
8.63984
76.08694
54.67783
3.63623
32.86419
18.05169
31.07523
55.98171
32.21200
31.34257
78.42935
85.21155
28.01315
70.90736
81.77061
43.16493
14.69174
56.16856
9.81692
21.77988
46.90916
74.10739
32.32998
28.90372
26.93056
45.98177
88.27120
61.66158
30.30593
56.47513
83.40175
10.54181
55.82957
57.11079
19.82310
55.93924
71.47376
99.28138
70.08689
69.79642
28.46646
30.98200
4.36443
78.55446
77.39551
6.48647
69.48284
47.95068
83.59140
66.77737
59.93499
65.27298
22.43160
12.50214
26.98706
58.39750
85.91628
32.76576
99.23979
84.49953
39.81141
35.49938
42.10518
70.80058
62.95325
1.70929
5.45035
99.93173
98.77240
88.63644
93.22333
14.64127
62.88775
35.25874
28.55889
25.49481
52.78094
4.39290
95.69841
84.34720
79.19338
44.54737
53.24177
43.91992
72.18256
12.66044
91.82171
31.30593
74.28520
51.55661
93.23885
53.97055
37.97476
48.06863
89.26941
44.81329
18.05625
79.64916
34.88948
98.94686
65.79334
31.18516
18.09283
48.79220
35.48899
83.53747
60.24380
69.35375
73.57767
41.89587
38.29433
73.92312
97.39297
51.82829
50.47875
69.86074
65.84266
85.48892
66.46438
37.67828
0.30043
15.42996
43.34454
81.99007
68.23148
15.43280
51.50581
15.71671
27.27432
14.81043
64.22160
80.70701
60.44449
82.04309
80.53706
97.01371
20.88167
69.62503
30.13073
33.56478
73.61654
89.67251
15.27854
12.39105
77.33985
77.68243
58.84400
10.74657
99.42774
59.29249
43.10873
0.04586
28.20335
36.69831
71.92878
52.76450
12.39547
27.85088
16.24179
20.49043
0.12200
50.31331
68.20960
46.41093
36.34447
31.58540
71.06697
43.29231
12.71417
70.77590
58.14108
40.53776
42.14305
30.46736
21.10521
34.99278
77.36769
94.11166
26.79127
27.23673
66.71654
28.54581
73.88836
78.32368
34.24961
33.99658
21.32199
61.05686
29.51245
68.67821
24.54450
88.81817
20.72084
50.85058
83.41382
91.24618
73.94396
42.39237
69.19446
54.74885
94.26923
54.53763
74.38696
26.02683
5.50695
23.64799
60.02764
36.29992
59.79550
55.78941
54.81512
0.91226
77.83269
92.35822
79.34466
58.89788
86.96879
76.43005
44.19745
11.34211
44.86233
32.11388
44.07955
93.79137
55.92663
12.49263
82.63253
29.60959
43.91349
68.79099
25.87708
19.64793
64.28094
77.24675
82.63918
69.30924
53.96393
82.95436
77.10807
94.87481
13.90089
50.26396
18.13940
86.57475
72.64599
36.16356
59.73447
24.35664
23.37277
98.87252
92.59599
68.24672
72.96445
74.32637
41.04599
84.40134
50.01074
92.98992
70.25743
46.58049
87.73564
24.15069
16.11810
31.18640
54.34077
89.02572
92.96033
87.66053
48.86055
31.23468
92.33435
39.87986
36.56320
73.90940
40.11953
44.28986
75.62301
37.58705
86.05850
15.92832
27.32456
46.31894
77.77863
5.30699
80.30088
80.22478
78.08214
93.47374
41.01342
35.95611
15.17159
9.07430
45.87937
21.28397
79.93123
47.63648
48.79063
40.22194
75.42475
90.09077
63.34610
73.71298
65.81569
60.23008
11.53351
26.16918
20.58083
3.70324
51.08455
35.61603
56.17228
6.48236
69.74674
23.05324
96.86511
2.91050
68.07995
30.91414
43.02437
12.80992
98.11843
89.19900
34.49009
86.66806
3.90689
60.60370
90.99290
47.92778
9.03632
26.72909
60.89842
62.45874
1.96836
91.44114
78.60405
2.22400
75.95754
30.18107
44.20679
19.81692
13.50914
69.14603
12.44133
38.66135
46.35431
77.18140
83.23663
7.05575
43.72621
33.73593
69.02576
85.37119
53.64739
98.80490
26.39975
59.04935
61.01902
3.20817
11.27005
99.73834
33.25571
99.86998
81.79137
51.21136
57.71056
9.01831
94.38318
32.52874
66.02932
23.65109
17.34484
73.21318
72.27691
78.12764
62.31560
67.26541
45.17023
90.79382
84.94374
17.19720
38.65047
43.81819
25.87991
5.24525
45.69142
50.33793
62.05419
18.82558
74.50805
48.81044
35.42163
20.69178
5.38009
4.38697
32.64768
92.93221
4.87132
74.83347
88.71170
28.78412
93.90364
54.66897
93.65566
93.18108
90.90822
19.84221
56.93486
70.24938
31.37041
53.19114
63.61157
82.17525
11.28232
86.60384
3.78455
55.97428
28.61169
72.75569
59.95446
76.85001
75.64731
38.75408
36.46048
63.34194
18.84039
74.17236
95.96305
28.27701
15.62714
40.02189
19.44098
55.66850
91.42013
57.96947
59.28075
71.96296
38.86552
74.87348
46.42415
11.84387
57.51135
17.34128
22.99595
0.38336
38.64458
89.91876
75.39193
32.47522
77.39384
11.14196
70.01437
97.47492
86.06129
9.56189
66.71478
70.96999
87.38454
78.75822
30.70370
32.81296
48.16495
81.97248
0.09886
75.96397
47.38039
8.40219
89.81008
54.87252
84.01942
72.97200
44.66779
92.84591
2.03958
2.65177
89.56018
43.76632
83.89491
77.69095
57.13935
79.94650
15.40534
77.63735
4.38731
87.14150
59.93512
40.94840
18.65434
54.16045
50.76365
43.31946
26.96224
1.39439
37.66351
9.77925
20.63352
13.71138
77.73757
5.96495
6.70707
69.47355
25.13583
86.78087
85.08268
44.91117
49.81984
85.95935
97.33918
23.75260
86.36539
5.40144
8.81830
96.15126
39.02820
11.32072
92.01345
33.09316
91.31354
46.21409
79.17229
26.67629
68.09654
35.25741
86.59732
85.23781
71.18067
13.42765
46.89056
8.61661
2.41861
45.31331
56.88506
14.07666
54.59746
71.38725
14.18205
89.46584
54.27311
63.89297
65.78386
52.33254
23.27046
53.23057
36.82883
28.36553
57.49217
26.53806
52.74576
25.01820
63.45286
2.57342
10.81641
41.65607
99.51791
41.65252
75.72782
46.25394
69.33476
27.51987
63.33193
71.43904
34.04583
67.90321
92.55905
98.20663
17.18628
72.16782
31.52906
80.32544
29.75340
95.53395
18.99718
70.48909
40.83263
18.31088
62.54186
21.32562
33.98780
71.39686
44.02617
81.40307
51.92138
82.26090
19.58392
54.70245
40.30313
0.43118
39.31864
20.03103
1.98199
23.44626
23.91019
88.62920
38.33745
74.35041
79.62334
91.44794
37.18883
26.17728
79.53086
70.29489
33.56981
34.73758
17.62454
76.58026
96.85652
9.58378
1.27316
3.86528
34.58126
93.66877
37.80173
56.45623
49.18266
24.79468
69.35742
70.11389
45.83409
75.34193
65.53722
75.08561
70.22643
39.78987
96.84664
90.44264
67.78428
94.85897
42.73107
2.47245
33.49882
98.92642
25.44744
0.61786
22.81116
17.88278
2.57304
35.50425
90.90566
1.47146
93.88730
91.76556
21.77024
11.26672
30.02535
97.46864
20.25174
39.36524
75.05897
53.83785
90.62442
0.75067
71.72582
59.00477
18.28242
0.59255
21.06373
16.68137
44.78916
19.24291
70.44862
90.91465
43.91425
90.47025
45.89934
52.83001
24.36062
20.43889
30.95558
79.11329
83.42210
89.49269
28.38760
87.50405
68.65956
76.37422
46.86165
31.57479
37.93029
37.21872
89.32498
0.70188
4.80441
23.90689
28.59580
96.28355
44.85260
96.75037
42.16041
80.22604
80.15735
97.89056
43.46843
78.79034
78.40338
19.35351
83.43767
11.80524
91.36127
57.40883
25.09709
88.92067
82.13000
43.84454
1.15681
96.34278
97.94799
14.85439
92.10914
34.94621
56.65404
88.57918
48.75564
15.73883
98.20914
44.67690
48.34779
52.16096
53.94400
22.67773
74.10268
81.82306
71.69647
75.88517
20.15829
60.63991
2.80706
59.08549
28.51229
95.10362
86.42525
83.13433
56.73295
91.15821
71.66575
49.68210
55.95869
51.37217
33.83770
71.25681
21.52259
22.44506
72.59948
37.80996
84.99781
43.48339
74.31193
73.53450
61.46261
15.63368
10.44529
40.45145
40.20227
22.34972
85.58205
11.58842
39.88964
31.05946
84.86056
94.34859
99.44476
18.72052
78.44992
33.33493
92.19605
63.78247
99.26460
18.99614
10.20267
7.32681
34.48912
70.90107
11.82444
46.67422
53.87534
48.87261
49.50203
34.54294
49.38322
87.17919
26.39112
12.67051
37.50053
91.19457
45.84183
6.06874
42.01289
71.46082
33.31700
91.06187
5.30861
61.03611
27.67085
4.25352
27.66606
48.88635
47.95420
48.13423
54.07954
79.55723
70.56146
48.03676
22.85681
81.12028
69.08940
86.62870
30.45975
46.83524
55.74254
37.79677
10.76360
47.25008
38.34176
30.85389
7.45961
86.37193
48.48449
43.97984
36.99166
40.26841
97.13108
14.95646
59.84860
21.90148
91.47515
33.11378
40.33747
45.45069
29.36453
95.29032
68.22165
98.78699
82.21131
16.82757
22.36966
69.56397
19.80571
36.52078
95.22930
59.01906
7.92024
48.07964
35.58143
75.10331
97.33209
16.76365
60.88850
66.76347
17.04202
34.40902
13.93060
15.55057
88.57723
81.36179
98.34988
78.74972
39.24876
39.47513
26.25147
57.83488
93.17057
88.08653
96.55455
2.19185
26.57853
56.83307
83.83603
54.38345
68.92603
66.40268
98.66908
43.47816
26.57535
2.00353
82.31353
85.58021
25.58605
72.87755
14.90242
91.22691
84.50361
77.50262
75.71476
15.27035
48.40436
68.73853
78.54751
63.46730
7.96511
36.44325
71.73224
27.65268
70.75769
28.35772
88.01095
64.82356
51.87460
68.67987
79.66894
17.60503
93.40318
72.92008
56.80912
31.70413
65.63846
23.22046
20.54885
93.37978
95.98734
56.71749
48.16129
34.61780
42.88507
68.53175
72.93999
85.56611
28.54030
1.34882
90.78082
23.62057
32.75039
49.84782
75.97862
51.15293
97.81845
86.92214
69.45734
14.57075
15.31635
36.17593
77.86953
13.28295
8.31330
56.85415
91.35741
17.11000
37.70168
98.39215
7.94425
22.15418
11.75303
60.70824
77.27021
10.59554
38.83234
34.17906
99.77050
39.64229
78.95550
43.68730
17.59842
45.29119
85.29559
41.78826
55.78707
31.23445
69.59425
82.67362
54.61650
91.48177
71.05233
30.58794
40.88039
69.62632
54.63603
11.95855
95.94314
37.87001
7.08708
89.96522
90.23040
38.98867
59.40983
35.35340
99.00182
27.18935
96.44833
23.85765
81.90102
17.92383
9.42762
62.09857
37.76730
62.85230
27.07221
24.77873
4.23357
48.37335
63.62267
56.99665
51.70796
19.85049
65.20267
30.32615
97.63115
19.82117
88.10619
85.30686
13.54630
20.03555
81.28650
12.34837
76.36330
26.32915
60.23230
1.27251
76.41230
54.18794
40.09579
88.35814
35.71496
63.19966
47.83647
54.48075
81.00077
93.79906
10.04101
71.67470
41.19780
13.98300
66.80401
82.22642
64.89409
1.85870
51.97965
82.44498
57.51167
76.57368
79.54413
23.14643
62.10263
67.09066
55.23730
96.89978
14.78898
57.88534
36.34744
79.83137
89.74663
82.97330
50.93180
69.85931
19.27045
39.44735
44.66631
5.97585
7.35018
54.45184
22.90994
92.71388
65.31937
68.22346
99.10957
42.49617
47.64059
6.00539
88.76653
83.12208
87.35401
96.20263
79.85969
86.17781
86.10140
16.62508
90.39809
18.35225
83.58449
39.33441
77.15849
26.87776
80.16149
35.10237
44.19048
53.40755
83.62075
89.30776
52.76686
2.93284
70.71005
17.96715
75.61650
7.68495
99.69142
44.23112
4.94351
91.72963
78.46440
70.31845
48.76386
5.51239
81.70888
24.07248
92.71124
56.11474
6.95458
98.76530
29.01897
46.99257
22.96137
58.58200
16.51914
21.60085
72.15641
78.80551
7.40921
4.62388
19.18317
88.79571
41.08678
64.92403
93.64469
53.19779
11.01208
51.77086
53.33594
19.35161
41.08672
33.53717
37.52152
41.87789
34.22455
59.93534
99.72535
55.79566
30.89507
4.80677
53.02989
97.45406
48.21832
71.12453
42.45721
40.02878
32.78060
21.63137
83.73200
49.92393
71.69827
66.55116
6.66715
63.65110
61.56832
89.94522
62.62854
83.24561
8.42841
29.74929
49.43989
74.76150
83.90513
69.23786
99.87459
50.97245
10.49666
58.61082
45.88890
48.30884
85.59178
14.91326
14.42992
71.31975
65.48557
13.57813
5.48566
94.09834
91.19198
32.22956
5.17926
93.77160
63.90479
93.66799
5.09842
81.44987
86.57685
67.10881
38.51860
15.83748
91.05013
71.75937
52.40972
20.73393
44.01339
37.45831
22.94606
37.55510
7.88435
12.64963
36.71722
11.28418
52.27990
2.97637
3.55686
79.33842
56.41479
64.24299
75.43692
58.52072
37.97322
62.44791
91.34366
89.79323
64.04983
2.69739
49.43374
84.98811
17.32302
1.40741
52.41334
73.38388
51.62626
19.90186
60.82564
61.53497
75.07134
26.68011
18.61866
29.57505
15.45617
66.81661
91.00898
85.04749
82.42723
75.94915
60.67014
3.95313
19.20586
0.47332
60.72669
44.98881
10.45554
94.28034
15.08131
83.69991
65.81116
27.71825
57.49022
56.62968
24.77035
72.61532
29.63060
78.91519
89.15678
25.71670
53.50332
72.91534
18.48044
34.54799
32.59133
82.43936
23.86233
41.90846
31.16766
9.29219
26.09095
39.90504
34.22734
5.82448
38.68052
48.46212
76.50137
80.44965
10.90378
82.08738
75.25804
88.44106
49.75069
66.74427
4.18130
65.53171
26.12765
38.46566
89.41172
42.20198
5.88483
22.53635
84.36305
37.13695
12.42102
18.29525
25.05752
3.74448
94.56464
96.70318
43.23608
2.04593
48.65243
45.05728
12.95551
86.47571
69.41567
17.18185
20.47148
84.28995
63.80617
63.48924
61.12538
22.28965
99.51147
9.76786
72.29433
66.15118
42.14546
80.98082
50.55451
4.71500
37.68156
42.40160
91.22370
76.42413
26.31611
59.93873
8.89078
6.68920
2.48801
46.35344
29.34045
48.58684
54.54327
51.59688
71.43747
5.46351
65.36983
86.60182
75.96008
14.42382
7.15172
5.26151
78.58969
95.27617
31.20894
56.47862
69.54184
54.95251
12.57561
10.79878
57.34773
55.41190
90.32751
54.41177
84.89959
8.62088
43.63387
54.52825
42.24894
44.80578
16.55050
99.88733
81.15203
23.29474
0.69469
22.15813
23.37969
47.18845
21.28212
85.02047
74.31353
4.67525
37.49113
67.08778
6.67589
79.45048
84.35060
10.68827
95.97986
68.61084
18.91560
8.12414
27.62120
19.96215
55.78263
55.96606
6.08107
40.82086
23.49495
32.78641
95.98361
41.11822
29.24606
73.14325
39.00731
14.90692
1.05481
84.17104
90.30244
31.89920
35.59017
67.74754
98.22369
5.93645
49.98158
99.41982
1.20622
6.77088
59.28605
16.20310
69.23730
4.60814
22.73349
96.75284
4.68505
86.33875
20.77590
23.01941
35.60455
0.80752
87.81114
24.45094
56.24038
8.53468
68.07715
6.96734
51.38685
39.13547
5.45462
19.00030
76.22028
37.27780
68.21495
69.54545
80.81247
58.05244
83.31253
29.53440
66.51832
7.54104
64.93932
14.05918
83.88900
77.54283
97.46288
79.78376
2.23395
15.73313
30.27104
31.83013
26.21150
88.17184
38.94332
47.43136
82.77436
55.14482
65.64507
74.31211
86.03854
73.66377
73.81055
79.04221
39.34112
29.48339
9.15532
90.10098
27.92582
30.79793
57.95521
56.35671
82.19155
93.27125
0.22779
95.12245
80.56638
9.88848
39.18272
19.58155
5.02948
47.54516
45.72921
92.16456
23.89279
3.59097
11.17968
79.22247
63.90788
30.72145
85.72366
27.77151
53.80401
18.51648
73.56586
57.85041
28.36777
75.89785
47.72151
91.48767
88.15974
60.46310
77.67941
20.40317
72.48534
17.54807
60.46517
0.50549
51.95994
42.88812
95.84394
18.82630
42.93677
10.70893
66.25435
60.89073
79.46899
41.41021
52.14408
90.61315
58.98154
99.83957
6.55371
47.25292
58.83112
6.38760
74.60697
32.81095
11.33101
18.10982
77.22128
43.27793
88.64011
5.61567
8.82597
42.79854
56.05107
81.01080
61.96153
48.80841
85.93266
91.90517
42.30883
45.14669
4.61482
26.56320
34.85421
19.36748
56.98613
84.52692
13.66662
69.34831
0.38101
48.09621
74.89638
36.35985
16.18560
44.86108
35.93454
34.96220
77.83376
20.15103
65.88325
59.73556
95.06131
43.10150
67.84236
65.58223
87.68801
2.32442
86.55351
26.84339
94.53359
38.58981
4.27347
15.14240
65.84310
76.01018
29.67877
4.40722
75.39844
8.50009
19.79267
19.87938
97.27721
74.11913
85.26562
13.70886
16.70743
0.27050
99.58469
34.96640
5.94154
83.58485
86.38104
62.88986
27.41717
89.88608
58.73047
65.05340
20.03245
86.08564
48.55583
49.11374
41.79094
98.72736
84.63684
98.58395
32.13995
86.79842
0.14557
81.29146
37.63459
92.38662
39.87178
53.33083
35.97752
82.85078
43.47467
36.00195
17.72310
59.90328
66.66183
71.32722
82.26961
17.87546
9.96440
74.25324
30.50248
58.32327
10.17029
97.22334
47.05204
89.81594
11.49286
57.15912
90.71069
85.65482
96.24798
73.18134
73.70975
9.69940
55.59148
72.15527
3.65156
14.34549
77.09904
55.02872
53.92181
24.18358
27.50218
66.16813
76.93133
42.90912
35.52247
90.59252
98.47316
57.32851
68.97233
88.18463
99.88009
93.50936
95.85037
83.37101
73.71333
34.06568
11.80586
31.37235
6.28435
63.61680
26.83732
0.41210
78.21447
51.46822
8.33838
90.77089
39.93377
19.36641
95.35940
8.21619
28.24289
28.25960
46.49782
18.40741
15.76864
55.82982
2.96661
33.26445
43.79473
90.81685
4.80763
27.72295
8.99396
76.15696
3.82121
19.10442
19.32717
90.47365
2.78101
50.43982
98.83422
97.91388
42.84837
14.62966
35.17290
57.50626
92.51611
58.97269
99.20701
92.33095
32.56681
24.42580
7.32578
62.19582
58.03701
74.92514
74.39547
19.84845
95.18434
90.10589
77.95783
30.22739
11.29806
99.37843
80.75279
6.06048
39.39703
56.71083
23.18337
17.98950
62.56019
17.98793
39.75936
27.25418
83.99526
3.90307
49.90970
13.94428
61.02050
99.87705
24.18352
50.54073
38.74323
64.39945
16.36184
46.31686
70.78627
8.19407
61.00682
84.70485
2.60402
52.94088
54.86833
40.56649
90.10943
53.69242
19.38959
51.38266
8.47942
97.98998
94.06011
96.72579
48.19419
7.47673
9.84009
65.19761
22.46576
5.92210
84.28463
82.64820
5.71387
87.48452
19.72999
75.95531
85.88483
38.73940
17.20822
69.56649
93.24689
26.54616
31.30520
62.96641
7.41164
47.12136
30.78807
90.13840
22.41629
81.80228
73.14897
80.64064
76.85768
31.68814
99.62603
30.36770
50.99850
87.58418
67.94073
42.99342
47.09889
39.18721
8.29518
62.58761
18.08981
21.73759
35.54225
45.54477
10.02226
14.19063
27.95346
52.25903
30.09962
22.09167
6.76057
60.51472
55.42376
83.76903
8.22901
70.97787
61.76990
54.05398
23.56574
38.66190
89.14369
73.51788
88.92504
31.03476
8.28858
69.03450
81.99267
41.84247
19.85057
48.26920
10.49771
41.04580
91.74333
72.60271
86.89779
89.53381
58.99289
44.07399
18.16093
81.07312
88.38258
50.95537
40.75891
60.72396
83.37612
9.92507
35.80334
51.75786
80.43697
99.85141
61.35986
32.37247
51.03866
64.65163
48.81852
95.80274
90.68537
82.37377
86.50242
11.80333
39.17365
40.25183
49.20132
81.35793
65.76852
0.62014
18.11736
1.59291
23.21997
88.65792
30.31028
28.89780
93.44460
98.99105
62.19843
74.43609
27.30934
82.62507
70.58508
32.36075
85.12359
14.17104
49.47051
77.72531
61.71275
10.47065
13.41024
55.97971
76.82095
72.70572
9.77800
30.58827
87.05984
0.28573
47.98001
49.41522
65.29348
68.45289
54.56839
45.45286
76.29156
94.82649
24.39429
28.24055
65.54311
18.21049
76.98821
37.29131
29.90723
58.50217
31.23966
99.11914
30.41463
19.88821
34.57110
64.44199
59.86928
44.29254
91.80992
80.76119
1.97748
79.57355
82.73748
33.82271
48.05668
8.03358
35.42293
41.61458
49.96720
46.24231
84.11982
34.14572
71.25612
19.39477
79.14085
28.82821
4.19629
53.79228
33.65963
24.14266
75.86947
40.99850
86.43850
24.93280
14.80684
56.52952
59.08403
6.86717
97.85111
14.03646
42.27892
3.75305
5.55961
12.24181
5.46347
34.46034
0.01123
10.51443
25.63799
11.30927
10.16587
67.79560
88.39311
84.95547
61.05647
35.26451
68.22174
86.43233
70.29414
33.75974
10.39568
8.98754
67.61819
45.14517
55.88990
44.26619
54.16567
97.60813
53.33087
69.88426
88.71572
89.66949
99.75878
64.36852
89.84583
58.33597
41.19160
73.57412
23.58862
70.37400
10.09913
91.01341
94.84095
46.47969
56.26912
84.82972
56.38585
44.10734
41.04294
36.04083
32.99540
65.22636
18.79902
43.81035
87.53873
64.21033
16.35571
74.80150
26.53559
78.10407
89.71628
10.82606
77.48685
19.59210
7.29514
5.65304
89.64202
21.90250
81.06511
23.36639
20.22901
2.17009
49.62271
69.39752
56.86447
41.14465
77.73647
77.45101
8.16546
27.33168
84.23152
58.72452
73.57933
73.10777
18.17923
25.94592
15.30131
43.59492
51.60927
21.91160
98.90348
24.94639
51.61554
60.74989
41.56045
16.18998
35.36371
43.57838
30.23452
4.27759
98.74089
39.57859
81.58217
6.06603
5.56727
45.33200
96.94539
36.57671
59.62560
13.69617
36.34517
55.24634
70.30138
1.72243
80.91354
11.68303
78.07829
16.65662
14.48280
27.83126
43.49261
19.69389
51.95623
86.77148
4.11067
1.20385
21.90441
35.59089
40.12523
59.00482
90.20863
67.28602
3.88693
44.72925
15.41151
74.17369
68.02291
13.59821
8.66095
8.12099
76.21861
50.40998
63.49498
37.51967
45.40528
24.61155
53.10749
20.38672
34.68789
16.74878
1.19322
1.31930
72.40881
12.08860
31.03659
6.88008
18.34995
89.70755
11.76498
33.99295
0.55926
19.99176
93.62961
5.40817
16.69859
45.63674
69.13895
37.28037
53.91562
18.37103
43.73548
49.04481
74.13826
58.26033
9.72336
2.97297
89.96941
72.10259
83.54396
43.94222
83.27730
77.38208
34.01659
26.43741
32.37607
8.12995
81.12706
50.75000
23.97004
53.69871
84.00490
32.04539
69.73144
60.03684
50.76686
69.99837
43.07636
74.04359
99.90231
52.63702
81.90574
11.13696
18.51441
75.73207
46.88334
75.34008
19.24957
7.67785
26.63401
48.21020
93.39189
3.46657
36.99806
54.85234
19.91038
60.93906
89.29929
31.90476
35.45970
13.66376
68.35954
48.58020
72.92063
80.84339
45.70435
27.95417
89.57109
49.70947
26.87307
9.12059
38.12043
90.55283
36.46057
32.57247
95.48550
69.48883
81.40169
95.22469
17.27314
19.26066
38.57342
66.09059
64.92814
97.16928
64.20249
57.42935
10.26549
38.65957
75.75907
70.58223
42.04986
7.08509
64.41618
68.56007
20.60981
20.67003
71.74235
57.52049
21.77030
8.73304
96.42448
1.88929
50.02248
99.82596
13.56114
19.06156
81.33904
48.11299
79.98943
53.31383
16.06848
25.46690
50.84988
24.04825
53.64976
52.75709
44.76581
24.58546
40.79575
92.14601
26.08375
95.06977
69.07940
8.79392
82.98629
74.57869
20.63980
46.37512
7.93708
28.24528
51.94391
41.61723
66.28192
80.92419
28.58647
45.04162
55.41759
66.99909
42.91515
77.99749
60.13359
18.85679
51.33570
4.14572
69.10830
72.59114
87.92482
29.27339
91.21787
24.40877
99.35753
86.64189
67.84562
56.08261
91.57745
20.12148
33.55940
88.15683
22.89596
42.72177
52.24574
2.91664
69.41653
64.07522
62.02413
62.72827
82.54347
92.93749
87.45430
33.51131
71.47294
91.34352
14.91417
62.50508
2.83767
4.26058
39.07555
55.55693
53.62564
22.39633
29.84241
98.82869
67.68785
14.80922
79.14544
25.67604
63.01196
90.80091
95.17956
5.81475
4.01446
59.00226
61.61060
16.91152
39.85686
79.24225
37.75473
54.70145
74.40185
56.28370
1.01445
34.89475
1.62696
38.73501
80.07053
77.40148
90.78767
7.97198
97.67000
77.60809
49.30967
49.55099
65.42705
97.61156
52.18282
10.87613
79.81575
23.46564
40.52396
98.49314
36.00294
3.85219
64.83664
80.54489
93.39622
79.81838
56.20242
96.87209
9.22551
12.52525
53.56646
46.04580
51.70793
68.62139
52.96175
25.43509
79.16241
57.05034
98.39992
81.18709
60.63054
33.10864
77.31422
72.29658
45.47863
31.88527
44.03260
54.06984
82.78206
31.33526
83.44667
53.53448
57.97384
30.34170
47.79414
19.05536
2.37046
46.10621
31.32576
66.07206
9.59094
65.27195
98.11985
58.58584
49.54904
84.48034
69.37263
93.80734
42.62364
42.77234
37.96241
81.95215
67.54439
42.53052
77.21292
67.48966
76.49442
56.40195
82.92192
43.83543
91.15656
16.48271
41.24565
73.57112
63.96964
31.88498
68.00234
44.97487
86.93001
55.97489
66.14080
13.32513
9.64633
82.09824
72.85032
50.75767
27.28500
87.45696
58.94923
34.30160
47.38590
84.87893
16.71300
93.41521
53.73619
82.82412
46.00562
67.46221
42.34160
64.54143
53.53391
69.51428
93.57712
53.35173
19.90209
70.50468
19.26851
63.78775
98.63685
6.32397
31.33786
75.06386
82.02361
42.61324
45.95245
69.83165
64.94775
58.11177
96.20812
73.73016
50.99900
90.07073
77.25290
92.65261
53.76479
35.21154
49.43208
55.59028
81.04086
86.70858
64.92164
4.63905
78.41749
40.92906
3.21406
81.90496
76.01241
0.52721
89.39303
12.47794
59.83196
76.87425
66.73966
15.01843
54.29659
53.55138
24.54150
71.17921
55.14887
5.72169
28.48035
97.97927
52.90733
77.15934
15.85546
58.10512
38.82422
7.90590
16.54134
0.47824
8.50918
15.31883
92.94828
79.90614
45.66910
49.61360
63.86573
93.93886
48.88586
4.14510
32.83439
38.94599
73.90262
5.58694
85.25276
33.94857
36.86694
75.04290
59.96525
77.77658
60.68546
26.03314
47.20183
74.48892
93.60399
67.28827
28.86232
4.89129
69.63439
28.51447
6.51431
37.42571
18.11579
91.89182
76.81019
62.36582
67.73115
83.64600
29.75340
34.80005
33.96122
59.04946
3.74070
11.93612
17.67633
46.78543
99.58102
51.92497
4.63839
5.89877
84.36170
75.36675
7.06293
10.96572
54.68390
39.11239
71.41242
0.38883
71.98689
36.25509
96.75018
75.07484
49.65502
84.35314
77.04156
80.57427
22.35442
26.55215
94.47361
88.31227
40.19308
81.94643
28.18970
84.54635
84.77773
87.24135
75.51466
56.44743
34.94326
58.70211
47.08174
56.75512
92.03839
53.60064
99.25863
88.25371
87.19567
26.43962
16.61547
47.57767
52.75527
76.51338
12.37008
59.65590
16.91805
70.16920
30.20721
78.05520
71.07743
58.31366
7.57071
43.09370
70.73454
72.34208
25.13932
58.19452
8.37610
16.27191
32.18178
91.70373
89.00277
54.65672
45.72428
15.27148
78.54743
51.42827
14.61986
17.99269
83.42312
92.15794
68.27162
71.32481
43.10909
70.80420
97.29792
64.25166
62.61549
69.02765
78.24443
1.61523
10.74737
99.14105
