86.75399
36.75399
49.25399
99.25399
74.25399
24.25399
18.00399
68.00399
93.00399
43.00399
30.50399
80.50399
55.50399
5.50399
3.94149
53.94149
78.94149
28.94149
41.44149
91.44149
66.44149
16.44149
22.69149
72.69149
97.69149
47.69149
35.19149
85.19149
60.19149
10.19149
7.06649
57.06649
82.06649
32.06649
44.56649
94.56649
69.56649
19.56649
13.31649
63.31649
88.31649
38.31649
25.81649
75.81649
50.81649
0.81649
1.20711
51.20711
76.20711
26.20711
38.70711
88.70711
63.70711
13.70711
19.95711
69.95711
94.95711
44.95711
32.45711
82.45711
57.45711
7.45711
10.58211
60.58211
85.58211
35.58211
48.08211
98.08211
73.08211
23.08211
16.83211
66.83211
91.83211
41.83211
29.33211
79.33211
54.33211
4.33211
5.89461
55.89461
80.89461
30.89461
43.39461
93.39461
68.39461
18.39461
24.64461
74.64461
99.64461
49.64461
37.14461
87.14461
62.14461
12.14461
9.01961
59.01961
84.01961
34.01961
46.51961
96.51961
71.51961
21.51961
15.26961
65.26961
90.26961
40.26961
27.76961
77.76961
52.76961
2.76961
1.98836
51.98836
76.98836
26.98836
39.48836
89.48836
64.48836
14.48836
20.73836
70.73836
95.73836
45.73836
33.23836
83.23836
58.23836
8.23836
11.36336
61.36336
86.36336
36.36336
48.86336
98.86336
73.86336
23.86336
17.61336
67.61336
92.61336
42.61336
30.11336
80.11336
55.11336
5.11336
3.55086
53.55086
78.55086
28.55086
41.05086
91.05086
66.05086
16.05086
22.30086
72.30086
97.30086
47.30086
34.80086
84.80086
59.80086
9.80086
6.67586
56.67586
81.67586
31.67586
44.17586
94.17586
69.17586
19.17586
12.92586
62.92586
87.92586
37.92586
25.42586
75.42586
50.42586
0.42586
0.62118
50.62118
75.62118
25.62118
38.12118
88.12118
63.12118
13.12118
19.37118
69.37118
94.37118
44.37118
31.87118
81.87118
56.87118
6.87118
9.99618
59.99618
84.99618
34.99618
47.49618
97.49618
72.49618
22.49618
16.24618
66.24618
91.24618
41.24618
28.74618
78.74618
53.74618
3.74618
5.30868
55.30868
80.30868
30.30868
42.80868
92.80868
67.80868
17.80868
24.05868
74.05868
99.05868
49.05868
36.55868
86.55868
61.55868
11.55868
8.43368
58.43368
83.43368
33.43368
45.93368
95.93368
70.93368
20.93368
14.68368
64.68368
89.68368
39.68368
27.18368
77.18368
52.18368
2.18368
2.96493
52.96493
77.96493
27.96493
40.46493
90.46493
65.46493
15.46493
21.71493
71.71493
96.71493
46.71493
34.21493
84.21493
59.21493
9.21493
12.33993
62.33993
87.33993
37.33993
49.83993
99.83993
74.83993
24.83993
18.58993
68.58993
93.58993
43.58993
31.08993
81.08993
56.08993
6.08993
4.52743
54.52743
79.52743
29.52743
42.02743
92.02743
67.02743
17.02743
23.27743
73.27743
98.27743
48.27743
35.77743
85.77743
60.77743
10.77743
7.65243
57.65243
82.65243
32.65243
45.15243
95.15243
70.15243
20.15243
13.90243
63.90243
88.90243
38.90243
26.40243
76.40243
51.40243
1.40243
1.01180
51.01180
76.01180
26.01180
38.51180
88.51180
63.51180
13.51180
19.76180
69.76180
94.76180
44.76180
32.26180
82.26180
57.26180
7.26180
10.38680
60.38680
85.38680
35.38680
47.88680
97.88680
72.88680
22.88680
16.63680
66.63680
91.63680
41.63680
29.13680
79.13680
54.13680
4.13680
5.69930
55.69930
80.69930
30.69930
43.19930
93.19930
68.19930
18.19930
24.44930
74.44930
99.44930
49.44930
36.94930
86.94930
61.94930
11.94930
8.82430
58.82430
83.82430
33.82430
46.32430
96.32430
71.32430
21.32430
15.07430
65.07430
90.07430
40.07430
27.57430
77.57430
52.57430
2.57430
1.79305
51.79305
76.79305
26.79305
39.29305
89.29305
64.29305
14.29305
20.54305
70.54305
95.54305
45.54305
33.04305
83.04305
58.04305
8.04305
11.16805
61.16805
86.16805
36.16805
48.66805
98.66805
73.66805
23.66805
17.41805
67.41805
92.41805
42.41805
29.91805
79.91805
54.91805
4.91805
3.35555
53.35555
78.35555
28.35555
40.85555
90.85555
65.85555
15.85555
22.10555
72.10555
97.10555
47.10555
34.60555
84.60555
59.60555
9.60555
6.48055
56.48055
81.48055
31.48055
43.98055
93.98055
68.98055
18.98055
12.73055
62.73055
87.73055
37.73055
25.23055
75.23055
50.23055
0.23055
0.32821
50.32821
75.32821
25.32821
37.82821
87.82821
62.82821
12.82821
19.07821
69.07821
94.07821
44.07821
31.57821
81.57821
56.57821
6.57821
9.70321
59.70321
84.70321
34.70321
47.20321
97.20321
72.20321
22.20321
15.95321
65.95321
90.95321
40.95321
28.45321
78.45321
53.45321
3.45321
5.01571
55.01571
80.01571
30.01571
42.51571
92.51571
67.51571
17.51571
23.76571
73.76571
98.76571
48.76571
36.26571
86.26571
61.26571
11.26571
8.14071
58.14071
83.14071
33.14071
45.64071
95.64071
70.64071
20.64071
14.39071
64.39071
89.39071
39.39071
26.89071
76.89071
51.89071
1.89071
2.67196
52.67196
77.67196
27.67196
40.17196
90.17196
65.17196
15.17196
21.42196
71.42196
96.42196
46.42196
33.92196
83.92196
58.92196
8.92196
12.04696
62.04696
87.04696
37.04696
49.54696
99.54696
74.54696
24.54696
18.29696
68.29696
93.29696
43.29696
30.79696
80.79696
55.79696
5.79696
4.23446
54.23446
79.23446
29.23446
41.73446
91.73446
66.73446
16.73446
22.98446
72.98446
97.98446
47.98446
35.48446
85.48446
60.48446
10.48446
7.35946
57.35946
82.35946
32.35946
44.85946
94.85946
69.85946
19.85946
13.60946
63.60946
88.60946
38.60946
26.10946
76.10946
51.10946
1.10946
1.50008
51.50008
76.50008
26.50008
39.00008
89.00008
64.00008
14.00008
20.25008
70.25008
95.25008
45.25008
32.75008
82.75008
57.75008
7.75008
10.87508
60.87508
85.87508
35.87508
48.37508
98.37508
73.37508
23.37508
17.12508
67.12508
92.12508
42.12508
29.62508
79.62508
54.62508
4.62508
6.18758
56.18758
81.18758
31.18758
43.68758
93.68758
68.68758
18.68758
24.93758
74.93758
99.93758
49.93758
37.43758
87.43758
62.43758
12.43758
9.31258
59.31258
84.31258
34.31258
46.81258
96.81258
71.81258
21.81258
15.56258
65.56258
90.56258
40.56258
28.06258
78.06258
53.06258
3.06258
2.28133
52.28133
77.28133
27.28133
39.78133
89.78133
64.78133
14.78133
21.03133
71.03133
96.03133
46.03133
33.53133
83.53133
58.53133
8.53133
11.65633
61.65633
86.65633
36.65633
49.15633
99.15633
74.15633
24.15633
17.90633
67.90633
92.90633
42.90633
30.40633
80.40633
55.40633
5.40633
3.84383
53.84383
78.84383
28.84383
41.34383
91.34383
66.34383
16.34383
22.59383
72.59383
97.59383
47.59383
35.09383
85.09383
60.09383
10.09383
6.96883
56.96883
81.96883
31.96883
44.46883
94.46883
69.46883
19.46883
13.21883
63.21883
88.21883
38.21883
25.71883
75.71883
50.71883
0.71883
0.52352
50.52352
75.52352
25.52352
38.02352
88.02352
63.02352
13.02352
19.27352
69.27352
94.27352
44.27352
31.77352
81.77352
56.77352
6.77352
9.89852
59.89852
84.89852
34.89852
47.39852
97.39852
72.39852
22.39852
16.14852
66.14852
91.14852
41.14852
28.64852
78.64852
53.64852
3.64852
5.21102
55.21102
80.21102
30.21102
42.71102
92.71102
67.71102
17.71102
23.96102
73.96102
98.96102
48.96102
36.46102
86.46102
61.46102
11.46102
8.33602
58.33602
83.33602
33.33602
45.83602
95.83602
70.83602
20.83602
14.58602
64.58602
89.58602
39.58602
27.08602
77.08602
52.08602
2.08602
2.86727
52.86727
77.86727
27.86727
40.36727
90.36727
65.36727
15.36727
21.61727
71.61727
96.61727
46.61727
34.11727
84.11727
59.11727
9.11727
12.24227
62.24227
87.24227
37.24227
49.74227
99.74227
74.74227
24.74227
18.49227
68.49227
93.49227
43.49227
30.99227
80.99227
55.99227
5.99227
4.42977
54.42977
79.42977
29.42977
41.92977
91.92977
66.92977
16.92977
23.17977
73.17977
98.17977
48.17977
35.67977
85.67977
60.67977
10.67977
7.55477
57.55477
82.55477
32.55477
45.05477
95.05477
70.05477
20.05477
13.80477
63.80477
88.80477
38.80477
26.30477
76.30477
51.30477
1.30477
0.91414
50.91414
75.91414
25.91414
38.41414
88.41414
63.41414
13.41414
19.66414
69.66414
94.66414
44.66414
32.16414
82.16414
57.16414
7.16414
10.28914
60.28914
85.28914
35.28914
47.78914
97.78914
72.78914
22.78914
16.53914
66.53914
91.53914
41.53914
29.03914
79.03914
54.03914
4.03914
5.60164
55.60164
80.60164
30.60164
43.10164
93.10164
68.10164
18.10164
24.35164
74.35164
99.35164
49.35164
36.85164
86.85164
61.85164
11.85164
8.72664
58.72664
83.72664
33.72664
46.22664
96.22664
71.22664
21.22664
14.97664
64.97664
89.97664
39.97664
27.47664
77.47664
52.47664
2.47664
1.69539
51.69539
76.69539
26.69539
39.19539
89.19539
64.19539
14.19539
20.44539
70.44539
95.44539
45.44539
32.94539
82.94539
57.94539
7.94539
11.07039
61.07039
86.07039
36.07039
48.57039
98.57039
73.57039
23.57039
17.32039
67.32039
92.32039
42.32039
29.82039
79.82039
54.82039
4.82039
3.25789
53.25789
78.25789
28.25789
40.75789
90.75789
65.75789
15.75789
22.00789
72.00789
97.00789
47.00789
34.50789
84.50789
59.50789
9.50789
6.38289
56.38289
81.38289
31.38289
43.88289
93.88289
68.88289
18.88289
12.63289
62.63289
87.63289
37.63289
25.13289
75.13289
50.13289
0.13289
0.18172
50.18172
75.18172
25.18172
37.68172
87.68172
62.68172
12.68172
18.93172
68.93172
93.93172
43.93172
31.43172
81.43172
56.43172
6.43172
9.55672
59.55672
84.55672
34.55672
47.05672
97.05672
72.05672
22.05672
15.80672
65.80672
90.80672
40.80672
28.30672
78.30672
53.30672
3.30672
4.86922
54.86922
79.86922
29.86922
42.36922
92.36922
67.36922
17.36922
23.61922
73.61922
98.61922
48.61922
36.11922
86.11922
61.11922
11.11922
7.99422
57.99422
82.99422
32.99422
45.49422
95.49422
70.49422
20.49422
14.24422
64.24422
