45.78109
98.70922
88.94482
12.85597
8.14292
76.02585
0.88117
89.10665
86.73744
33.87718
61.66850
47.69183
14.47513
46.74095
46.05272
32.00646
35.24296
82.51516
30.07169
76.51861
73.94786
69.71336
96.00040
20.11707
22.16492
55.46494
55.75772
15.42748
63.51095
29.71094
9.58166
78.37250
92.96549
22.76764
95.02028
11.48620
14.11560
84.52921
5.78750
57.83330
77.90982
84.94687
72.88101
18.58462
98.30669
51.44626
24.78496
23.35965
13.07285
99.29562
75.71777
42.69871
87.51002
15.17153
39.95993
63.42393
28.28211
69.04750
96.56829
24.24635
84.91239
20.07997
46.98400
80.55033
24.88840
60.66283
68.64937
95.72484
92.42853
72.59969
15.15923
30.80188
10.25281
36.36856
52.55652
62.09820
97.68506
38.31658
73.47390
54.17325
60.21410
88.81453
90.50336
94.55743
60.03442
50.90253
79.65127
64.77355
19.64203
47.78284
23.63919
1.23061
2.35361
64.16660
31.25995
40.62199
97.26885
25.89513
82.06695
53.95609
67.87479
30.80634
71.06455
82.86129
64.90113
3.22002
73.26182
68.89063
37.77310
37.05305
91.11361
79.04929
22.87495
98.73877
46.28268
67.80558
62.65534
38.58785
83.73149
81.59382
45.02135
42.60295
16.13491
90.49085
50.98727
9.87040
6.07058
76.11844
62.41656
82.31742
82.31831
59.30162
97.07324
74.61412
99.44487
87.78691
59.22688
26.13474
99.80754
84.64798
37.81268
29.56717
28.56691
54.66510
49.43978
68.15336
7.22072
60.01641
9.20320
41.50926
96.69171
60.04735
18.04022
74.09006
16.82766
47.78847
79.71819
72.25226
11.39437
54.17942
48.07629
74.58042
20.00242
97.19778
95.01380
41.89869
42.59813
19.02864
2.70793
22.34031
6.29075
83.54273
85.42354
94.52619
30.81174
87.54851
29.63582
52.04077
10.73057
34.74620
24.97952
57.86824
58.94792
24.88573
45.53503
48.46584
78.22833
61.17595
54.73967
23.73099
80.62472
81.71679
18.82813
82.37061
84.75969
1.25513
28.00072
8.51557
80.37017
89.96300
52.08159
56.27160
12.77380
56.15141
82.41908
22.28029
31.56206
73.24404
80.15470
71.04671
28.58196
0.86442
78.96807
18.84587
23.85102
33.76923
57.49365
57.24370
28.39040
14.55349
73.51741
59.32160
31.33450
61.26118
6.17010
4.70141
26.41272
35.85544
18.82854
45.17683
85.08459
12.76343
15.67272
4.95513
34.90279
48.04310
68.99752
25.34369
9.89747
27.02945
43.30050
74.67788
54.83035
1.61353
20.86601
45.12706
94.37653
48.88412
36.39711
18.19342
76.84180
22.06426
61.29980
67.61439
16.82853
15.98423
16.67274
7.89345
27.70695
52.35729
17.53271
72.13369
49.30987
29.12741
83.40538
1.35169
3.55085
93.68866
75.56571
22.43891
38.98688
70.88301
67.49347
19.79002
21.84120
1.22493
67.68184
30.11602
90.69146
1.01705
28.21649
76.59267
55.76386
61.43137
63.71515
49.52263
17.49822
43.66466
94.20027
37.56237
90.14729
15.73070
95.75149
5.20913
40.25924
96.43904
66.12921
92.86145
63.15032
39.38221
16.79830
53.53499
47.72979
3.71086
53.91575
10.59467
32.59032
53.43879
47.32039
98.69538
7.31866
76.36397
93.69252
22.37149
83.35390
90.81187
15.31993
79.30627
79.36467
68.11463
66.67249
26.08950
7.55499
39.97529
47.17762
50.01273
70.54727
28.58803
15.79137
10.61192
35.18608
79.25734
15.75280
12.79481
23.97204
77.75285
63.88150
34.21316
54.97459
59.47544
24.86096
81.40181
6.02593
44.74904
26.18101
95.62990
7.35608
2.42870
83.23867
59.60440
57.68364
95.76314
57.57809
43.88535
15.20395
63.90710
3.43091
73.30455
10.33489
2.49905
86.78432
91.00002
32.42433
42.33961
89.60328
75.79161
25.93444
90.52193
3.66316
6.31160
35.99776
58.73191
49.34504
4.28326
94.24020
41.16850
39.74406
2.54185
51.91477
4.88924
32.06079
31.23875
28.52640
3.54690
40.74758
64.06589
22.34418
23.96813
82.28521
0.09287
83.55694
12.11940
82.68922
4.46635
40.26483
0.77792
13.44532
54.63704
54.46257
74.67660
41.26223
6.74184
81.73577
21.98711
26.30738
22.88735
52.10531
51.66938
12.64742
36.43133
9.90178
30.79265
17.25576
98.30600
31.22366
12.86000
16.75982
5.18103
69.12836
97.41241
25.91644
2.02987
83.47095
88.31525
78.89405
33.99542
46.95849
27.58860
18.79457
87.73802
46.74501
38.34955
14.08018
67.54164
3.24917
27.98072
43.34273
13.60152
88.69137
28.61845
70.17878
93.61402
81.97851
15.27187
85.68346
44.36339
67.77465
75.64248
88.56900
62.97398
52.94478
28.32820
47.45826
7.24730
24.47721
91.41546
74.84049
72.78686
6.13646
52.45493
99.56876
25.67086
87.16844
80.68854
73.23439
91.34173
15.10489
55.56869
68.44039
84.17289
29.51145
4.29281
66.71193
65.91874
19.62679
43.63013
32.32227
18.98798
15.56132
28.32578
84.84355
17.59772
53.43033
81.45519
10.68285
73.48844
1.26759
71.05263
0.17154
74.03765
20.36652
75.18544
17.05502
91.07567
70.15885
62.24303
25.88541
62.30087
12.53413
16.65420
33.76890
92.38313
39.16022
28.15626
77.97998
99.28672
58.69140
68.24256
41.41898
3.97689
41.04824
55.20683
59.48739
5.96183
97.34547
33.46200
48.70944
39.20270
10.02931
46.52705
53.10479
40.94320
93.36389
19.99763
68.01352
8.12731
67.67400
13.92949
4.16258
83.97697
80.88975
7.97439
23.06704
68.36654
37.91997
98.77566
29.36455
25.95902
96.77988
23.07305
66.16705
97.64586
18.84505
52.83044
76.81852
55.06685
48.05169
29.88768
36.00628
99.80629
42.76712
67.33774
66.12858
69.31059
40.95961
21.04053
53.46235
56.22167
13.69127
56.64018
80.36854
21.55461
63.88705
3.46457
91.85765
14.01741
38.13918
73.77017
38.62705
23.06326
53.35086
37.98137
83.91626
22.03253
84.23998
80.63990
91.43062
23.80800
28.45160
71.79037
73.99399
23.07060
38.75123
54.40612
79.63656
87.16747
42.06925
80.41081
54.85295
18.61878
59.78994
8.21427
65.20898
67.27120
48.94500
42.49099
97.57071
64.16009
82.35730
6.68940
5.40409
79.01994
66.96711
17.67173
66.25727
10.36255
52.13720
82.34193
16.61694
55.56762
20.50830
26.53636
25.95214
87.16533
56.00592
64.98639
83.79734
87.31543
87.68553
89.06379
40.81006
45.26680
85.85716
87.45209
56.86147
98.77352
46.75241
40.37788
15.07486
38.41503
59.22800
22.96284
33.83403
45.89437
24.79805
56.34423
16.03231
20.81362
56.79768
27.67802
39.09685
14.16590
79.03923
79.78820
98.03961
12.75240
43.27133
76.95310
74.95543
96.97819
95.68140
60.85909
1.83222
22.79202
67.11015
86.66079
0.13313
34.63291
18.39770
92.27592
43.92058
99.98105
56.95446
6.54693
51.03415
1.79647
78.52309
18.57175
12.46825
99.41896
78.13044
77.01211
62.90782
30.84961
1.47210
44.64624
54.99568
12.83347
52.28796
75.30580
67.23794
75.28548
37.29747
24.35931
31.14741
21.24369
9.42456
88.17000
65.28955
57.68620
54.08293
34.78802
2.24079
40.19348
77.23764
53.68930
79.38725
44.50848
84.47172
19.65056
52.08607
29.28528
1.34421
74.96952
20.42808
76.41665
30.54747
4.51606
83.86627
2.83067
18.14203
91.58682
42.75879
6.18770
66.48804
50.98701
1.82075
84.40368
71.04783
85.33117
9.97214
5.27201
1.21633
62.69749
38.58093
25.67275
35.63086
34.25548
9.12120
12.76807
26.82777
20.13767
10.89095
84.75882
17.40630
79.33270
68.91585
66.16626
64.53989
97.69503
72.89955
49.82890
95.24427
6.79759
77.08916
61.46698
75.65935
30.26212
9.02834
48.15884
31.99670
79.65483
29.21834
90.11549
34.96255
1.81183
56.52455
6.69702
57.31442
95.70295
91.48257
99.47587
49.53435
74.76651
41.17944
20.58794
22.39476
84.85139
88.21504
40.20819
23.44134
64.75823
64.39386
40.44371
35.10667
61.46643
48.83828
1.46172
26.47106
8.67200
22.34528
44.54311
33.98103
48.56650
15.94871
96.40433
11.32402
97.93974
87.46661
27.62815
41.41960
67.36532
76.70747
37.90148
56.89425
94.15836
32.11083
35.64107
57.82288
32.36864
90.44036
91.16303
90.79014
46.34594
86.85675
56.43927
75.29207
49.68102
42.11850
94.52608
26.92374
9.32769
9.52165
3.54255
82.32086
93.65948
56.33555
88.35367
42.86626
67.36472
93.16495
5.28571
14.93334
99.30253
17.34654
54.81392
59.11161
32.65120
86.28570
32.96364
7.22288
29.76304
15.49569
68.97978
52.77118
29.19165
28.07479
16.73977
6.06638
80.95983
15.51301
95.69181
89.25012
0.20872
73.35461
83.94022
66.51181
54.42032
77.03906
21.68262
92.59048
98.35370
84.36193
82.87488
85.40089
83.88929
77.47922
74.27525
17.80263
3.23203
91.87621
70.40890
55.27936
42.31414
1.10027
49.51492
47.22494
31.31017
22.97578
97.17032
74.03240
28.26479
22.18418
25.85797
87.54800
80.67167
95.00620
14.55454
83.04529
84.88709
15.09928
55.52276
92.64195
0.46944
65.66967
54.50723
13.69429
21.56269
81.60583
62.80988
56.86637
17.54918
51.63713
46.54351
86.06138
36.36589
16.74723
31.10425
99.80297
35.20248
13.25881
91.29189
79.96390
68.92235
18.18311
92.99702
80.22935
87.21258
90.18723
58.40049
6.17303
74.68444
58.10711
13.38946
70.21449
23.02380
8.30370
75.70296
65.30238
78.20774
5.19548
2.13249
9.45334
56.29558
73.07703
34.44496
44.02893
69.02865
95.24821
53.74553
24.77742
23.33300
65.96419
34.13072
94.51656
14.42776
68.34044
52.40447
86.35754
17.70643
20.71865
98.24557
58.03181
85.24222
46.26096
96.41678
48.75304
86.55106
71.12109
20.03031
41.95403
65.22122
25.78137
19.66083
94.09783
46.19810
65.41909
91.04792
55.69139
18.34339
27.83438
10.66769
30.89584
9.16718
80.34931
90.60262
61.71270
67.49536
21.02676
3.11603
36.75480
47.52359
13.06330
74.08270
61.53910
53.17374
50.90257
45.02354
66.06245
35.68071
55.79812
40.80943
70.09590
94.43200
90.37655
56.24719
30.77649
36.67616
86.10073
9.59195
78.08392
94.79712
16.46351
28.95814
14.50550
95.94329
94.99440
90.57282
1.56836
89.79557
76.51364
20.98555
92.92282
72.75599
9.50011
87.72611
68.53186
27.54719
67.79155
35.31300
16.80780
44.84587
37.49787
25.08763
65.49432
79.69548
26.88425
48.03909
27.92845
52.94682
6.59118
95.12298
4.40007
33.83834
2.33049
54.92088
9.62795
72.41155
85.39113
91.04085
96.77474
48.29495
54.65778
2.11530
2.41306
97.41598
42.25468
99.89405
55.22680
15.70038
72.44886
64.28753
59.25723
3.56495
4.55325
15.43058
76.28100
13.21165
33.75924
18.16767
20.87704
71.79189
43.59455
34.36408
74.18450
44.06623
77.84059
28.80206
64.11228
25.07178
84.00455
49.99613
41.34226
39.81111
81.89876
58.14540
12.38403
18.73240
38.26529
50.22123
29.57414
79.37647
46.17756
29.29446
26.88368
50.43115
47.59469
44.35818
66.94350
29.13133
47.30980
25.39222
68.33051
1.78752
86.16094
5.82932
63.12165
63.95650
56.35711
24.02299
57.52136
8.47719
82.71300
12.23893
30.04739
43.85620
62.41562
25.92326
70.72416
62.44214
59.44172
6.38845
52.26987
33.42194
79.07103
94.95564
16.05646
49.34342
74.89977
6.81900
54.21173
0.94268
61.17357
44.76564
97.20043
8.74882
87.44091
52.25884
35.03876
63.06648
70.63068
19.32874
89.76996
61.46342
0.14628
82.94894
52.32334
65.57155
17.60739
28.16456
61.73859
6.54440
8.69208
71.71268
93.79798
19.78187
65.83764
29.46896
92.48851
69.36369
42.44061
76.90285
82.26038
88.28749
53.89184
66.08293
47.43672
18.59139
80.33174
44.22976
74.18074
15.46661
17.62166
35.68201
60.08379
74.31689
29.03111
52.77343
75.88996
61.22222
25.88732
85.69295
80.67106
44.98679
28.40663
22.02569
18.26043
80.73224
94.51936
21.96134
91.45475
94.05879
74.13720
63.52488
6.47590
40.90262
57.04426
27.54401
87.69996
14.43139
83.34372
88.88761
98.25659
34.97447
66.06331
20.18550
43.32869
16.30499
51.59021
74.61732
69.59275
38.53657
35.75393
18.85368
49.67724
40.16643
65.05867
51.83726
58.81478
40.70281
49.75587
39.34998
77.86785
17.43491
31.62884
92.67324
21.89776
34.61962
76.33587
78.99229
66.11723
56.94862
19.08158
44.57061
46.19432
46.52530
32.93077
4.81476
35.44311
11.77189
23.19764
54.22944
36.54969
85.86021
76.63609
9.02786
30.26330
12.06265
25.98515
67.07711
25.12844
98.96568
82.67486
99.29790
40.62845
77.70282
33.10002
91.25473
83.57885
95.34418
14.48044
23.86998
83.34259
70.66737
12.94589
91.59476
5.07206
33.01870
8.46046
85.27843
52.71346
62.15838
22.56592
85.85357
90.56444
15.78789
64.66726
43.13326
15.26847
88.17683
22.51453
34.68592
15.30971
84.30386
25.97569
34.82296
90.79923
42.60671
11.30366
61.59566
25.68018
84.47351
37.43852
40.37061
57.07324
68.08784
48.20756
21.15297
55.92783
66.03975
26.10885
92.01308
48.98684
86.90630
68.82881
55.74880
87.47377
24.11223
20.54766
15.87964
57.24060
17.78535
86.18034
67.94094
70.04927
71.12329
12.15916
91.08490
24.49996
80.60050
43.32890
85.78589
43.91021
11.35537
71.62902
26.68404
70.34171
62.57358
37.41231
15.40402
78.58033
13.64383
98.63258
84.34036
16.71271
63.81295
72.29192
25.29395
38.21053
45.53039
54.60220
32.24332
94.98067
26.50074
82.45260
44.89834
17.09827
80.92590
86.08593
70.05799
8.33743
34.12384
93.60171
2.56501
52.32985
58.77667
74.63093
22.78650
31.46323
97.66470
17.77022
77.83173
65.67030
52.30187
15.65798
2.32052
7.98330
56.85321
70.94741
47.07069
69.45169
77.65291
15.15938
14.53145
83.55593
62.96793
70.01436
40.21724
46.77000
36.61475
73.79824
54.23619
27.23329
73.35268
98.99175
55.61054
79.84425
21.55462
71.38948
43.71775
37.19597
92.53227
23.44540
51.59553
13.49779
98.22607
16.62668
45.72472
23.99177
28.13830
54.64275
19.25104
63.39839
63.01904
40.96575
42.42018
74.83278
24.24912
97.74774
80.31339
33.51860
28.84198
27.19537
97.06395
35.84755
92.45152
52.60786
12.50444
63.76676
51.44056
89.78444
97.12787
86.69492
52.38058
79.75144
5.55662
7.72767
18.28743
11.57764
80.70525
55.89473
27.48178
5.74181
8.46601
85.07450
57.90393
53.05892
60.01133
80.87490
25.86071
23.65733
68.54036
28.38506
9.76047
53.68045
16.47010
62.77714
88.46992
56.92217
15.39529
37.37882
54.39048
13.31520
27.36693
21.05221
43.80004
51.68589
2.95224
60.36837
53.08686
17.59985
37.54608
78.97483
1.07817
43.36980
35.02227
73.60963
97.19526
85.97005
20.17207
38.96272
91.59261
88.36264
68.90278
16.79590
57.34454
47.81715
90.87255
25.09546
39.55282
70.76842
96.51511
99.21514
49.84879
91.84654
44.84814
95.83344
44.73192
29.51524
60.95345
46.24735
62.88908
78.71776
11.13702
66.13114
96.12530
71.27178
57.27654
84.92906
66.54034
13.17642
36.32451
26.58944
45.41041
18.35975
81.62467
42.74218
20.42207
82.63828
85.81744
76.23484
6.80993
98.91640
91.80916
58.21669
30.28720
49.98306
35.29472
70.78811
13.92483
65.72775
18.28562
42.90265
96.49713
65.41499
29.32882
64.08842
11.32040
21.25035
67.61582
67.28469
81.85782
67.18552
46.86575
40.30517
8.80401
51.01366
42.07296
41.28206
12.35159
4.19070
23.39739
30.91830
96.57267
66.15899
67.86730
51.19781
60.48174
57.22965
19.83349
26.97971
12.80585
37.30352
38.02994
99.29440
24.43440
4.75119
31.08281
80.07016
3.49712
82.94194
85.44398
84.66961
73.02917
54.36738
29.59564
18.55883
38.18290
81.57949
29.58391
52.77326
88.41322
60.21571
38.38311
24.07105
24.72717
66.06905
29.18206
26.29475
78.56929
43.47397
76.32785
67.30812
29.98868
14.01952
36.93351
95.01151
38.54931
53.07436
57.13583
20.34284
33.41973
13.09548
19.23319
4.99262
44.28076
86.32913
62.43900
18.30503
40.13465
20.60272
47.16288
41.56454
80.21208
17.83045
67.78106
35.23168
87.22152
75.03896
35.21329
51.27206
67.34532
37.70628
66.20053
95.25242
46.63636
22.72668
86.36261
67.32311
3.53270
13.37333
86.38571
49.92387
2.76699
31.86908
20.71569
34.96900
88.81392
65.65556
8.41941
38.39691
43.11984
22.87736
80.14403
0.38011
79.75485
24.66267
58.83599
26.90025
17.23236
49.40720
44.39219
38.85820
21.76365
10.62219
65.21483
81.98788
29.07470
41.64012
81.78442
98.82282
54.97739
25.27437
6.35292
96.11596
3.55811
19.99319
7.46218
94.78936
25.63206
69.56824
70.97245
45.97827
84.36294
11.25815
73.48007
3.04289
58.60788
6.86913
84.03959
58.32375
75.93639
44.76469
6.51536
86.98896
78.31622
93.38477
32.21064
86.12407
28.00070
94.48306
58.49287
4.08956
22.27171
28.73713
75.17447
35.80991
64.48602
45.32250
76.89943
55.66360
5.98500
53.07563
10.14973
78.10320
36.32357
53.14465
24.01109
64.21854
41.38910
75.65252
93.31264
69.47137
65.44016
37.18355
70.59228
91.19126
21.53507
97.07399
15.12493
76.65448
69.51295
0.38600
71.39915
88.72902
52.97486
79.14848
96.07116
86.69616
15.21911
36.79234
31.17336
92.53068
2.38630
47.65490
83.58812
88.52654
63.05545
56.24249
4.63440
18.07507
85.30568
81.51416
1.91571
40.54904
0.85458
28.03156
38.85316
25.25871
56.16518
55.97846
33.23520
87.05878
92.01295
0.49282
72.59624
82.63582
67.11898
64.49529
51.64994
80.78088
74.68090
48.13229
38.35308
19.24016
41.11526
6.51420
26.62161
68.09778
64.84424
21.68498
57.16377
89.64759
64.99370
99.71549
27.80510
17.70241
61.23651
43.35742
58.33598
72.17658
90.32097
62.15806
45.09002
93.77905
82.42189
80.88924
1.28054
36.33647
32.58184
93.83069
34.11373
9.88036
85.42581
67.86508
64.09772
47.89505
24.97235
6.54045
55.55597
13.44749
92.89764
21.31340
99.42864
68.40157
82.74644
24.18271
81.35937
86.03474
16.98433
63.89553
56.32615
15.69433
96.19076
25.30154
99.13407
36.59173
83.25536
14.15154
23.21442
64.73822
53.62989
14.57523
56.12315
65.43573
66.52489
81.46992
66.98519
89.08293
0.53681
58.30992
26.73998
41.78479
47.44930
65.20060
77.49780
23.14978
24.41853
4.28852
83.96830
45.83733
27.26977
6.72116
97.50116
95.84270
84.57634
10.84898
25.28538
38.52390
4.33832
31.03341
86.32798
14.88137
29.26362
47.31941
12.11331
56.49383
98.80861
58.85731
55.11716
10.36862
4.41791
37.07046
35.05285
18.12222
72.55911
92.96991
13.83882
36.67447
23.73206
75.63080
35.41881
12.67575
54.62209
30.89231
21.99558
80.77531
9.69051
61.78911
37.25458
27.26524
46.83289
74.17746
54.04220
67.16020
55.96289
38.50710
26.00263
89.32931
80.95562
41.70989
37.84838
90.92901
62.26386
10.57846
85.50593
65.24509
8.67706
68.57537
88.51099
68.53904
75.16875
27.34058
17.46424
87.80711
55.15499
67.66607
23.80947
41.11400
76.60572
97.01880
18.75786
57.06521
5.34367
31.60806
49.12139
86.76797
9.51228
98.08901
20.25700
95.97014
78.95513
74.12275
57.48443
82.77247
4.04655
48.00589
55.84054
28.22889
41.95227
84.38765
6.29817
73.75190
68.17809
92.18293
77.57412
80.14773
59.87425
31.37093
94.97095
29.52685
98.35133
56.98305
22.89931
76.08045
2.70149
82.69718
77.22002
9.56541
15.99383
88.18036
82.08038
6.75296
18.44981
76.93438
62.49852
70.79938
10.06577
85.93349
89.43214
53.53514
92.82170
50.90668
87.02013
31.31928
56.74612
58.31700
24.19836
19.77493
18.51979
22.20248
11.64375
17.12800
17.12104
9.18285
59.57058
40.50290
71.70556
61.40965
5.22355
19.54585
65.36110
7.65263
28.95111
76.26423
37.53219
95.09061
10.22870
32.02489
54.56106
62.35913
91.55111
62.42057
31.56224
23.94246
57.67257
66.30750
64.07907
6.84074
27.55837
84.31892
77.68479
9.35334
51.90091
21.55589
90.09025
81.57458
83.21811
58.57757
75.43214
38.44611
87.31679
95.29681
58.48509
83.02254
77.82694
7.64415
50.71595
77.24617
72.09857
35.63881
43.57596
34.19775
45.99075
29.78553
94.21828
97.46571
5.49080
78.94105
66.15804
70.52422
90.39849
76.71307
24.35830
43.10820
37.29856
48.20628
9.13724
48.56570
20.03752
71.22622
88.24324
10.78589
45.77536
15.47272
77.49670
94.25522
72.88860
57.64168
84.97640
24.55296
76.64368
70.64514
99.10032
17.88905
55.23935
78.19923
69.29387
75.03642
43.87644
0.14728
83.44666
87.72652
30.52732
35.43739
51.35515
46.06995
97.49105
19.89475
44.84987
58.84637
53.17677
59.17434
60.41574
81.89607
11.15510
42.59378
63.43075
91.24634
10.31355
89.22131
39.53457
0.02390
20.60991
71.22043
3.17860
4.63644
2.03371
60.75252
3.72460
3.15603
14.67026
20.82443
65.60832
11.50508
91.07628
21.14475
97.81355
35.14925
86.23168
76.21139
35.88530
79.09972
69.08374
69.32865
85.98911
29.35720
66.88317
29.90017
52.13589
51.20136
12.98232
63.96188
83.22708
7.65267
72.75790
4.72167
54.21988
30.61381
95.05606
57.45035
6.27484
70.45534
50.55273
94.54961
16.06622
8.78992
55.54669
24.96416
3.12576
37.10773
19.23008
88.23601
83.22572
89.43278
24.37416
71.44290
22.72671
83.22468
84.15800
65.43104
50.74045
10.91858
53.47586
6.86463
8.82484
78.77759
29.84740
53.23984
43.23935
53.42106
70.46116
64.73234
24.91297
50.43457
39.21893
98.33996
29.97874
82.74609
12.43877
43.16558
71.82865
60.54836
39.05232
10.37830
76.76543
10.90849
49.42854
28.00457
42.42950
36.34080
89.00869
85.04819
79.50567
16.57879
35.54606
42.64893
7.45049
56.18916
85.18494
28.44514
82.20093
64.57198
70.10446
92.54291
99.01678
26.62854
60.41017
27.17321
69.49448
34.12021
39.52943
9.97062
11.79606
0.02388
79.73810
19.25393
66.28517
41.06037
95.21812
61.69037
51.06960
84.49181
74.28420
13.59137
54.73738
5.53227
26.95280
34.34511
39.85594
63.48687
63.35852
65.39875
69.81893
31.40998
56.73884
42.28582
16.05438
13.55528
59.15398
33.90305
61.92342
93.28667
29.01758
51.71914
25.53724
32.33825
65.26236
86.03314
22.35693
19.48185
43.23856
25.74234
58.69634
93.07334
70.94410
11.53863
36.09245
91.53651
1.18736
61.64626
76.17732
14.07704
8.34873
32.14490
30.97186
44.76821
45.41025
26.79603
51.95479
85.64598
3.15186
85.64302
21.09994
74.88161
20.65342
26.74936
10.95229
1.39320
24.08819
85.25967
17.43974
13.08002
78.76637
52.90472
18.64030
40.90470
69.65403
67.94096
50.43947
53.39242
20.59346
6.10543
96.66968
83.08386
44.60202
94.93169
83.88491
69.38291
56.46484
19.17495
57.40718
44.57151
61.06274
49.14191
45.77351
19.07738
65.51421
1.58084
28.99153
27.25670
96.36347
67.74149
53.74743
16.47109
70.04034
72.81703
23.60551
41.18178
18.00403
45.52198
93.52935
97.67441
7.14117
22.47540
0.61867
39.50644
68.73180
51.14268
23.36882
39.65512
97.47104
74.16722
72.60423
42.00589
46.02592
24.91596
13.79696
17.05406
65.85113
49.65003
94.72921
4.75081
36.37427
71.91999
52.03983
42.71834
19.34772
0.86498
18.50330
47.59878
8.86856
6.77263
5.78498
63.40363
43.03654
1.90146
29.87451
56.11940
63.51807
15.50532
55.64804
55.12670
45.05672
40.37462
14.34937
42.39318
17.12637
55.79216
90.28654
96.42016
32.16708
64.99697
17.19847
67.04308
13.66803
30.13812
87.32103
73.68441
61.06514
52.77248
29.83014
29.85316
12.29435
72.22203
92.27117
72.89151
43.17019
84.29181
72.09120
49.56712
51.06515
2.27196
30.79246
97.35745
6.11222
5.12308
70.63683
70.03475
97.99677
15.20541
29.83669
60.55255
65.89218
61.88546
4.97599
48.79512
68.98964
21.92190
34.91473
74.39862
52.95682
10.91153
73.40426
55.50405
81.72621
89.05026
36.17438
22.25407
89.05511
83.42912
36.45051
21.74767
64.61524
97.90149
3.99556
60.60591
48.73709
54.14892
22.80482
61.86258
86.29171
8.04573
27.37622
46.91356
23.62983
59.15086
68.00506
87.44278
51.47551
43.04849
39.80108
22.23817
11.72210
11.80166
30.45978
15.33937
84.67611
0.55802
55.79216
80.87661
32.03621
48.37416
37.00225
55.97297
67.42390
86.48108
12.81176
35.97511
92.17117
2.96473
67.97891
77.71863
13.92854
95.77833
55.52575
74.02059
42.29114
59.59865
38.97564
7.47863
49.04429
23.31127
11.65865
40.50516
91.01505
65.23278
67.09625
9.14453
0.74377
6.20588
13.53164
46.85445
99.43233
6.24955
22.65957
17.73361
34.34140
81.28050
65.64160
82.48896
4.96567
23.40288
15.86914
37.22602
88.71293
86.77938
85.33188
77.97121
48.22714
99.01724
89.49483
7.07820
48.69620
68.41746
50.92503
64.32655
18.57269
68.16719
6.61088
2.78638
41.26639
56.12882
65.10188
54.51625
33.97591
62.16376
11.04187
93.12167
28.84045
72.58184
91.17576
14.76020
36.05846
95.28463
30.91876
62.36939
26.30624
37.76919
52.60100
28.67355
83.72766
37.60715
66.87551
36.35142
39.98863
29.06990
37.99104
61.65126
20.85433
89.92889
27.22799
11.40423
97.93655
79.11784
83.91436
22.01731
58.58968
86.34400
39.39531
25.03372
45.49936
82.95722
70.31943
42.46026
95.46169
96.26233
38.59518
31.25346
4.07143
88.78637
48.20619
97.52395
78.19555
21.98162
79.84175
1.85701
87.32137
71.94371
66.74490
32.35152
55.24984
51.27540
69.85559
50.22549
91.19258
87.39918
60.14415
0.47639
31.78027
60.30374
87.51973
41.00123
35.77633
23.32979
72.22874
64.03729
88.75782
9.53689
66.85420
90.18442
65.87227
58.99797
25.06155
69.29759
55.06366
21.93694
28.55354
25.13237
14.69787
29.46126
79.33204
47.70237
85.99488
55.19139
37.45435
46.06042
13.65915
63.21329
71.37026
73.05562
25.52313
57.23215
70.90940
20.27889
99.06791
49.80329
8.96383
46.93183
64.49326
13.15854
85.00824
83.90891
80.26417
99.65852
3.96954
46.79715
30.35333
53.64901
47.09600
42.83348
48.90777
14.68931
16.32194
82.07651
60.38263
64.56608
33.28436
21.19438
2.43354
85.16500
15.84854
10.84100
57.77750
99.91815
43.77374
88.82826
7.30035
62.83522
96.13384
7.30673
5.40889
54.26915
45.84276
11.93499
60.17435
10.08657
27.78823
90.21414
38.51962
7.67084
30.70594
80.36699
61.72233
71.34317
60.75297
11.47235
79.57849
38.29743
17.30963
56.24033
6.98843
38.81474
46.85826
6.01846
4.54299
17.31342
94.30523
38.96103
7.59974
96.47465
95.02859
96.40626
58.42108
32.20332
56.68893
92.47304
22.19842
24.40248
70.84983
85.82310
2.38401
36.09545
91.51713
64.52131
56.58190
16.83289
98.88980
61.19943
7.74644
77.10020
70.98825
78.83710
3.88250
29.04473
12.18911
11.89099
17.36272
23.66322
54.59155
45.21784
37.39285
47.09395
16.19345
44.20902
60.63983
43.06353
4.17660
42.20613
95.12566
26.17427
10.85476
28.01546
53.00046
58.46403
14.09450
75.17613
95.72878
80.06887
90.62967
22.84139
52.83065
82.28844
88.32278
60.64739
2.13880
91.74402
31.49652
30.94026
51.42159
25.46185
61.26296
64.63568
20.54586
17.34006
45.17450
43.52924
27.82223
92.97728
49.15238
91.07444
40.45824
51.90851
41.55174
91.68657
17.26107
68.39422
57.92298
94.62125
17.80572
9.67485
89.35731
18.33150
88.13512
38.47646
35.87290
23.76688
53.21243
66.16431
23.60966
95.74638
28.07060
6.55457
9.67846
73.53451
87.95650
7.19405
72.01836
41.54029
97.28790
0.95403
73.09158
85.44330
89.25956
8.58441
95.56442
14.33313
55.71532
72.50870
19.95465
90.99101
11.83643
72.38641
18.75357
36.42961
50.52185
40.03470
25.05323
55.94400
44.16976
26.27357
43.31527
86.84659
53.80264
1.26835
21.24894
95.35355
49.13370
46.10168
33.05797
23.43353
52.60957
25.57478
14.69566
79.31780
2.52588
62.54699
24.77450
62.21068
29.24383
34.91995
20.06256
23.80085
41.68129
84.31707
16.99103
25.83160
63.91160
45.52573
96.27858
8.08171
93.61915
42.40166
4.20020
85.08815
81.25402
71.71109
23.98631
99.92017
33.36097
97.51985
75.58523
75.46880
86.18221
91.05731
47.91432
2.04018
53.01431
92.22947
81.87713
54.32827
43.18708
71.95996
13.02654
95.92149
46.88113
81.70958
3.41720
59.11823
59.87877
1.90725
42.17586
68.82098
65.93361
59.85103
79.71940
16.52461
5.24284
2.44735
62.50570
44.21086
43.23200
73.45598
63.54941
7.56452
56.72924
22.83465
85.21730
38.50029
77.65198
8.04292
35.41788
29.45162
55.93052
33.19255
53.17220
65.62318
66.90303
4.38677
84.57917
67.94050
16.01627
21.89100
61.40283
26.57378
70.13871
1.88066
86.78169
0.09571
86.21980
57.27065
91.43540
74.22734
85.37631
66.56832
7.49249
39.11410
92.82048
85.02822
84.08925
10.22309
23.30267
92.39760
36.84336
16.93873
98.27121
24.17526
71.13857
49.09763
80.27080
98.11490
20.54192
81.66451
13.19972
64.55651
69.21640
93.76779
90.10718
47.78795
77.40290
16.53693
46.94387
39.38721
99.54207
29.16637
54.36553
94.57776
71.18413
39.27016
23.45091
61.40161
15.80314
84.84270
92.25666
39.89716
68.73192
95.14802
69.65970
14.18759
63.83019
14.73019
68.23023
96.59370
47.66094
37.51822
61.14325
43.36412
67.20353
98.37932
44.06396
7.26010
3.60844
25.70713
17.49346
79.74464
91.97959
57.33742
8.10160
84.97428
82.16438
28.38910
36.11736
36.97391
18.42196
68.50816
84.29680
62.14642
0.85272
56.61431
45.29128
96.27015
63.55069
23.60037
76.08172
10.34204
77.72000
90.33480
80.82231
98.23813
39.34253
8.66190
38.59269
88.96510
15.59547
49.38035
33.11425
61.24038
75.78480
4.38863
31.38517
35.34527
68.57888
2.36550
3.31274
56.47611
79.33160
24.88829
81.88251
20.45715
54.13595
73.13476
91.20568
75.83364
90.62650
2.25753
34.40498
29.24769
17.82860
2.02941
68.38112
21.49117
11.66841
66.02433
53.66865
69.67315
47.31084
3.03307
12.70062
87.31146
49.18109
70.16443
6.11398
28.45084
15.19338
79.09307
21.21324
34.98959
40.09517
86.57060
97.60003
55.24902
47.66271
91.61171
57.03455
82.74106
24.68885
94.14024
19.62633
74.84102
27.79818
96.72969
2.74160
77.86574
70.19677
62.27565
27.74884
10.53058
61.84351
43.79712
14.84208
8.85089
7.90477
86.76666
8.27297
52.82891
45.56743
89.99417
69.75625
9.05298
35.91438
19.70147
62.14037
75.94109
61.38207
53.41941
28.98007
40.82503
99.30994
74.87653
51.57601
88.31133
7.17626
86.60084
97.44274
75.77509
11.66057
69.75726
11.22039
83.26830
6.69627
62.56529
46.98111
14.70541
46.42115
43.35943
32.64169
92.95460
63.47525
6.90002
32.38203
50.68948
19.54853
70.70549
42.62031
72.34132
40.79701
46.64826
72.17616
51.37858
15.00584
40.71789
17.04549
63.97130
13.86377
57.70490
12.95498
6.90484
5.09371
39.04268
84.66037
25.91831
96.06819
58.59323
59.54889
6.81762
69.73079
30.97070
74.63816
92.35509
80.52518
11.65460
26.80324
11.32242
82.96366
97.73577
64.51788
47.25058
77.91620
74.03443
35.58456
38.98849
66.79789
93.33118
21.04827
25.76064
21.29386
36.65561
71.45023
9.87880
49.22426
73.12293
40.69488
94.28435
66.24918
79.83153
23.14680
87.88963
64.74422
43.28118
83.92215
68.91159
54.05736
66.73704
89.36865
4.47631
13.32528
34.29792
71.57989
89.92645
27.19809
28.65674
6.39770
13.50861
4.55466
56.56041
25.11267
61.84373
77.79207
99.34559
66.15737
17.21835
88.52569
90.59744
63.04054
76.18153
77.61330
39.54138
83.25946
28.10438
84.58610
74.77835
85.06763
45.58146
17.12228
24.55548
3.61405
62.34580
59.39387
89.94177
39.85143
99.13451
59.26916
50.46013
24.80629
93.29184
99.94255
70.11175
82.65921
35.27627
90.43470
1.80559
47.39439
75.98393
1.94814
92.90502
20.97364
10.02569
23.99815
46.52415
26.53248
86.15104
17.24864
3.98100
53.10453
83.11853
54.30475
77.03645
42.81146
28.08773
22.95101
15.75046
87.75617
69.62607
45.04103
10.04406
83.94446
53.15159
21.47996
41.71141
90.70273
66.00162
15.63858
20.47227
82.39151
69.38399
0.35445
22.05601
12.53559
44.57808
52.44802
19.25067
96.13803
68.93913
37.42022
74.97719
18.32153
28.39238
23.30591
35.32880
69.12775
52.87691
55.27191
3.93259
72.01307
53.20511
52.84630
74.93888
79.06110
52.33759
68.13756
25.00326
79.04666
28.60382
9.99690
84.22448
62.47081
40.99150
48.39021
77.45028
17.03694
71.74430
79.81875
91.14834
57.53816
5.37846
86.09657
45.04977
65.87385
74.34201
9.74326
0.81865
66.16199
63.32412
25.38018
49.84057
22.40529
54.91318
31.36932
77.64038
50.43738
80.42851
62.61791
84.22506
51.84441
96.88172
34.94566
27.20335
82.81148
52.59658
29.39392
84.23000
48.67673
19.57989
50.39885
89.34859
27.67294
66.80523
90.84948
32.66780
63.92815
45.56330
14.91565
32.72386
9.00878
48.37382
14.88830
41.57503
59.85782
24.64296
82.02173
50.13671
28.27220
81.26744
5.57433
7.62507
9.94809
56.68067
22.02043
90.15261
73.14045
57.53841
37.32750
17.15506
95.12770
1.49497
18.06151
71.39393
30.96462
24.50079
74.12564
25.56804
32.73167
38.68372
42.58301
8.27917
99.53283
98.82161
70.28924
67.93575
79.18758
43.97055
17.70741
43.98609
50.39898
76.28169
23.33672
3.18166
82.72255
9.29588
50.24855
97.27409
71.46511
13.32204
42.73719
18.30896
14.64058
66.48635
54.05625
58.41268
72.24394
18.72965
81.35820
77.22969
80.92671
81.66722
27.23641
4.47939
26.21948
80.34672
0.19901
14.10574
17.23430
81.51117
55.41220
63.53236
5.20944
52.85793
87.85508
83.90165
81.73149
78.33755
57.89780
6.91480
96.65715
74.27968
41.84262
57.85132
45.93145
54.96163
20.83201
23.27236
5.84122
15.70640
99.62299
70.24369
45.76229
7.40566
59.71681
91.71231
94.56221
77.66301
31.00733
48.83439
4.25535
9.80952
82.85718
7.87389
78.72259
12.89100
32.24577
96.93672
46.36154
2.38070
26.23916
64.59904
33.71252
62.20011
14.03604
8.34359
53.00327
9.69411
57.48223
88.31410
37.93644
58.50466
3.01711
89.36766
84.96639
25.01762
42.32123
24.52275
82.46802
71.05524
99.93242
44.79331
1.95591
68.41839
62.75859
63.92496
7.44931
94.86568
13.61057
47.82307
79.71363
31.70695
28.78600
85.68967
18.50781
8.49967
30.57228
36.72296
56.83642
4.80621
38.51003
98.77017
96.23844
44.76141
16.23514
62.55719
15.68491
84.95733
1.73894
74.07499
76.73543
16.37639
10.48559
67.76617
7.25276
45.16628
45.71401
46.57287
99.03704
30.23926
38.05665
61.43369
42.04955
89.34993
18.65033
10.82476
9.49435
28.64285
34.39072
9.73727
49.53987
41.48055
14.04379
55.89542
21.96808
97.51431
60.22864
55.28422
55.03176
24.70692
62.55580
13.91659
93.15432
65.47822
74.80036
65.45539
9.69099
76.59824
99.26304
2.47905
62.70838
27.72305
46.44995
57.61460
22.71792
53.71656
98.84279
7.95186
75.81240
59.13147
49.62592
2.14369
84.09233
23.01522
54.01300
60.51756
6.72034
54.00240
24.39933
89.10057
46.45952
26.11455
51.88738
85.50164
62.77557
92.13956
70.57888
90.44327
22.93884
56.54003
26.52179
40.41339
11.85174
10.75088
64.73278
77.37739
46.60511
77.95163
87.65251
25.57319
61.22668
5.50891
98.72762
19.39475
58.63432
59.51838
48.75729
8.77154
6.68705
0.07589
14.79623
96.51214
82.94046
55.79813
50.71476
29.18242
59.77537
95.54984
65.36816
82.28437
12.34115
1.07396
46.88267
46.41476
81.67364
48.24090
68.37726
23.97368
89.69027
85.56048
26.32443
79.80289
14.83729
35.50097
97.26991
76.47366
11.78166
24.50499
79.95884
68.61551
29.07769
9.89973
52.86999
1.20642
34.74855
86.85919
80.71425
77.64658
9.28536
1.37991
85.75839
9.76402
97.28537
29.54498
27.89172
74.87100
31.21034
18.95112
54.68252
18.52258
60.24690
79.16936
42.27059
60.25507
63.13538
55.06043
3.87928
11.49918
88.81882
62.60541
92.97341
69.32738
95.52627
5.97792
10.03125
72.65916
59.64273
13.70133
12.00666
94.31658
82.18766
75.04286
59.09335
47.24883
64.64912
84.26765
96.44439
72.14989
52.39767
52.49532
92.18765
44.72445
11.06277
71.03455
97.22925
3.58253
97.99912
2.30096
77.78253
77.09800
48.08175
6.94685
12.54641
92.71725
5.61710
14.93328
70.19840
3.67830
35.38927
68.47862
25.43569
42.59131
94.17148
35.19571
56.60583
12.69744
37.97610
78.80452
93.10101
8.73298
89.23732
65.54586
85.37207
73.63425
38.85607
89.30150
37.85886
99.27360
62.98116
89.53969
82.22806
92.41333
54.44032
83.22799
58.57765
59.87669
8.24352
62.02479
82.74850
55.21285
40.03187
98.92353
87.00637
51.72437
45.33803
82.14872
39.40988
40.49570
83.37318
59.85154
17.94057
81.55564
42.74943
39.15988
2.73498
29.18778
39.93405
6.91914
62.80475
51.63613
57.00117
14.83547
62.98585
12.73399
62.34601
44.21703
53.57087
8.28181
45.65231
50.54441
31.86421
43.81270
10.32574
60.80104
24.08381
15.11712
46.70252
8.31981
81.37855
40.29355
89.17347
62.14113
27.07341
29.71110
2.11515
51.64092
72.44526
16.53070
74.72862
5.55365
67.92410
39.58043
74.37694
85.86817
12.05100
48.16194
36.55972
52.10997
37.31041
15.85801
8.33894
54.18468
39.65212
89.89593
3.03150
59.50693
44.87468
86.32991
40.28236
96.59119
52.24018
47.71937
92.65658
16.04440
63.84043
52.90013
41.24340
37.29756
92.49530
26.20603
78.83086
0.04389
27.60104
68.44210
18.08375
25.66844
86.08500
88.26902
8.43480
5.46476
22.67605
29.15040
69.26034
57.33399
41.08761
25.42549
49.04685
39.65461
32.58095
60.55718
46.68916
58.05016
39.30119
54.14866
10.87632
30.04385
10.43132
28.03423
71.11903
92.12725
98.10723
98.14765
67.97361
74.24195
63.54150
14.97374
52.51826
18.08047
48.36337
94.13031
19.61351
78.94357
96.75090
87.37870
31.37147
33.27457
54.71996
33.60013
15.52060
81.21634
8.01919
60.14434
28.90293
85.86295
23.74904
93.21550
53.81330
40.78438
21.55240
66.86078
52.86668
88.17718
97.47314
95.71766
98.52171
97.12661
27.03319
60.80429
58.44881
18.28195
71.42196
42.36219
11.43542
94.01519
46.31921
70.80567
43.34684
9.04064
68.04452
87.95186
64.09687
6.86385
32.43518
92.94989
19.41681
88.79717
10.34338
5.18545
36.47868
39.18274
45.70983
61.08560
25.65023
75.66149
24.37430
78.52434
39.34015
70.23438
42.95185
73.98942
51.27729
11.91154
27.00175
76.86101
42.23951
23.88503
27.95530
73.28183
63.70031
44.21298
50.80144
0.49434
20.78729
13.73388
45.01489
1.30834
80.99809
16.84802
9.09810
2.19802
40.36344
12.60483
27.13255
52.89425
76.66473
37.58042
80.92849
66.29818
55.32749
46.53530
36.16140
78.55939
58.35644
29.27788
80.34719
81.11628
41.59411
13.19922
27.86803
14.67055
93.88294
62.64897
5.84927
94.58160
90.78295
14.02740
24.53705
21.73324
77.68410
53.78175
80.66410
90.28195
41.48238
38.71319
6.23963
67.95427
92.11181
49.79643
44.74633
23.48967
24.25019
39.04247
1.15715
19.65153
78.32974
58.04708
7.40053
81.52228
98.99237
6.21600
6.66661
15.75300
11.75780
68.52034
83.40841
19.40596
76.69970
25.43222
65.83933
22.41539
76.57899
34.69470
71.31298
61.94688
55.68346
80.47820
34.03962
58.89074
21.16844
43.91376
13.25427
25.38466
24.00110
1.69369
44.35393
59.02956
26.60200
10.85507
80.28985
29.23676
62.80700
20.99906
95.59120
91.77713
80.34334
51.51257
13.51966
8.70728
54.28364
72.08927
47.75476
71.48746
67.60958
97.02523
80.43888
41.73066
92.42289
31.81576
64.58194
78.43244
6.84171
76.12004
20.65403
51.24802
72.68139
83.25327
6.59826
57.46478
14.50360
39.77399
74.05327
86.04774
82.45675
47.50581
78.05139
48.87129
51.92211
47.62244
22.10164
69.73881
33.73655
35.37191
73.58629
25.62450
40.68877
67.31157
68.45892
76.15103
80.95511
16.19419
95.40856
2.01848
39.24132
75.88173
62.73938
36.11758
43.72040
69.17497
4.46909
82.59181
71.75044
33.43694
85.15078
95.74394
68.54863
48.56081
80.17493
90.66120
6.69093
1.97108
72.22108
15.46390
14.13452
85.41216
67.75609
75.57398
87.53272
73.16150
76.97437
48.01524
89.10005
58.66245
17.47990
38.75474
48.18894
36.58789
81.69004
25.99127
77.02114
83.95361
45.19344
82.74340
47.35300
77.12508
61.07143
58.22094
93.32264
0.94484
21.88742
60.32887
98.01186
7.03113
74.06238
9.28093
23.66339
54.22637
17.51915
56.57008
53.31432
72.26506
10.22400
21.01251
3.76039
13.54513
19.62585
21.47666
62.34561
22.14657
12.21878
87.31528
36.70856
54.99309
38.12887
22.78006
1.95497
31.53667
93.36204
96.13963
77.19781
28.29514
4.96941
32.37061
79.78806
93.88160
64.58477
72.68262
68.67393
37.85249
11.69258
77.25045
77.89189
7.16019
25.85361
61.63313
65.56033
32.22072
17.39490
32.84678
92.99443
76.28945
48.50325
44.90501
20.63713
1.76781
97.22885
65.55019
43.70623
52.31717
25.45870
91.05760
54.44958
7.41173
4.62474
52.90358
48.31615
59.83368
59.66848
86.73214
88.69179
38.31023
65.70595
78.25256
6.30774
83.01833
34.80359
61.16731
94.89243
90.18010
20.39810
87.12991
77.43756
62.75429
50.98354
51.02803
46.57325
64.84938
73.37728
23.93992
72.02618
88.37505
16.19242
24.33265
70.75692
48.36335
1.50695
69.12331
65.68528
13.67338
39.51607
17.62411
17.99001
31.81501
37.38665
44.31269
88.89919
87.52344
5.99938
88.99961
83.10695
98.60933
73.85181
53.60335
26.77254
97.37671
10.04387
60.53166
7.50958
76.41814
30.87818
68.09077
6.73456
25.58432
15.74082
67.26522
25.71150
79.97819
33.88057
70.21661
26.36343
39.06925
1.69606
61.70227
14.90954
23.01056
64.62968
94.51990
94.14328
91.93756
18.52981
54.66131
13.95505
51.17204
51.88796
96.27909
2.53543
4.20512
18.14594
79.38085
27.29836
37.31833
16.93452
50.74069
9.15275
13.72193
52.56995
86.19199
23.77521
94.91171
17.41382
25.86678
87.84229
99.12892
61.93497
43.61154
77.15281
55.08810
90.41635
77.88360
51.87841
13.42199
80.81731
94.76217
42.10429
23.83817
69.64782
75.19774
83.01697
55.26636
55.32033
37.19011
44.17384
84.19840
26.79510
21.13575
86.64906
15.03385
41.39329
52.08933
26.63481
72.81439
28.02348
72.55657
48.13367
99.02681
71.92418
84.35781
52.06331
90.63627
16.25064
23.07370
48.48920
9.30512
60.39408
51.72008
8.49916
84.14317
53.94919
8.09685
29.73811
18.02635
60.71151
36.71009
19.79983
91.60365
64.97133
7.62229
67.55392
82.83888
99.31625
46.53870
65.33239
35.67658
44.45593
86.89697
92.66275
26.72302
51.91334
99.81850
19.44797
7.99838
14.21801
5.63845
83.62385
27.67606
41.93483
75.96063
5.23308
39.70013
15.82795
25.33793
14.17612
96.22886
28.43650
40.31548
35.27543
25.43459
45.29792
76.30129
96.10721
38.46533
5.71560
12.86010
37.02644
33.19112
33.11323
31.69498
44.82977
96.29894
89.57943
71.08873
4.32952
25.43873
28.15999
55.86938
67.71474
14.02535
91.84756
93.84572
95.62504
17.80125
16.35503
88.43611
65.36071
15.10286
37.13586
50.10814
53.16490
11.81182
83.03167
75.93435
24.93709
96.44358
70.95651
80.28998
8.96032
33.07257
51.09532
85.90393
67.28842
80.67062
38.00347
4.15009
58.54193
78.35898
78.16495
53.44144
1.24238
73.61468
28.56761
66.20341
88.28000
10.12449
31.37884
82.62080
58.00107
34.36867
63.77657
58.28097
68.18276
70.70469
41.69480
60.23798
33.23186
52.30696
23.43076
6.08154
58.27746
7.44397
57.52113
4.28584
56.37479
22.61112
62.41200
70.51319
93.80072
83.16619
36.45466
27.08655
39.66180
14.16208
7.61811
16.62352
18.53406
58.60065
7.36867
94.97805
23.64832
52.38952
99.73204
50.48223
1.99901
17.02111
28.17647
51.40534
63.56317
56.63765
43.73206
23.76844
32.12895
55.20698
68.54082
4.48934
36.52774
68.49743
94.03375
84.08053
33.85262
44.93767
63.01129
57.50706
92.37745
96.39416
97.37880
27.16431
37.71046
97.28594
93.04471
79.43265
59.79791
89.57261
32.02507
64.30524
68.95050
48.04277
44.10737
64.91428
36.46351
75.58810
6.62017
19.79304
16.54978
27.68879
77.98778
31.09173
48.06145
5.77068
93.26780
44.40591
48.14116
30.58911
15.91185
62.42589
56.68926
73.13513
55.52667
63.92453
56.28426
97.94330
55.57762
17.35681
76.42028
41.16271
94.98888
86.56165
81.63456
29.72642
56.82777
99.98761
86.25950
59.54373
78.79901
55.22145
41.07838
35.34752
97.27577
0.66960
18.37301
72.81316
14.58752
2.61892
67.81327
32.09593
86.29833
0.53907
33.00528
87.84596
51.35678
89.55168
52.67072
24.21334
39.45396
59.16906
22.20107
0.87963
94.91149
84.85465
88.57567
28.93976
25.37084
54.91476
6.81934
87.58307
72.64808
76.94718
77.88897
90.56249
58.21391
35.97153
15.75371
43.80015
22.92024
24.54101
35.70819
87.06698
1.21118
13.66579
58.57178
11.28461
13.64027
20.70525
26.54906
22.27190
76.43395
60.97688
60.26312
29.79223
33.54096
34.75103
57.66773
37.49561
13.78863
40.70911
77.48487
79.46232
93.58049
5.23085
9.89006
17.53579
70.17772
97.50677
33.20109
34.25755
77.08598
71.38596
62.19744
3.52192
85.81266
29.67318
16.75067
82.95910
18.32633
9.37857
90.79889
89.53536
71.69054
71.81041
43.98671
24.27728
27.28307
94.87811
75.55550
9.89498
95.11893
76.50987
85.91778
75.74125
29.40526
91.80077
47.14326
84.80618
98.79179
42.54362
57.78777
39.35071
62.95599
25.34656
93.58821
72.13366
37.11584
77.63320
6.18409
7.80912
37.51321
70.92559
93.79972
11.20422
64.70170
94.74819
30.80891
5.07152
37.34289
91.82650
97.58103
98.78663
86.39248
35.74586
21.90617
57.12857
62.57457
66.60767
54.48872
6.10034
41.65383
33.94190
85.58464
5.17098
8.18327
2.61613
13.06009
7.04483
52.35938
37.37322
19.64841
32.13056
43.10567
87.24796
48.21737
9.44168
19.41153
94.31765
21.73776
61.03053
72.70511
85.89474
30.03199
31.86096
71.05059
41.09218
47.74324
25.84369
18.21283
41.65538
7.77256
95.42007
66.11265
88.84338
54.59023
40.25629
46.55287
77.49857
3.74971
49.06576
29.45061
42.28122
67.99297
89.50395
14.18480
93.62085
95.19568
9.47499
31.81931
51.24707
13.88834
21.41938
42.79194
86.58126
23.95532
66.79726
40.73605
85.39257
46.98683
22.59035
73.47114
75.51771
34.11244
96.88633
15.99329
91.23312
34.73552
25.19290
88.66041
87.85283
43.32922
24.43465
37.70570
81.38659
91.81399
77.63195
16.59304
15.93662
82.59330
52.26780
57.21576
68.84995
1.55409
18.20108
35.22623
40.56160
86.52138
49.25420
50.71842
58.74633
49.73375
28.77445
19.49646
4.46448
46.40666
73.80456
2.27466
69.52253
21.58357
14.66643
85.82614
18.14883
99.19258
89.79406
61.36155
27.78856
23.52537
82.98527
46.84226
76.59434
27.18628
40.06738
68.88731
84.30813
79.81977
56.01380
53.68493
30.40624
93.87527
57.15146
21.85620
81.94858
73.50413
88.03316
11.94200
10.75244
21.40648
82.02727
40.09824
24.15414
59.96612
29.66898
60.57157
92.68045
83.37407
31.41823
71.26054
61.02276
6.24436
89.78696
69.02651
15.09778
79.68011
9.00948
37.21658
91.38938
45.88020
31.68083
0.75915
53.97876
0.39483
25.26271
89.78148
98.43984
54.60549
96.90621
12.82476
79.75730
92.18235
17.50177
90.84172
59.51672
94.30151
59.40029
30.48709
88.59646
17.83728
63.16568
23.71319
82.06422
48.62940
67.22411
52.44985
51.89183
51.52079
27.22204
94.33188
62.09681
27.40765
36.31041
35.63239
77.72476
42.61130
37.06798
92.30543
89.10609
2.42694
24.65065
48.98424
14.21033
6.19476
11.71971
92.60676
30.93302
67.06002
58.92272
69.32889
85.42859
64.36243
95.86630
83.31087
60.45890
26.59910
61.31648
16.05282
45.38482
1.99721
8.96808
34.89799
48.73156
97.21840
94.75986
41.95387
38.41128
80.73615
15.16890
65.57587
35.40507
43.30958
5.43930
93.64646
16.57835
87.16845
2.60787
96.19358
26.82810
72.64232
92.44317
11.88429
81.32024
44.83143
83.23781
46.72293
54.20084
89.59381
41.72890
75.67355
40.30327
50.15803
81.64054
14.96825
89.32553
50.98282
41.69204
45.48273
66.37321
38.15598
92.01112
18.91787
81.94787
6.01060
6.18470
72.05955
59.78869
42.74215
92.81290
62.13849
40.56380
7.93792
5.13453
25.21387
99.96545
67.08678
37.53580
25.22946
24.74758
54.37539
8.28211
6.43331
16.80685
59.59285
37.46726
14.05760
81.39390
23.07431
33.63434
73.40214
28.69995
10.86361
96.63624
2.18053
87.50357
90.06161
8.96702
38.46798
86.58840
55.05567
76.64326
8.24639
45.81070
42.99777
66.84179
3.43720
79.55634
82.30262
62.02971
80.59804
39.93752
4.30297
17.47392
73.01079
45.51115
61.66438
81.78162
34.68127
12.34960
59.24199
61.03718
64.04694
77.13921
1.92773
40.86931
8.83441
5.17564
18.73197
50.75129
20.60783
22.62795
41.43831
45.23249
90.07076
73.64415
70.69847
8.94539
79.64728
95.35260
6.08342
49.30496
69.92780
77.33168
55.07408
32.70769
83.24110
4.51378
46.63205
9.16233
67.97800
78.20727
3.46185
70.90936
99.72121
8.45281
32.30413
10.68643
2.27773
96.27803
95.62996
82.52294
8.69875
53.16271
68.22213
62.47278
76.24201
55.30847
84.06815
10.55158
35.49000
43.02117
52.17578
67.14550
69.74965
17.68111
91.11089
36.34297
18.36393
33.45612
77.12008
69.51317
9.97205
32.06387
33.38082
1.62969
41.56413
45.10452
96.59215
78.29828
58.69478
47.00514
57.43093
26.10680
56.37402
16.10720
46.23480
98.91278
23.79039
27.62483
62.38355
94.83578
73.87787
5.95619
5.92103
18.83939
0.81127
75.36311
7.92662
6.83662
33.47049
19.57028
80.32181
78.85624
30.97270
52.52188
13.08059
75.20910
47.04714
24.02202
62.46373
57.61658
63.54710
84.27668
3.74932
96.45421
90.92948
5.53119
30.88643
27.17178
63.31276
27.33433
24.65820
30.36240
85.45432
37.10788
26.10446
32.94355
28.58600
0.50083
73.24206
15.39762
4.96940
9.89702
50.83950
44.34355
8.65004
56.10847
79.17743
55.22805
1.45151
16.88999
30.51310
99.77956
83.27838
66.70053
31.18952
66.94599
41.03714
25.37627
96.46323
65.00506
95.30883
56.93408
59.43556
40.42410
37.84948
44.07558
6.47960
72.51357
12.18403
88.61292
29.58569
3.91620
78.14564
68.94645
10.69234
65.34528
93.95573
46.28890
42.53854
89.32613
23.85474
96.24414
77.83102
96.64394
2.61568
88.49529
48.48136
59.50341
84.40745
45.53791
58.00330
46.82260
69.33540
73.30987
69.27037
89.49317
29.18854
69.27048
7.48594
26.77754
54.91224
50.21394
63.18883
2.30161
23.06931
96.34773
73.84295
88.48750
14.34854
48.11488
91.53167
52.62695
18.89121
22.86861
6.28824
47.85420
93.16359
13.70759
96.48530
32.29066
41.63194
3.18937
79.30805
74.46812
47.10911
66.05423
87.16271
18.65129
43.96804
32.36988
6.33192
32.34918
2.53058
44.12079
36.62173
2.89752
88.97810
89.21321
71.94920
13.40397
18.58595
20.02763
66.57511
62.52184
27.11973
67.82163
44.76034
98.93407
38.23950
18.24724
27.76028
33.43209
94.25205
63.01817
63.25476
9.31900
67.29572
38.34291
99.60854
59.70555
89.02733
58.02109
30.17190
25.43463
11.96894
4.46328
12.22773
38.63456
81.60335
55.27063
2.31945
1.84123
52.13981
66.99551
79.94126
67.78518
48.37444
10.68071
90.90556
57.23810
99.53379
73.85399
44.90446
85.37491
97.10820
14.02821
16.91521
9.30378
52.99384
1.31217
97.97089
25.19204
64.49529
13.50155
15.74592
16.90364
62.63185
24.68222
8.04540
87.48190
8.67895
99.09872
14.57175
18.35283
67.04429
85.20932
52.91904
56.65398
12.36794
54.11961
34.70719
43.69716
38.30277
34.53767
64.28802
85.97425
1.88843
36.74497
80.44207
14.70809
41.84385
1.97805
85.48053
39.42241
88.73283
78.41919
95.95586
24.12405
91.49083
57.56839
27.72087
93.98114
61.64434
93.50357
6.98461
0.30152
47.18728
51.04374
5.91745
20.30320
34.87772
85.42815
49.52628
65.12513
84.34311
64.60504
5.93280
77.87096
26.95685
3.65437
21.91873
72.86541
93.31008
89.40705
60.78520
26.29078
91.80813
20.44347
89.66330
36.51071
44.02558
10.93368
5.97430
18.36969
74.31837
15.62607
91.48338
21.90527
33.14741
67.03376
16.48324
39.54892
4.92539
93.13852
82.69519
46.63338
31.53576
93.23690
69.38332
0.97553
18.56399
63.76769
16.90965
3.77219
76.76489
72.08321
59.81212
75.69206
75.36577
61.22018
91.13492
34.57306
29.50025
2.74263
93.09608
72.85009
2.21060
39.35035
20.25845
17.77603
63.88370
62.73974
33.75577
14.51876
33.83118
22.34819
58.13171
59.16117
6.39513
76.23483
11.73508
4.74945
87.48173
58.95208
38.72945
93.36618
76.43331
55.41628
61.37328
35.85823
48.41267
19.28728
37.75700
44.54798
97.99252
56.13339
38.37660
21.12768
54.45512
15.41118
38.48152
2.26934
60.15057
54.29188
10.01710
64.43119
68.07997
6.39791
40.18461
25.97818
46.12931
71.91440
71.23769
27.46470
73.98909
64.50056
39.87941
50.44152
17.73857
27.29380
4.95426
68.77472
23.56452
3.37093
97.98769
5.10338
87.21432
23.37679
31.42494
15.03040
6.55960
49.80799
6.47224
72.62163
79.96849
32.58744
23.89894
66.46554
2.87346
79.10635
7.30206
46.26514
93.95340
68.78646
74.44303
77.03219
55.95398
68.53075
33.22332
60.71067
50.90818
77.93608
76.10198
38.46391
67.72915
30.42321
73.81144
59.00242
28.62192
80.74250
72.00063
72.44341
85.73945
19.54492
21.49041
70.58865
15.40623
46.17189
17.50806
92.04699
31.74260
86.06783
31.54146
52.34115
5.68079
89.52289
42.50927
2.70806
84.22568
87.96482
62.54581
36.19101
8.75999
21.12584
69.75386
4.09334
52.03785
95.59787
61.34608
95.83794
77.19162
14.66278
99.85292
62.26651
43.42518
78.82176
36.17786
29.94304
84.96176
66.46274
6.74399
87.24718
76.43505
60.84104
59.03344
95.98023
54.26909
48.23235
12.70561
28.36366
84.68132
96.75009
48.51701
4.24379
41.08096
5.81368
16.53731
21.07559
30.48098
84.35997
46.63581
65.12971
83.46720
30.19770
52.03483
17.61041
16.45435
23.20669
25.48755
64.69125
98.21424
52.24609
75.32174
81.71621
65.60151
77.46100
92.44626
57.02409
88.61321
32.77497
5.23006
46.15541
13.46413
54.23628
38.09152
9.82992
43.75736
34.56141
43.75882
62.92953
37.53243
59.29567
63.85616
78.30630
32.56771
46.06366
22.14957
3.67056
47.83348
73.46629
27.47969
23.21101
52.69402
88.25996
17.35310
37.90240
41.44089
68.09917
34.34944
33.02476
85.93059
91.20091
29.05930
49.55042
29.63966
28.54117
45.34264
84.38328
96.39037
51.16953
5.12141
93.26778
1.71529
81.18203
18.73522
71.81474
90.60397
77.88818
80.58537
38.44606
26.90415
46.78404
91.09140
55.40873
47.44270
77.18393
18.90087
0.96864
76.87519
26.87255
93.24532
19.17424
27.10658
54.64154
9.20580
36.67064
46.48183
71.42862
64.83595
64.26184
8.90134
4.16397
63.77740
93.22236
73.09689
97.80172
59.12671
5.80764
1.47672
59.43997
13.87726
65.52380
93.41995
5.59543
34.07942
50.35144
97.23243
60.77111
4.81214
85.43297
26.60152
35.78659
14.81384
83.53417
77.38526
36.88074
73.82243
30.01520
9.83054
4.00651
45.07181
68.30244
17.74658
77.40072
29.12009
29.20323
54.75039
33.25895
90.77841
73.04842
90.48393
53.08274
56.37097
51.20475
6.43424
97.39440
87.96196
39.69462
96.38062
49.80108
28.73403
83.19555
78.75337
59.85280
40.12920
49.38834
78.45221
19.01299
11.14801
89.49239
14.27825
46.87069
21.53559
91.70353
30.20903
37.76203
12.08961
89.66479
83.02566
67.52570
72.54641
47.54440
11.38314
83.13715
28.04095
53.91208
99.48455
17.04704
33.88498
53.58231
2.93828
0.35388
42.53105
84.64743
77.12787
12.09402
39.55882
33.19770
15.06218
64.25916
91.69099
14.38322
96.84391
78.65366
44.58092
54.20735
93.55317
33.19348
21.19897
52.29616
28.55497
31.95263
78.87270
63.29276
30.95682
63.12515
80.91100
82.25654
73.76929
16.40133
62.01423
68.56547
87.76369
60.22893
89.18616
88.54745
44.47065
43.73829
1.66817
6.95414
83.86658
49.61297
96.30962
60.66184
62.37119
0.08994
7.14135
57.81773
11.69812
80.96966
87.99327
17.30886
14.31209
25.94264
60.62980
60.43594
0.12073
34.94953
88.78851
35.59609
49.21183
18.50435
20.70431
4.32053
98.10486
97.66103
37.50565
97.04089
5.91415
10.52417
41.72523
16.72577
48.39515
68.36157
86.46393
21.13646
66.67504
23.33620
63.53043
45.84928
97.68203
69.53650
55.68380
22.44914
28.25060
33.90418
22.02330
52.29218
75.76961
5.48222
75.14160
54.39559
63.61833
3.13836
32.55330
68.69618
74.79537
96.21557
73.44835
32.09847
38.52279
43.83844
67.46036
70.93626
17.62324
5.01941
18.39371
14.90835
49.81954
65.44520
1.94525
14.72311
37.56462
60.89257
59.14735
62.41420
62.56042
5.53714
25.72007
97.67423
64.40986
2.76075
68.79219
24.37166
40.30304
56.35899
30.99600
81.26236
63.28565
91.83143
54.80501
30.60553
60.81249
63.79408
14.76596
57.54877
44.40496
38.35593
8.98777
93.56225
90.94280
83.63584
28.29621
53.58263
46.58126
28.19479
13.35605
57.86631
69.41232
10.94675
82.55631
73.51162
67.00006
53.12497
94.81877
31.33743
26.57160
12.52108
1.56421
17.59571
65.61770
83.19887
71.51642
42.00434
74.21966
74.15620
71.74846
81.41857
94.28110
73.60420
21.38091
10.70745
75.00563
61.07865
35.73857
58.85002
95.29294
82.31099
11.76371
87.29252
62.54595
63.58832
85.93842
90.05772
10.86974
19.32072
18.38336
18.50782
76.22802
77.57471
86.33541
99.74118
71.74866
81.34831
43.09168
13.76375
50.25867
13.55074
55.03677
54.13018
68.73759
48.04667
16.44567
10.75118
92.78357
62.06755
87.55589
87.36340
37.28271
13.48642
64.15830
89.64270
86.36181
67.35537
30.90910
46.82848
92.35408
54.85524
46.48086
64.93407
69.87452
85.44416
0.31466
84.91169
86.72878
75.54582
67.12188
46.82751
90.09580
71.01652
87.15101
67.03039
60.56095
89.45974
43.69462
97.31511
52.13766
23.89585
46.30308
25.61481
95.56309
37.54956
2.74438
61.81246
18.95622
15.73911
7.35977
67.79610
5.52175
79.41658
4.67232
83.31778
26.58354
53.82974
85.22494
10.23074
61.76058
21.14413
21.53932
35.84696
14.30333
44.95620
1.69771
38.27880
82.32683
38.82270
62.65338
74.01111
79.09229
4.90523
70.54998
3.15655
50.49694
55.88124
82.56882
21.07203
33.82096
97.41357
50.37475
61.99820
31.72592
57.04499
68.16267
37.48634
91.36773
73.03874
9.02912
84.03002
21.61429
77.25583
16.88579
35.56116
13.59720
13.52645
45.05494
70.56653
40.53430
27.58727
64.56268
5.76102
17.42562
62.60575
7.16353
53.45449
80.43027
74.09181
86.09172
6.70014
52.85750
74.99125
68.19053
40.29664
23.07230
22.71523
67.29820
35.91554
0.77337
21.75991
9.92277
89.14927
63.93752
53.75677
13.53167
20.03015
49.77537
56.16803
49.14457
89.90666
54.62741
40.35802
11.51997
34.54616
22.15651
0.89152
25.83181
75.65716
82.64605
95.32201
23.42088
34.56374
41.97205
33.20494
34.05677
57.91056
62.36162
95.82650
82.77509
77.57291
69.43994
60.32766
3.19588
34.55196
27.25194
4.95752
80.87235
63.73137
38.23978
17.69626
29.88357
31.22274
18.81441
90.13431
32.62444
96.65262
4.13713
93.87877
25.37924
34.54033
91.54663
51.73489
0.58466
16.44579
25.29401
76.92083
37.80100
59.50431
37.66520
27.79037
3.06925
75.81969
69.43192
6.48215
30.09195
19.29331
34.25563
26.34475
54.49561
99.12043
57.68816
53.23662
27.42579
88.23884
29.29534
17.96243
49.09464
85.79301
13.20794
70.65553
88.78601
22.52252
85.34920
52.26595
37.63704
35.22419
32.94768
1.91905
47.40732
54.44762
74.05472
38.08124
19.89986
23.11492
38.04078
46.55765
36.16858
77.48511
91.94886
42.22501
12.78084
41.30005
8.49798
36.16695
37.39331
84.40706
62.44415
48.31403
11.89018
87.13975
93.73632
49.82437
60.15756
41.34769
86.20300
35.07945
34.37900
38.48948
35.14328
47.44053
49.29025
10.42662
12.78187
41.46280
49.55357
46.69247
31.32961
34.57257
59.21819
17.63781
37.42241
74.07969
9.05876
55.23399
39.36277
31.31822
91.87740
21.98322
68.73613
60.35466
40.35394
7.94793
27.28608
99.12017
88.74436
9.30532
65.31726
36.50567
8.35855
81.40945
92.44438
1.19762
5.72300
46.09231
54.60939
52.60143
45.05133
72.33838
20.15707
95.28833
72.80067
46.24016
7.06399
14.93574
50.23191
33.30745
59.71423
25.05082
42.50363
21.29918
94.46988
67.58045
41.64677
38.37607
1.49738
77.22764
43.17113
98.37322
8.08654
45.78628
92.79195
20.81462
71.29381
29.56693
63.86722
0.51697
65.38748
93.98993
70.65676
96.13934
16.99988
10.98032
63.12047
85.87143
48.96212
6.51192
31.58839
79.94719
40.03494
91.51169
75.16535
83.35444
74.28294
99.46392
30.85031
37.89711
57.45268
3.07282
46.72829
29.02114
43.81671
33.14646
19.77412
79.31504
54.95317
6.47903
95.02416
28.37684
0.35388
81.54221
16.25862
9.35904
82.29173
49.95278
15.75854
68.85046
85.16393
73.22593
5.16865
32.55567
3.11696
19.65179
36.21999
31.02897
15.60158
71.48474
66.13480
41.48074
8.29339
56.68547
94.33686
4.57956
85.89764
39.10634
12.81466
38.79744
24.13213
65.23250
92.47449
39.41602
36.83826
90.11073
39.74341
19.53873
79.11228
65.05352
95.71000
51.86810
61.38249
53.43533
8.36086
46.76476
92.73617
31.58776
16.54139
45.15697
35.27973
81.69668
39.93579
53.14706
24.13647
16.08750
14.31079
21.69608
24.73019
60.76595
66.40318
11.73838
47.67584
59.41937
8.81948
11.07797
84.41780
2.07708
84.51203
62.37151
76.87862
22.00976
57.78228
38.41287
26.77538
33.52100
55.47805
0.83310
65.21286
84.71922
61.26992
3.27178
78.73945
50.69110
59.90262
69.29547
2.03670
1.21162
80.13230
5.91554
64.52178
38.79496
58.08760
82.22388
13.46642
55.46699
44.96221
31.89693
69.50116
43.08795
73.07565
7.48913
7.50257
78.23358
49.40447
18.07750
9.35194
27.68129
87.94755
99.56069
51.78374
4.39083
53.76343
41.19279
15.30881
9.56902
42.29551
63.42386
55.69517
78.73846
41.15480
78.75510
91.64034
19.88733
26.91897
89.33221
11.44929
37.21893
81.17885
76.65469
22.64189
71.74270
1.10056
74.76179
45.00307
88.51660
70.50929
38.60652
13.09549
33.05904
22.32986
2.74442
41.81526
7.21513
2.72636
34.65638
87.62857
79.86889
27.02741
19.47796
4.43413
0.52927
78.83609
46.19813
37.86070
44.32665
86.21244
36.63048
18.16961
97.51042
22.49113
77.65537
55.14930
68.20943
6.23115
63.56395
23.28563
88.87175
96.37706
40.95883
90.46732
40.82587
95.56041
75.34806
86.15927
22.35370
92.64152
2.23448
10.96864
58.52435
15.86163
33.31518
4.96540
18.79806
28.41323
59.73704
4.32556
74.28166
58.74279
61.34380
73.16427
37.28860
89.78223
3.21438
53.90560
96.74036
47.37929
54.78838
5.67084
67.65471
1.56654
44.46092
76.44766
78.19498
26.12947
41.54187
83.16856
32.98154
28.19619
36.45042
37.80203
68.60171
97.09419
20.67295
7.43640
89.80192
98.35271
77.28787
82.15374
8.99362
56.18698
28.05772
82.45825
38.61695
18.18494
81.49239
13.56991
96.76756
1.90700
43.52070
85.79348
72.35255
97.39955
59.31674
20.39677
27.04712
88.81691
58.66236
95.12199
71.52089
38.34055
79.60467
47.23378
27.66167
20.69290
55.56910
9.47559
16.50741
82.81955
29.27557
67.94932
2.08051
53.60944
56.19301
64.74689
55.51056
76.76278
69.70229
60.11178
18.02424
43.97285
44.35810
15.37838
0.06577
99.70303
50.49476
35.20800
93.75908
10.27816
27.01961
60.28039
48.26372
67.23578
96.65355
2.13970
53.40662
72.85413
32.07537
11.94925
29.08906
34.48090
98.89931
18.90552
54.10414
67.50853
72.28922
1.35317
98.84962
83.34275
29.45042
19.38772
52.02158
27.64212
62.76831
76.83867
61.49188
70.08531
55.99296
42.57470
84.12192
34.58094
48.19536
82.57215
8.52757
80.46860
74.84422
13.61910
92.88086
27.10224
93.39168
17.80090
76.99705
49.31528
87.48002
78.80820
8.28702
16.68213
41.47301
47.59396
67.39777
94.45976
30.74383
29.68776
39.90257
65.96395
33.83535
93.05227
10.00023
86.08891
94.75343
76.74696
14.04444
65.70883
90.69399
31.17270
53.98707
31.70290
44.54372
15.87172
98.48241
0.61081
38.62974
80.66436
6.81932
28.85486
72.60844
77.18596
77.42544
34.46212
61.07440
8.22540
14.58621
48.61010
21.22655
46.95848
2.82145
36.61201
42.15309
12.94367
62.84784
36.26947
0.59710
33.19926
65.05156
86.12464
29.39382
64.02049
88.46789
46.39706
37.01553
45.18313
32.50298
62.77246
50.90852
99.10302
54.40872
81.27666
92.89159
69.93093
13.08351
93.63462
52.63444
58.40952
99.12588
80.30187
2.48309
28.72799
46.07994
32.94318
23.19083
59.98217
69.12415
86.83534
96.85843
84.33116
7.27045
57.26593
11.71946
40.86306
69.27762
64.16575
75.09464
48.43048
29.11016
39.51099
27.69675
87.70340
86.44278
51.72755
48.20788
94.72786
66.76906
93.55679
21.78783
24.99116
77.86764
15.81304
50.55190
3.53338
25.83857
66.54853
95.73415
91.49367
33.37928
95.08954
96.93126
80.60193
57.65732
34.73505
69.70567
73.92702
85.57085
17.30188
80.22527
17.56584
56.71835
47.98752
83.38766
43.41894
48.54273
5.95803
6.34162
71.37903
53.93208
20.68877
49.07258
76.20006
34.05688
51.15571
83.85314
15.94838
33.56824
79.48690
35.92298
88.83153
39.48364
68.56688
17.88138
10.60952
85.48162
6.71634
13.26622
21.94676
69.35875
13.71207
37.82368
47.88732
7.98639
60.96376
18.30442
6.61736
30.93997
68.50491
90.05407
93.39617
97.91632
48.89794
13.80254
49.73247
23.93708
51.87945
86.16509
55.76059
58.14834
79.07259
65.24238
63.47831
45.07172
63.96650
75.26057
35.59261
24.21467
94.39627
33.74506
85.34441
12.71544
29.40666
97.66346
63.72610
53.32402
44.75228
55.65661
65.38220
77.73830
89.01739
40.93544
41.90015
45.83174
85.54069
28.40983
19.37915
6.33225
77.34044
48.59696
17.32406
88.48648
99.41037
7.20229
56.25590
56.42923
97.04430
58.45243
26.59494
71.77885
94.81933
29.03087
9.75125
31.94642
99.72563
22.90904
97.54956
77.88284
24.17574
80.32884
68.53814
4.10453
46.65491
45.01801
50.94927
38.24111
26.37439
34.24716
84.00610
61.32241
78.27616
69.50118
32.10426
55.13102
50.05497
48.06195
45.61085
1.39038
53.60172
59.24204
80.95425
73.00798
45.83712
8.95104
21.79224
61.70222
52.27922
76.90054
4.43797
1.51436
34.58580
75.93743
79.39322
7.23218
46.54719
90.45274
72.54559
23.14996
45.55961
26.57720
90.79202
18.52209
90.98583
52.33946
94.14494
79.52230
98.44447
1.70438
17.17470
64.57426
31.13162
5.42864
76.41127
98.05289
70.06800
43.46003
56.66418
11.37075
56.19594
24.50283
60.11878
64.37767
77.62178
72.96707
20.96013
69.98354
23.45181
70.75534
54.70433
61.19221
28.98862
56.43856
72.44147
4.61862
49.17807
56.24740
47.55641
7.01913
32.24670
56.77052
35.76440
90.46324
97.34628
80.44057
18.61517
55.67884
87.64824
72.45492
14.32948
98.95794
7.63772
45.57126
35.50005
5.25451
86.31935
38.28613
17.31265
77.36356
52.15124
60.13067
56.42245
89.48534
53.88619
41.76433
75.41311
42.09036
82.04026
21.79519
84.18159
40.16633
87.08550
63.36021
29.30497
43.70777
39.39139
62.39164
89.84364
1.89970
58.08704
93.89104
18.02290
20.16240
27.61117
15.17849
14.29654
1.52355
41.06529
58.06392
56.06686
79.58318
41.23423
34.84815
27.41537
41.54139
90.62466
14.90893
54.12101
64.57426
49.09834
33.29298
9.32224
31.86089
26.52830
52.87084
3.34897
18.11226
62.42772
48.14161
16.60198
60.88938
32.01449
99.65674
95.82662
43.04968
0.34350
46.50814
64.21724
73.72496
34.69067
67.84508
63.55915
39.94111
76.72953
57.31821
52.92842
27.20290
90.94866
25.41438
23.49048
16.59468
13.84109
99.17327
87.60113
16.15218
64.40023
29.20041
0.76249
35.65256
33.08698
45.01944
85.29344
16.81077
44.22944
24.82464
74.99578
45.68066
73.28017
67.91523
16.11350
31.48152
12.84332
98.94869
24.42841
90.24124
65.29822
3.34805
61.96014
77.32695
35.72078
59.02773
29.23351
91.18069
30.63762
20.20047
17.27135
20.57482
60.60411
61.62473
60.00616
87.93761
75.43177
75.85945
27.80481
39.57644
74.64693
39.41676
62.29887
86.91080
33.38630
20.29977
62.46975
5.85863
64.64369
72.63267
83.51834
70.73272
51.40402
63.10458
18.44589
28.85002
66.47424
38.04152
99.74245
82.21949
48.31470
42.53330
16.69762
89.36264
53.19523
76.15539
89.55936
9.28995
64.43972
25.88433
12.89040
71.02035
3.74501
89.43483
36.31919
92.50794
5.60902
66.00842
94.38043
43.89044
6.97444
44.63650
52.41861
71.17273
81.06570
38.10135
59.14219
19.73044
3.52006
36.99567
33.58173
94.11873
26.22710
99.71889
11.80235
63.63094
13.71926
89.39532
54.15162
43.93966
8.61479
53.85350
4.81493
52.09609
67.61845
50.10759
30.17113
67.62464
60.89035
71.84550
88.49509
42.09805
79.94858
13.44960
23.05190
97.68790
44.41768
19.95797
18.97723
93.54721
3.45401
10.82962
70.20647
98.37064
73.39155
76.67691
4.13693
93.42590
47.51984
19.28157
81.54578
49.50282
94.18922
6.34806
64.54081
71.20687
70.42683
33.31229
47.37752
50.73642
20.36584
40.13313
74.93847
66.48520
2.68023
59.18552
87.58965
7.43075
20.18368
70.11372
9.16260
93.49844
35.93126
6.04645
4.26870
61.81441
53.10784
83.36474
65.01396
59.57998
1.94983
16.22039
32.55816
30.18833
47.52790
44.78465
6.58899
14.39206
5.78212
67.09365
30.80391
32.78825
92.85719
74.63012
44.60128
18.62738
45.51062
60.57837
12.03804
49.34548
30.91042
77.90645
9.80928
38.45918
70.06640
1.56743
12.48200
26.38891
62.67285
6.80977
93.76751
32.31156
33.35815
77.36769
20.71008
36.16977
30.08199
15.48888
42.46348
52.89474
91.54287
65.97484
15.76336
75.74821
56.29107
95.20438
66.74214
99.05690
8.83127
37.34398
43.18409
15.42953
56.25928
67.42491
28.79904
69.72706
85.67270
21.44131
81.38017
2.77547
56.29277
50.11660
96.17586
70.46504
13.19379
17.94960
63.14696
0.16115
19.86694
43.07934
58.35616
11.95782
59.23802
44.92467
17.14121
20.51430
53.00583
68.56366
16.92197
97.51039
20.70849
31.29581
41.22498
14.59299
14.00270
66.84119
91.69037
82.32142
96.10090
57.90379
93.57587
75.24890
56.35925
34.09555
6.61344
31.22708
41.03961
28.92642
34.98750
66.25660
88.67351
98.33995
25.90829
90.24395
53.76057
6.24321
77.69751
6.11191
16.39143
69.51882
59.90784
55.10309
62.20924
1.93954
52.08914
22.74715
35.77579
64.95267
73.88877
50.89176
65.81827
93.80625
2.27258
8.07378
81.79862
0.66433
15.87559
79.02709
32.04503
85.63791
0.01214
14.80131
55.77932
50.58788
89.41681
15.87643
66.74476
89.90123
27.17713
46.57499
45.82405
78.06059
7.12689
13.21128
54.59625
52.76748
56.23914
91.35414
52.78486
95.59936
68.34819
1.45742
51.66789
31.51325
70.61705
12.92218
69.02624
42.07227
93.87116
3.09134
22.44500
52.30085
6.11710
92.92384
93.97584
42.91085
17.71984
94.94988
6.76355
43.94474
2.97221
32.35474
24.06693
76.74986
8.69783
57.20811
16.44118
28.68472
49.14235
14.04868
95.19551
88.65646
13.55585
85.55627
43.52455
17.08116
13.66042
95.44382
70.59005
55.14517
36.96688
62.24882
73.12684
25.58487
10.13714
58.32006
63.15914
29.62701
4.25626
70.71579
2.80112
49.70752
40.88331
89.42244
90.54522
39.40637
41.67882
43.70251
10.41747
85.22578
95.12338
98.23848
55.81646
62.56601
67.83058
63.32156
2.27534
0.62129
52.18523
58.53984
39.18139
62.18609
1.17290
29.29332
72.52534
30.40086
78.99967
55.42077
17.76906
29.74212
54.85285
35.15176
99.92339
49.29836
65.19236
10.56470
61.11951
46.15523
35.20495
43.38112
12.13052
14.37564
39.74039
43.96341
37.91382
46.16490
64.76231
72.40446
28.28635
7.52230
90.23930
71.29182
78.98178
33.72906
65.42323
61.81451
14.16041
97.32440
2.64758
30.27323
97.02759
10.91221
10.10371
51.24240
95.25547
56.39436
77.58544
94.71357
71.26388
28.30288
53.80257
91.36992
57.11561
44.80524
1.17303
65.83968
30.16288
95.40914
98.60734
26.09029
74.62772
50.18000
49.92302
50.04926
79.25609
92.96236
99.34714
26.19569
68.19295
31.99908
0.47633
98.24307
82.00171
41.30170
11.94405
68.81359
23.58282
50.11981
78.28216
28.24941
61.81995
90.72801
0.45918
47.10007
86.90517
55.96282
60.24452
25.21040
43.56249
33.18408
58.69168
75.59761
94.86689
44.39147
36.08917
91.84809
10.81259
14.43509
84.21429
40.60601
44.49388
89.31258
54.75461
62.99080
45.10132
91.50969
19.27998
31.52978
36.28689
66.18543
53.39236
87.30036
22.18461
86.69429
74.84187
22.24834
82.99668
49.14919
37.00469
38.70729
37.11844
14.34040
45.89360
88.32975
15.83036
44.33501
60.08771
89.22000
36.32327
89.08968
15.84887
26.01174
9.43160
50.95096
89.91313
23.95501
11.77531
77.65718
3.72281
59.54443
3.72769
8.21043
61.86256
48.93794
51.03795
22.23357
62.63253
46.72224
91.26105
91.00326
73.08665
88.71355
51.34575
42.99462
65.11261
36.37403
62.78867
55.54123
75.45895
90.33731
57.91568
33.98197
23.41005
8.00286
77.42300
99.05561
32.26779
34.43734
10.60268
65.47010
46.24365
35.76792
99.12045
2.95388
59.20043
84.86179
36.95791
65.41288
59.28979
95.76725
41.23571
95.29517
90.91188
12.64813
73.46948
62.65508
17.07744
11.21135
12.09662
51.25370
48.06544
83.20631
1.39741
98.10118
20.83324
43.16533
34.96508
98.91049
44.32116
80.35672
1.39487
97.27179
47.62458
58.21449
16.77396
71.95536
67.60009
54.19599
25.32907
9.49623
88.26249
41.40904
27.95770
13.94167
47.82730
25.20047
95.12115
45.91127
10.06713
59.82543
21.66364
69.19062
29.78428
38.90486
19.24152
89.04907
73.84067
10.26589
78.23964
68.61329
18.38118
17.82860
56.56694
58.59996
23.95943
4.83051
16.23448
40.77740
52.32950
37.04427
10.77218
72.77906
42.06166
10.91538
58.06228
91.84923
97.59229
59.51038
44.59654
53.04272
52.94653
66.08205
19.65457
34.60281
96.15872
46.79812
48.92125
60.18827
5.58710
13.00060
68.62946
13.56978
28.99057
80.27778
60.51827
73.18190
19.88488
52.30886
82.14128
23.69042
73.51461
16.57307
37.42042
35.31607
39.09839
66.01695
33.95131
4.74021
28.02303
89.62514
6.90672
95.07759
69.13747
73.88208
50.10263
13.13022
58.45493
41.18164
51.61656
20.39625
35.63028
40.92269
10.60379
92.88756
49.19609
64.83127
72.45635
6.91856
37.78295
31.22079
1.44379
52.19813
54.71510
76.72538
61.69031
2.72066
49.79868
63.35503
26.96956
52.83761
42.06585
84.42834
31.28976
53.54690
62.48623
41.85251
94.24580
53.22623
69.34670
31.20296
70.03469
39.95066
33.81614
73.00245
89.85231
95.11283
40.62551
58.58907
31.05522
24.21848
34.12528
82.14541
62.35909
28.92100
32.76443
20.48715
36.59223
53.23488
28.30989
22.56487
15.38679
24.55773
36.13338
94.53611
74.27554
91.51485
83.24942
45.42066
84.82727
89.25168
64.89088
8.30490
39.72781
47.63888
59.03324
42.60367
58.94491
8.43492
72.49552
43.46230
42.92287
13.04246
49.76174
93.78782
60.55281
57.45788
90.36529
19.64573
47.78396
20.32254
55.28036
77.10363
76.12601
21.40562
64.86434
88.57821
61.62649
34.68356
11.50036
4.99853
84.81413
13.03773
47.89670
45.89920
49.72129
86.63176
33.41690
92.93379
87.44681
11.95659
59.89365
77.62761
61.48373
21.72488
35.61408
88.85086
9.04858
25.09084
27.39158
15.30236
33.47424
36.94520
75.63176
74.97824
58.94238
85.68202
85.21064
9.77564
59.71028
34.28944
46.20277
16.84502
40.35410
26.88172
89.79864
69.94027
51.93603
92.03934
88.52395
22.77466
39.66909
5.41520
44.52583
66.24992
23.00351
23.22252
44.99261
62.57245
20.26395
2.51936
43.12237
79.22973
68.87816
97.45149
98.60117
12.85702
36.16555
5.01319
42.51325
46.83840
31.54243
27.62317
41.13360
18.18736
96.17471
11.34348
74.00639
14.49715
95.89198
6.71498
79.53329
65.59465
3.04676
58.30238
83.40153
64.81873
75.50481
61.47065
80.88337
4.72608
78.75028
73.45951
54.57282
42.55766
67.69820
37.13595
51.72565
41.51784
65.54690
69.68528
16.47878
40.47316
77.20588
62.50163
74.02832
1.81240
12.29811
12.35552
86.47258
11.62842
64.02865
48.93408
24.95539
92.86940
23.34248
4.74725
40.39141
33.31265
1.92873
91.83584
42.59161
32.56149
0.41906
6.48339
89.23408
23.61341
42.98958
50.55250
18.30616
50.27113
24.18482
31.18411
52.71989
88.93935
96.19266
61.65658
85.84167
61.90397
62.53266
20.35327
65.48198
69.97801
10.00240
23.55716
28.20107
95.36558
67.44324
92.01664
46.20752
18.73808
72.90376
13.21527
2.09042
97.81190
5.92241
75.87224
3.72844
92.71954
45.76600
72.38344
83.13885
97.89445
37.29010
83.56441
69.81201
80.40281
1.93446
61.65520
7.16683
7.65839
19.91126
56.90398
83.76611
29.03145
31.90834
33.50895
25.45750
20.44931
35.25772
20.19924
81.63453
17.97281
86.28204
32.67639
56.26053
36.66614
7.12938
15.09334
25.80192
42.16012
54.85997
59.43902
23.48820
15.17742
36.91595
22.15529
37.32687
13.63167
83.08694
72.65594
2.57259
18.25966
91.42535
30.31558
29.55008
86.08763
44.25429
14.43923
97.21100
12.95973
63.33235
66.56280
52.83823
83.99510
2.36468
59.34194
30.99317
15.74397
35.55832
75.38878
51.90654
94.45841
85.45197
50.57312
17.68695
60.87365
45.45291
32.21121
10.72886
45.01520
60.57224
0.63973
2.70009
16.11671
79.07633
52.16702
31.26897
87.82299
66.02909
63.81329
28.22802
41.61524
66.25326
35.23923
39.37635
52.33094
27.65147
3.45545
11.18703
52.88296
70.68032
26.35679
71.52288
58.02148
93.82152
33.50497
84.13027
19.08756
4.96908
3.73109
31.88640
42.34014
91.27987
27.05757
1.29864
94.39895
65.61084
82.00849
47.41354
74.25450
85.69364
14.27158
48.46657
78.33435
82.88398
63.85428
60.81635
80.35840
67.48229
79.08417
52.55258
75.06194
41.62647
97.80541
62.51775
55.60895
35.16949
84.08026
42.90743
8.75563
2.16307
26.16087
91.67579
87.31756
8.73713
69.89386
6.39220
87.63178
26.43337
51.21901
24.97973
49.48027
84.77902
65.57575
41.02486
59.24680
8.78092
95.43551
5.93808
56.67050
5.47321
52.37748
0.98718
37.40016
4.00425
40.07940
91.73698
95.72372
4.47796
3.41775
58.05174
83.20524
6.47526
43.57585
69.38658
10.89591
43.64511
62.37094
13.49322
55.78012
20.76492
82.02709
9.51574
44.36843
5.31930
44.45081
99.63064
52.06490
19.91558
74.65793
28.33939
23.48773
53.84358
9.81357
38.39158
60.52889
47.71336
69.03148
80.86641
98.86279
29.76960
80.88512
68.79952
40.99162
8.63522
43.03853
61.84056
83.48444
11.26687
85.38282
56.84716
10.97141
9.92145
12.68763
36.40028
98.17543
58.18127
93.10990
32.11961
48.59746
17.21945
27.23685
14.62843
39.45734
77.89591
24.00851
83.93842
14.65945
62.89270
11.99781
16.85429
73.73125
57.98030
35.23006
20.44281
77.43600
34.21286
39.87318
55.85248
96.96217
53.54721
35.29017
66.02757
1.18879
20.35891
43.76887
8.19279
27.38041
48.46110
75.55364
21.92389
46.08547
17.12053
47.05640
75.32731
96.85656
11.62226
21.28974
51.38587
83.78526
44.00517
57.76458
72.10506
44.75071
17.16015
58.94439
56.41237
42.52873
81.87667
4.99386
33.34482
4.58371
98.13791
32.80404
7.47720
50.43693
61.15203
73.60911
62.18506
9.51476
68.34155
52.72687
49.14331
15.78521
58.22327
21.02256
15.08374
36.94152
80.54787
65.75774
88.07985
47.06339
16.75068
8.64658
89.57175
8.69102
45.01789
18.12756
24.40045
50.77561
42.00813
45.82420
98.23080
39.98198
50.14292
80.84749
15.95080
52.43982
92.43225
61.29279
7.34257
97.61598
67.81829
35.28940
3.84952
49.50155
62.82818
87.09327
25.60612
35.48587
34.76617
27.80221
3.76026
13.46554
97.17198
20.06259
20.39165
82.22878
83.89015
1.86899
56.19121
84.87917
39.71283
6.59629
13.19520
54.02114
43.87220
88.34535
54.21174
8.68951
9.53184
51.85011
47.83208
6.48901
7.60949
53.02491
40.55310
38.49239
35.68623
15.36468
69.85186
44.86476
68.52605
29.39333
50.75729
88.95116
91.24262
71.06242
60.52365
55.80608
66.24791
25.02772
42.71603
92.41167
26.59123
63.59800
89.03204
49.86996
16.13251
48.95519
45.93263
84.79697
21.67509
70.66465
74.36542
17.89568
96.19317
88.31544
5.41423
2.51608
67.91000
84.04577
77.40167
48.31555
90.10201
40.00893
98.15099
48.31306
50.79385
6.22548
57.91663
21.70617
98.63872
23.03027
23.09107
13.17659
0.30409
85.59574
15.76587
40.83418
26.18821
30.01280
36.91947
57.56662
78.82934
71.86311
82.68225
14.27367
25.68799
31.99970
64.46612
68.45829
2.56303
34.47430
76.78408
43.28750
51.91504
4.44003
25.99504
45.32504
75.71085
73.30581
19.08607
78.71915
54.07584
77.41852
90.40448
6.57097
43.62665
53.63324
7.46568
71.52221
68.61237
4.37485
72.16309
40.13868
52.24247
34.89742
77.21416
80.05392
74.63475
69.85983
13.04638
1.41115
86.10730
21.48764
66.66303
19.83998
67.64491
64.02669
37.96204
13.60129
36.66371
39.97410
9.47102
48.07370
50.94073
46.42651
91.81387
29.57979
10.63013
14.56682
42.62187
55.12213
76.50770
6.44246
31.01687
45.82233
93.73351
68.60863
4.27314
25.02241
37.50342
97.28097
56.85175
10.74872
49.52819
7.92307
37.17168
34.44756
77.62493
12.98748
11.84083
33.60164
69.59684
28.09269
93.44492
60.27251
52.14312
29.69766
38.24840
13.39542
34.84531
93.52487
26.35320
73.21457
93.33298
95.54217
48.60279
53.56320
0.23273
29.66254
23.27272
90.60965
45.82613
93.09253
77.98927
57.94391
63.60202
2.69018
23.50267
88.48435
72.07325
86.81093
41.19330
21.05239
40.49781
25.35544
15.33345
12.57685
87.40993
2.60753
53.59540
47.33378
16.35112
5.76622
13.50663
47.38821
40.34825
50.00831
6.68946
50.36754
69.68769
71.31673
25.81400
71.46462
56.72990
39.84314
19.78753
45.86373
25.24253
52.88847
23.96582
72.56495
35.15788
85.85206
66.19151
74.93686
57.38423
92.35266
33.18314
82.28447
39.15284
47.10054
0.75989
70.32408
12.09932
83.07661
67.43130
11.76341
61.23314
90.36643
45.45801
47.43171
52.18732
38.07090
25.02655
71.90705
2.66326
20.62358
80.53726
31.24723
95.42436
29.67704
2.35464
32.18653
74.51184
49.78209
10.53656
18.39293
67.92250
67.89472
34.10985
61.30184
88.24414
1.09934
42.62243
42.94018
75.62649
83.42469
71.46476
49.04578
95.37915
1.93089
86.81619
13.10410
42.18369
61.17158
23.13872
39.28690
16.89418
16.49196
53.18915
19.23810
55.22613
23.27937
70.50933
64.82587
50.70898
93.50772
93.62453
74.54998
11.56534
73.97541
84.54717
15.43184
82.84483
81.05643
69.56107
46.57914
57.37071
80.53146
47.84071
55.84078
33.77274
65.01678
71.91632
33.67312
12.58408
46.63226
82.24769
58.25319
47.49370
13.56735
50.73455
91.19881
13.61642
74.57526
77.49644
60.02095
55.22205
30.30506
97.71449
95.12310
80.44194
23.83369
10.82214
93.85993
44.61339
86.16387
65.09353
82.26823
28.10386
99.08852
32.94621
29.29396
46.67421
19.42217
46.80803
74.25900
30.11931
85.72352
31.69518
44.80894
30.74864
95.01687
87.87905
55.62630
14.06065
43.78700
45.40889
42.95658
56.99079
8.50205
72.41895
29.10794
18.00516
97.83482
45.27358
18.69650
29.79604
44.00412
54.10098
64.97282
47.81779
33.51277
90.47303
3.55567
42.74333
75.82839
29.81810
33.51619
74.93500
59.19163
68.83311
18.35348
64.46369
43.61315
59.61736
25.81099
82.59889
78.59286
25.06688
25.82660
41.11581
40.76211
86.37873
44.11918
75.26498
50.79358
67.68422
40.29727
34.13352
81.29218
6.24377
89.50793
94.96916
26.47197
46.97521
95.96592
8.41652
54.49499
72.52297
40.93890
17.74028
30.82905
31.57861
12.30665
56.68247
58.90720
82.66461
47.33559
60.22058
28.63337
55.96446
15.02187
60.75300
79.35303
0.69486
87.12819
10.13165
71.23708
92.11978
56.08352
61.76910
83.14709
7.79623
7.95931
67.51359
24.11485
86.86614
38.32642
62.05765
64.78719
5.02288
25.93617
42.51901
51.44729
21.08471
90.52321
0.59108
39.14150
28.63881
62.99700
90.87590
93.01322
16.41090
96.76094
88.20523
71.33343
20.93611
0.65630
30.41958
83.73445
13.11460
73.63703
77.78704
99.17363
7.95412
10.26860
81.14567
73.58152
66.37181
75.27476
46.15898
93.73229
83.18943
82.46704
29.20286
62.92767
94.69739
59.89894
3.96424
6.01259
59.40524
87.19817
27.94958
43.40338
67.66496
63.48132
99.71266
95.63676
35.32992
9.65682
48.19100
14.56991
77.21615
98.39626
6.40766
79.15234
35.76215
43.34266
43.37618
60.58492
93.70536
38.90075
10.41973
36.05710
62.40558
87.99585
38.31461
89.70724
45.86359
10.00074
68.41576
3.70856
57.93913
74.34857
94.54307
56.17858
7.43127
30.43670
90.61750
22.53509
65.89505
6.45406
65.57422
21.26374
72.94419
58.73606
35.10901
53.52394
5.11353
66.33119
65.30714
32.23062
49.16877
94.20671
85.40401
75.33565
68.54436
11.26787
40.30285
79.35878
11.36901
2.33568
68.40746
67.72334
57.52791
58.49032
38.15063
31.71496
80.49044
99.32999
95.46027
33.45798
10.04606
42.45268
70.53853
2.39618
34.43458
94.24462
13.17284
54.49646
37.78097
98.33837
31.24052
67.60978
12.33714
32.59069
45.38113
68.22768
13.80087
9.53021
95.35527
95.95363
40.52522
64.80428
54.69479
55.48463
93.14161
66.18229
96.55879
96.38013
42.75020
18.05369
32.45955
66.35241
78.84474
15.82015
63.38137
26.19828
48.62631
9.42068
3.01415
6.16558
74.61566
52.41400
91.98792
90.49691
36.72055
68.88303
46.93568
22.44572
95.35618
30.54610
71.56255
60.05403
2.98307
84.27250
53.68578
29.97419
30.43834
45.46231
52.68767
84.94501
76.93393
74.32832
65.07226
95.75072
28.21155
65.08900
50.49137
33.85019
49.16845
55.24551
65.80953
88.84521
45.28103
44.81248
93.98486
65.29838
35.11567
59.85413
10.30014
93.38934
58.31160
43.74209
55.22204
38.13350
36.39771
31.27277
57.08415
32.43629
16.01822
94.93954
34.89770
82.46702
99.78067
62.80157
53.02107
78.41733
68.08255
85.46677
60.81068
73.78604
92.90057
1.57592
45.19231
37.65024
14.70991
6.51781
7.75249
65.52143
29.72157
60.62794
5.40902
43.70771
76.54931
13.95609
18.15886
72.47671
71.73455
97.38621
22.02961
20.24512
31.05677
40.54298
59.35744
17.36220
45.23988
75.39702
16.11324
7.76374
74.42205
94.04149
44.61037
16.42065
28.57605
94.59848
31.43287
99.63716
81.38804
78.58106
86.31923
92.23171
56.82661
45.41726
43.18843
72.98704
78.05796
14.35599
50.80000
61.41031
0.11542
37.98076
40.94318
13.98501
29.54783
46.86878
59.52234
85.26952
54.03431
9.46691
61.82517
37.88973
24.33485
49.67076
59.01046
41.88764
91.86880
41.66252
43.93244
91.94890
47.63818
52.64204
60.09830
21.11455
32.11924
71.11151
78.83111
13.61737
72.44461
46.89302
63.36783
4.37297
66.12086
10.74318
9.05263
25.53448
18.67444
66.45465
8.81924
80.23992
43.71015
6.21383
66.03742
68.47329
69.37940
99.36756
70.95996
47.45556
79.14985
88.38242
66.53404
60.62992
50.89719
69.23595
53.74553
37.29209
14.55127
27.54786
75.14036
26.22745
77.32656
69.09737
43.68670
9.24706
79.81330
32.97065
98.50017
78.67929
2.60530
32.00255
16.51874
32.42948
42.37760
90.07229
44.31957
41.99257
38.69206
13.12321
12.14795
2.30970
37.58056
9.20489
18.57275
43.07745
98.42518
83.60314
62.89288
99.73597
50.39202
30.71818
35.43212
83.70436
68.77921
41.87866
37.86481
21.64629
49.50942
89.91786
19.67389
7.50676
44.20316
77.05637
64.55838
59.57730
6.11544
96.18426
40.66981
34.79631
85.88367
8.55991
7.05336
31.71167
33.67074
98.26949
92.60974
59.79191
97.99182
92.97617
4.83009
20.94156
23.63487
90.89361
7.53862
61.75434
55.64738
5.77814
6.19659
87.92157
7.29703
11.83188
62.74244
31.15343
34.98165
52.10299
79.52356
2.09313
20.73660
84.76192
52.88341
4.89931
79.64955
1.52430
23.18506
16.64613
57.49553
6.95777
11.17316
40.58350
72.81690
79.55137
62.10851
64.25936
99.43351
85.02929
74.12254
9.11273
88.37623
65.84026
43.18671
26.85919
99.98788
4.72306
87.31811
62.64995
97.88493
88.91686
82.66967
62.66910
67.72604
32.96670
2.08392
8.40260
88.52659
80.52177
47.85316
28.31857
17.08895
86.50235
46.21789
75.92684
93.04780
8.44507
86.65091
81.90422
39.61518
57.07853
41.03942
20.10636
18.12329
56.99600
73.10734
63.84237
73.92501
50.42942
70.24647
37.14120
35.55009
65.17989
17.13325
47.69512
33.56253
70.00123
70.41615
0.28592
27.23148
40.75413
66.69666
51.74268
89.37729
6.80215
37.59695
50.01497
57.38556
76.70196
19.34991
48.63306
38.36251
46.24345
16.65299
62.68668
95.14449
45.43825
20.59810
6.99601
91.06677
22.63752
31.48022
31.00775
97.60136
96.28985
10.89042
16.99964
70.56958
40.92226
7.20284
5.04209
81.59533
73.05102
96.03235
7.11453
2.72873
56.81425
12.39013
93.79698
7.48392
77.21511
15.30797
8.38608
68.10203
79.28509
74.95005
32.78474
91.36223
35.07760
56.32543
76.75486
12.86235
21.73849
78.37909
91.21747
55.97386
86.97708
15.29552
56.22652
36.62238
60.90579
81.37060
59.56097
28.50986
15.51440
70.08102
21.62197
0.84986
26.32048
46.66756
45.49788
37.65775
42.72051
67.30074
79.38204
50.93699
77.78529
39.70870
65.75496
37.94820
51.67409
76.45242
0.23553
85.00915
81.81093
12.06541
50.05338
69.64591
52.64740
68.94258
26.64676
3.92469
59.92781
99.19681
33.35884
6.75162
46.46484
13.36615
27.39274
85.08809
73.22345
98.32835
58.37771
91.36825
7.03247
63.18912
27.21201
86.34243
79.38351
51.47459
90.57097
4.30771
45.36126
78.29093
76.26578
95.99346
35.46966
84.51909
38.28252
83.82437
28.29051
79.18274
18.82415
12.18637
95.61775
23.45632
86.15852
57.44014
91.68703
16.16069
79.66266
16.20100
14.81887
71.00815
3.08194
89.32651
86.51150
46.25189
88.00924
93.54279
6.24473
62.10949
32.90669
58.90380
30.34997
2.09840
27.99565
36.95854
44.58715
71.51082
64.27724
15.36012
65.02597
94.26292
9.38899
13.48280
22.18773
56.75747
80.48657
47.75005
39.45937
38.10132
17.71264
19.53843
95.24969
18.45636
75.02620
41.29319
45.35066
96.41564
41.74076
32.90933
23.78937
92.66375
40.97487
80.10338
70.83770
46.21132
38.25912
55.66283
21.28819
46.91698
33.52728
15.02847
34.61812
3.53115
13.52233
13.39716
62.27208
90.58102
49.83977
91.20505
4.32294
46.20810
44.68173
83.19419
28.32543
80.00237
58.57715
98.17111
2.56188
80.41332
16.28012
71.86632
2.69831
65.39919
50.55537
70.72164
71.46146
99.98054
40.12443
54.76094
89.46891
83.69060
7.25654
35.02481
55.13206
48.82459
30.31492
6.75787
70.93883
8.70021
27.65951
27.74035
22.78232
9.08019
70.84957
5.98408
87.63698
1.69470
73.33449
13.41530
3.92490
28.08043
97.41150
7.69977
85.69448
24.10650
70.52377
80.96415
75.64202
14.13565
30.07043
44.97933
2.98201
46.04052
76.24473
45.82903
33.95982
30.29187
14.38315
39.57325
31.04673
47.74783
57.02963
46.91485
74.74232
52.60489
99.34674
20.61874
88.17213
39.26920
52.11848
88.85686
3.03662
15.23188
21.29874
96.99372
85.06593
64.83008
28.29481
7.51183
27.85974
92.80112
99.51364
96.83763
57.35568
65.81573
90.94775
97.59373
58.89499
63.14643
84.49877
99.48667
58.70888
45.94874
81.73498
55.31365
78.21994
4.53192
1.44417
0.82158
49.72774
75.89774
70.48007
62.57744
20.02879
54.37532
84.06397
30.05885
71.71332
23.60175
92.22558
91.57503
7.59934
13.84006
53.96357
33.96259
33.91114
13.23217
12.34490
73.91898
12.76420
53.68235
74.73563
26.15737
13.22969
92.79339
16.78837
43.90328
89.78300
14.12741
79.78103
84.27668
51.54238
67.23582
1.71724
70.80203
63.07141
17.22249
57.53062
63.71224
57.18517
97.44657
34.35670
48.75082
72.05271
38.43190
61.70400
40.13265
44.46170
58.05816
61.90167
17.71706
16.42636
99.01690
14.52150
79.05539
80.25807
17.05920
68.10304
2.43079
9.84320
26.87627
79.52224
77.21303
89.42814
48.18734
63.43144
75.95622
17.97903
25.62528
30.86770
62.26549
28.77535
28.72090
89.08016
94.98613
16.87133
93.28400
91.96802
9.86274
72.95892
74.09542
4.45550
51.12707
84.26876
17.40821
16.33319
11.11962
54.56952
69.11299
28.39954
88.97104
48.94497
18.89420
14.53800
66.41155
7.47530
13.38097
56.50008
20.13290
6.27052
10.37889
42.07168
29.58476
65.72076
7.96208
10.42080
14.65599
39.71138
67.22741
79.92069
69.26348
66.82158
99.86712
39.59732
8.59293
20.47730
93.78069
32.22305
14.17777
67.66358
93.21634
72.02086
20.05503
62.36153
49.40010
24.15626
96.85666
79.42706
81.89074
11.86561
36.56568
45.11461
16.73445
12.34841
3.68718
80.16231
54.98929
15.80402
93.31391
73.68734
19.82534
25.63529
86.73332
82.65958
15.88169
67.38778
95.18334
31.70701
23.31737
79.28905
88.54756
26.31224
62.01804
68.18739
41.24098
52.90905
58.54071
18.03550
64.06596
76.17409
59.41827
31.73122
62.17157
65.32635
39.45175
12.86907
82.69664
28.13193
36.42084
18.92844
9.58806
61.33344
86.58386
6.29954
97.43520
24.89280
39.29323
53.39499
87.38948
98.37339
83.27158
28.20845
25.72608
75.70369
84.63350
2.47450
66.99279
29.25666
20.02458
36.44849
47.26627
91.25355
5.15400
16.14007
53.05148
79.64786
54.74743
43.57624
13.93278
48.34286
99.09181
96.82051
65.38080
56.10779
8.21682
21.19722
36.91019
75.11881
86.84027
97.35934
6.48544
0.48987
5.80561
82.84245
61.95582
50.78397
83.79355
13.86484
90.04255
99.49891
65.50495
60.82901
65.44229
32.17596
34.20200
40.49584
27.87786
23.57475
0.81743
53.12075
61.18133
49.60307
3.39483
29.17509
21.31637
96.26138
95.29524
62.75965
73.36205
96.71958
18.59381
52.58405
96.57008
23.20936
9.32052
67.13028
52.84659
88.19867
7.05482
83.30589
68.03561
94.66060
36.90720
55.06328
13.37739
50.66039
84.33256
51.86567
62.38609
23.94599
64.98471
66.82029
49.62280
22.34420
29.10246
10.09717
38.13207
38.09618
16.78237
41.31747
43.31713
78.98878
0.15325
28.16658
17.58798
16.35562
16.60524
96.14324
61.94676
0.09281
87.75349
22.23799
25.52889
97.30837
90.03407
91.19116
53.11585
61.57554
67.01365
39.98378
55.86436
2.96949
92.43374
14.23949
99.16372
19.68613
29.43216
86.85045
53.77695
56.59852
90.22426
55.15013
6.70411
78.31115
99.78533
28.08047
14.01512
37.63575
20.19240
65.13420
12.22551
95.97119
0.55008
61.29960
62.24788
60.07698
96.02292
99.80156
33.36167
88.69291
85.34744
11.72162
3.40041
9.83081
29.39058
36.94810
79.99921
12.09152
14.14179
40.66168
66.95939
53.95407
40.38356
80.47001
72.69999
52.06620
85.86570
71.45695
4.72478
12.80716
39.72106
13.25699
23.67351
8.10525
47.71463
6.21854
79.90783
45.40627
9.50659
30.42777
44.23977
75.76080
9.33451
84.39944
7.59726
21.23977
85.14111
48.75489
71.56524
74.00676
79.58760
56.38989
32.02262
93.22318
27.51501
47.83686
0.46450
30.00381
38.71839
4.80207
16.67864
94.21820
81.69435
22.04071
56.48323
43.98435
34.50818
47.56552
7.21478
34.07028
80.90551
21.91236
2.38793
7.01185
32.73912
78.90459
92.42904
55.04032
13.95116
7.51529
36.29683
65.49073
40.46935
61.79319
71.53774
11.19015
20.75189
87.71767
8.06942
25.92502
79.85624
29.08093
59.60238
41.88004
86.51372
20.52260
89.08883
57.66097
12.75175
25.17873
51.44985
26.04440
19.60184
97.06645
91.84628
82.48008
74.22913
71.39260
14.09144
78.50465
98.67582
9.92757
55.22207
20.45310
57.27404
77.13788
73.26896
51.27485
63.61851
17.13743
80.61980
88.07998
78.14345
51.41403
75.86178
84.53449
14.18377
45.99713
2.99230
32.79314
48.40019
48.11629
44.50489
24.26940
3.58799
26.02340
54.00705
31.18289
38.20300
30.99592
18.78242
43.67346
12.24528
77.23365
26.03621
98.51684
68.49343
5.23324
60.22687
1.44698
71.71050
16.35588
42.55086
11.28230
31.83924
22.85186
1.19187
39.61816
14.68232
72.84514
47.52254
81.42549
35.69642
73.56044
16.82469
97.77271
4.83340
58.73837
25.29030
13.32424
85.60691
24.88251
32.10142
54.72259
58.79464
88.80182
52.18096
93.91012
99.72223
23.55577
50.61943
36.49332
22.02179
88.45789
48.57258
12.42471
34.92031
69.50431
51.34709
55.98761
76.76600
40.00373
51.38624
21.37859
78.56712
35.13923
43.74112
69.41021
88.09749
12.30195
7.69429
3.70819
47.87575
65.40036
62.25333
98.98690
38.31619
31.58915
76.46097
33.99642
12.31507
39.05828
19.03770
47.77718
12.27993
0.35353
89.48468
57.21454
28.58876
75.88937
21.35205
98.36024
35.59125
80.70279
53.60876
69.34030
36.38966
1.03403
2.35349
77.92135
30.20680
56.36052
57.07808
20.47548
16.77774
67.61783
24.81452
95.17260
15.40022
32.65037
24.82344
63.03018
13.79445
48.57682
13.88304
10.85237
56.50175
93.80079
1.27245
86.24776
57.70534
37.07674
50.66921
57.89089
4.69089
36.65560
41.79894
19.72627
38.40044
92.20477
52.00513
90.47899
10.96212
39.29294
47.28918
41.13950
3.77242
23.70032
36.61397
73.68888
98.31729
13.58964
55.72642
17.54279
89.03509
24.48866
21.05837
60.99077
82.30263
56.06163
96.43478
61.48420
9.11850
69.30826
83.61205
52.65690
23.17167
91.19143
24.90905
77.03133
50.72493
36.55426
47.59529
89.22574
77.27357
27.75306
55.32786
59.59070
8.38693
70.23945
3.46941
97.91650
67.35354
39.39614
36.92827
8.24110
6.69178
80.32979
31.45903
61.06870
75.48893
11.74674
41.98791
47.03682
79.92993
77.30062
84.53875
53.92561
49.45252
74.64076
11.21335
48.39951
72.67945
91.39898
57.13612
10.80354
68.01792
47.14876
63.43041
67.73181
67.00681
67.25735
20.24223
59.84094
63.22372
53.03940
36.49510
6.01848
74.65327
75.01144
48.35630
31.39200
90.68138
11.74606
7.00315
21.92225
85.57436
26.99664
15.96945
60.16141
80.11882
59.05820
69.76876
31.04682
86.19751
33.60759
69.76026
24.29882
17.29240
96.37769
7.40134
66.42449
28.20123
15.73689
20.87232
8.13280
37.17720
15.62427
49.26799
41.63334
49.06622
59.64318
49.01476
4.42799
46.93565
13.03500
21.81284
0.09855
92.69794
5.55301
5.39313
80.42982
39.05458
95.56589
44.69608
40.56616
69.56267
38.73691
71.38489
54.75874
76.82745
7.25928
94.62432
23.36700
90.93508
82.17048
71.11555
85.56515
46.13853
97.41434
5.11751
54.84897
61.47436
98.94427
86.38182
64.72470
47.04495
89.01463
51.80419
92.28836
52.60730
17.42369
69.89412
26.26011
36.66135
13.87829
60.63678
53.64884
63.61646
60.92289
67.93164
69.49790
90.65545
77.30064
46.25207
31.44045
42.17859
26.33132
5.00647
46.44596
47.32538
36.47519
21.07812
88.88740
47.10669
59.55362
66.51986
12.58885
43.40430
45.72109
66.08962
22.66187
93.03467
77.47398
76.71096
9.07534
54.52179
55.88446
36.02159
93.54462
35.03039
90.01277
19.62490
