80.58627
30.58627
43.08627
93.08627
68.08627
18.08627
24.33627
74.33627
99.33627
49.33627
36.83627
86.83627
61.83627
11.83627
8.71127
58.71127
83.71127
33.71127
46.21127
96.21127
71.21127
21.21127
14.96127
64.96127
89.96127
39.96127
27.46127
77.46127
52.46127
2.46127
1.68002
51.68002
76.68002
26.68002
39.18002
89.18002
64.18002
14.18002
20.43002
70.43002
95.43002
45.43002
32.93002
82.93002
57.93002
7.93002
11.05502
61.05502
86.05502
36.05502
48.55502
98.55502
73.55502
23.55502
17.30502
67.30502
92.30502
42.30502
29.80502
79.80502
54.80502
4.80502
3.24252
53.24252
78.24252
28.24252
40.74252
90.74252
65.74252
15.74252
21.99252
71.99252
96.99252
46.99252
34.49252
84.49252
59.49252
9.49252
6.36752
56.36752
81.36752
31.36752
43.86752
93.86752
68.86752
18.86752
12.61752
62.61752
87.61752
37.61752
25.11752
75.11752
50.11752
0.11752
0.16634
50.16634
75.16634
25.16634
37.66634
87.66634
62.66634
12.66634
18.91634
68.91634
93.91634
43.91634
31.41634
81.41634
56.41634
6.41634
9.54134
59.54134
84.54134
34.54134
47.04134
97.04134
72.04134
22.04134
15.79134
65.79134
90.79134
40.79134
28.29134
78.29134
53.29134
3.29134
4.85384
54.85384
79.85384
29.85384
42.35384
92.35384
67.35384
17.35384
23.60384
73.60384
98.60384
48.60384
36.10384
86.10384
61.10384
11.10384
7.97884
57.97884
82.97884
32.97884
45.47884
95.47884
70.47884
20.47884
14.22884
64.22884
89.22884
39.22884
26.72884
76.72884
51.72884
1.72884
2.51009
52.51009
77.51009
27.51009
40.01009
90.01009
65.01009
15.01009
21.26009
71.26009
96.26009
46.26009
33.76009
83.76009
58.76009
8.76009
11.88509
61.88509
86.88509
36.88509
49.38509
99.38509
74.38509
24.38509
18.13509
68.13509
93.13509
43.13509
30.63509
80.63509
55.63509
5.63509
4.07259
54.07259
79.07259
29.07259
41.57259
91.57259
66.57259
16.57259
22.82259
72.82259
97.82259
47.82259
35.32259
85.32259
60.32259
10.32259
7.19759
57.19759
82.19759
32.19759
44.69759
94.69759
69.69759
19.69759
13.44759
63.44759
88.44759
38.44759
25.94759
75.94759
50.94759
0.94759
1.33822
51.33822
76.33822
26.33822
38.83822
88.83822
63.83822
13.83822
20.08822
70.08822
95.08822
45.08822
32.58822
82.58822
57.58822
7.58822
10.71322
60.71322
85.71322
35.71322
48.21322
98.21322
73.21322
23.21322
16.96322
66.96322
91.96322
41.96322
29.46322
79.46322
54.46322
4.46322
6.02572
56.02572
81.02572
31.02572
43.52572
93.52572
68.52572
18.52572
24.77572
74.77572
99.77572
49.77572
37.27572
87.27572
62.27572
12.27572
9.15072
59.15072
84.15072
34.15072
46.65072
96.65072
71.65072
21.65072
15.40072
65.40072
90.40072
40.40072
27.90072
77.90072
52.90072
2.90072
2.11947
52.11947
77.11947
27.11947
39.61947
89.61947
64.61947
14.61947
20.86947
70.86947
95.86947
45.86947
33.36947
83.36947
58.36947
8.36947
11.49447
61.49447
86.49447
36.49447
48.99447
98.99447
73.99447
23.99447
17.74447
67.74447
92.74447
42.74447
30.24447
80.24447
55.24447
5.24447
3.68197
53.68197
78.68197
28.68197
41.18197
91.18197
66.18197
16.18197
22.43197
72.43197
97.43197
47.43197
34.93197
84.93197
59.93197
9.93197
6.80697
56.80697
81.80697
31.80697
44.30697
94.30697
69.30697
19.30697
13.05697
63.05697
88.05697
38.05697
25.55697
75.55697
50.55697
0.55697
0.75228
50.75228
75.75228
25.75228
38.25228
88.25228
63.25228
13.25228
19.50228
69.50228
94.50228
44.50228
32.00228
82.00228
57.00228
7.00228
10.12728
60.12728
85.12728
35.12728
47.62728
97.62728
72.62728
22.62728
16.37728
66.37728
91.37728
41.37728
28.87728
78.87728
53.87728
3.87728
5.43978
55.43978
80.43978
30.43978
42.93978
92.93978
67.93978
17.93978
24.18978
74.18978
99.18978
49.18978
36.68978
86.68978
61.68978
11.68978
8.56478
58.56478
83.56478
33.56478
46.06478
96.06478
71.06478
21.06478
14.81478
64.81478
89.81478
39.81478
27.31478
77.31478
52.31478
2.31478
3.09603
53.09603
78.09603
28.09603
40.59603
90.59603
65.59603
15.59603
21.84603
71.84603
96.84603
46.84603
34.34603
84.34603
59.34603
9.34603
12.47103
62.47103
87.47103
37.47103
49.97103
99.97103
74.97103
24.97103
18.72103
68.72103
93.72103
43.72103
31.22103
81.22103
56.22103
6.22103
4.65853
54.65853
79.65853
29.65853
42.15853
92.15853
67.15853
17.15853
23.40853
73.40853
98.40853
48.40853
35.90853
85.90853
60.90853
10.90853
7.78353
57.78353
82.78353
32.78353
45.28353
95.28353
70.28353
20.28353
14.03353
64.03353
89.03353
39.03353
26.53353
76.53353
51.53353
1.53353
1.14291
51.14291
76.14291
26.14291
38.64291
88.64291
63.64291
13.64291
19.89291
69.89291
94.89291
44.89291
32.39291
82.39291
57.39291
7.39291
10.51791
60.51791
85.51791
35.51791
48.01791
98.01791
73.01791
23.01791
16.76791
66.76791
91.76791
41.76791
29.26791
79.26791
54.26791
4.26791
5.83041
55.83041
80.83041
30.83041
43.33041
93.33041
68.33041
18.33041
24.58041
74.58041
99.58041
49.58041
37.08041
87.08041
62.08041
12.08041
8.95541
58.95541
83.95541
33.95541
46.45541
96.45541
71.45541
21.45541
15.20541
65.20541
90.20541
40.20541
27.70541
77.70541
52.70541
2.70541
1.92416
51.92416
76.92416
26.92416
39.42416
89.42416
64.42416
14.42416
20.67416
70.67416
95.67416
45.67416
33.17416
83.17416
58.17416
8.17416
11.29916
61.29916
86.29916
36.29916
48.79916
98.79916
73.79916
23.79916
17.54916
67.54916
92.54916
42.54916
30.04916
80.04916
55.04916
5.04916
3.48666
53.48666
78.48666
28.48666
40.98666
90.98666
65.98666
15.98666
22.23666
72.23666
97.23666
47.23666
34.73666
84.73666
59.73666
9.73666
6.61166
56.61166
81.61166
31.61166
44.11166
94.11166
69.11166
19.11166
12.86166
62.86166
87.86166
37.86166
25.36166
75.36166
50.36166
0.36166
0.26400
50.26400
75.26400
25.26400
37.76400
87.76400
62.76400
12.76400
19.01400
69.01400
94.01400
44.01400
31.51400
81.51400
56.51400
6.51400
9.63900
59.63900
84.63900
34.63900
47.13900
97.13900
72.13900
22.13900
15.88900
65.88900
90.88900
40.88900
28.38900
78.38900
53.38900
3.38900
4.95150
54.95150
79.95150
29.95150
42.45150
92.45150
67.45150
17.45150
23.70150
73.70150
98.70150
48.70150
36.20150
86.20150
61.20150
11.20150
8.07650
58.07650
83.07650
33.07650
45.57650
95.57650
70.57650
20.57650
14.32650
64.32650
89.32650
39.32650
26.82650
76.82650
51.82650
1.82650
2.60775
52.60775
77.60775
27.60775
40.10775
90.10775
65.10775
15.10775
21.35775
71.35775
96.35775
46.35775
33.85775
83.85775
58.85775
8.85775
11.98275
61.98275
86.98275
36.98275
49.48275
99.48275
74.48275
24.48275
18.23275
68.23275
93.23275
43.23275
30.73275
80.73275
55.73275
5.73275
4.17025
54.17025
79.17025
29.17025
41.67025
91.67025
66.67025
16.67025
22.92025
72.92025
97.92025
47.92025
35.42025
85.42025
60.42025
10.42025
7.29525
57.29525
82.29525
32.29525
44.79525
94.79525
69.79525
19.79525
13.54525
63.54525
88.54525
38.54525
26.04525
76.04525
51.04525
1.04525
1.43588
51.43588
76.43588
26.43588
38.93588
88.93588
63.93588
13.93588
20.18588
70.18588
95.18588
45.18588
32.68588
82.68588
57.68588
7.68588
10.81088
60.81088
85.81088
35.81088
48.31088
98.31088
73.31088
23.31088
17.06088
67.06088
92.06088
42.06088
29.56088
79.56088
54.56088
4.56088
6.12338
56.12338
81.12338
31.12338
43.62338
93.62338
68.62338
18.62338
24.87338
74.87338
99.87338
49.87338
37.37338
87.37338
62.37338
12.37338
9.24838
59.24838
84.24838
34.24838
46.74838
96.74838
71.74838
21.74838
15.49838
65.49838
90.49838
40.49838
27.99838
77.99838
52.99838
2.99838
2.21713
52.21713
77.21713
27.21713
39.71713
89.71713
64.71713
14.71713
20.96713
70.96713
95.96713
45.96713
33.46713
83.46713
58.46713
8.46713
11.59213
61.59213
86.59213
36.59213
49.09213
99.09213
74.09213
24.09213
17.84213
67.84213
92.84213
42.84213
30.34213
80.34213
55.34213
5.34213
3.77963
53.77963
78.77963
28.77963
41.27963
91.27963
66.27963
16.27963
22.52963
72.52963
97.52963
47.52963
35.02963
85.02963
60.02963
10.02963
6.90463
56.90463
81.90463
31.90463
44.40463
94.40463
69.40463
19.40463
13.15463
63.15463
88.15463
38.15463
25.65463
75.65463
50.65463
0.65463
0.45931
50.45931
75.45931
25.45931
37.95931
87.95931
62.95931
12.95931
19.20931
69.20931
94.20931
44.20931
31.70931
81.70931
56.70931
6.70931
9.83431
59.83431
84.83431
34.83431
47.33431
97.33431
72.33431
22.33431
16.08431
66.08431
91.08431
41.08431
28.58431
78.58431
53.58431
3.58431
5.14681
55.14681
80.14681
30.14681
42.64681
92.64681
67.64681
17.64681
23.89681
73.89681
98.89681
48.89681
36.39681
86.39681
61.39681
11.39681
8.27181
58.27181
83.27181
33.27181
45.77181
95.77181
70.77181
20.77181
14.52181
64.52181
89.52181
39.52181
27.02181
77.02181
52.02181
2.02181
2.80306
52.80306
77.80306
27.80306
40.30306
90.30306
65.30306
15.30306
21.55306
71.55306
96.55306
46.55306
34.05306
84.05306
59.05306
9.05306
12.17806
62.17806
87.17806
37.17806
49.67806
99.67806
74.67806
24.67806
18.42806
68.42806
93.42806
43.42806
30.92806
80.92806
55.92806
5.92806
4.36556
54.36556
79.36556
29.36556
41.86556
91.86556
66.86556
16.86556
23.11556
73.11556
98.11556
48.11556
35.61556
85.61556
60.61556
10.61556
7.49056
57.49056
82.49056
32.49056
44.99056
94.99056
69.99056
19.99056
13.74056
63.74056
88.74056
38.74056
26.24056
76.24056
51.24056
1.24056
0.84994
50.84994
75.84994
25.84994
38.34994
88.34994
63.34994
13.34994
19.59994
69.59994
94.59994
44.59994
32.09994
82.09994
57.09994
7.09994
10.22494
60.22494
85.22494
35.22494
47.72494
97.72494
72.72494
22.72494
16.47494
66.47494
91.47494
41.47494
28.97494
78.97494
53.97494
3.97494
5.53744
55.53744
80.53744
30.53744
43.03744
93.03744
68.03744
18.03744
24.28744
74.28744
99.28744
49.28744
36.78744
86.78744
61.78744
11.78744
8.66244
58.66244
83.66244
33.66244
46.16244
96.16244
71.16244
21.16244
14.91244
64.91244
89.91244
39.91244
27.41244
77.41244
52.41244
2.41244
1.63119
51.63119
76.63119
26.63119
39.13119
89.13119
64.13119
14.13119
20.38119
70.38119
95.38119
45.38119
32.88119
82.88119
57.88119
7.88119
11.00619
61.00619
86.00619
36.00619
48.50619
98.50619
73.50619
23.50619
17.25619
67.25619
92.25619
42.25619
29.75619
79.75619
54.75619
4.75619
3.19369
53.19369
78.19369
28.19369
40.69369
90.69369
65.69369
15.69369
21.94369
71.94369
96.94369
46.94369
34.44369
84.44369
59.44369
9.44369
6.31869
56.31869
81.31869
31.31869
43.81869
93.81869
68.81869
18.81869
12.56869
62.56869
87.56869
37.56869
25.06869
75.06869
50.06869
0.06869
0.09310
50.09310
75.09310
25.09310
37.59310
87.59310
62.59310
12.59310
18.84310
68.84310
93.84310
43.84310
31.34310
81.34310
56.34310
6.34310
9.46810
59.46810
84.46810
34.46810
46.96810
96.96810
71.96810
21.96810
15.71810
65.71810
90.71810
40.71810
28.21810
78.21810
53.21810
3.21810
4.78060
54.78060
79.78060
29.78060
42.28060
92.28060
67.28060
17.28060
23.53060
73.53060
98.53060
48.53060
36.03060
86.03060
61.03060
11.03060
7.90560
57.90560
82.90560
32.90560
45.40560
95.40560
70.40560
20.40560
14.15560
64.15560
89.15560
39.15560
26.65560
76.65560
51.65560
1.65560
2.43685
52.43685
77.43685
27.43685
39.93685
89.93685
64.93685
14.93685
21.18685
71.18685
96.18685
46.18685
33.68685
83.68685
58.68685
8.68685
11.81185
61.81185
86.81185
36.81185
49.31185
99.31185
74.31185
24.31185
18.06185
68.06185
93.06185
43.06185
30.56185
80.56185
55.56185
5.56185
3.99935
53.99935
78.99935
28.99935
41.49935
91.49935
66.49935
16.49935
22.74935
72.74935
97.74935
47.74935
35.24935
85.24935
60.24935
10.24935
7.12435
57.12435
82.12435
32.12435
44.62435
94.62435
69.62435
19.62435
13.37435
63.37435
88.37435
38.37435
25.87435
75.87435
50.87435
0.87435
1.26498
51.26498
76.26498
26.26498
38.76498
88.76498
63.76498
13.76498
20.01498
70.01498
95.01498
45.01498
32.51498
82.51498
57.51498
7.51498
10.63998
60.63998
85.63998
35.63998
48.13998
98.13998
73.13998
23.13998
16.88998
66.88998
91.88998
41.88998
29.38998
79.38998
54.38998
4.38998
5.95248
55.95248
80.95248
30.95248
43.45248
93.45248
68.45248
18.45248
24.70248
74.70248
99.70248
49.70248
37.20248
87.20248
62.20248
12.20248
9.07748
59.07748
84.07748
34.07748
46.57748
96.57748
71.57748
21.57748
15.32748
65.32748
90.32748
40.32748
27.82748
77.82748
52.82748
2.82748
2.04623
52.04623
77.04623
27.04623
39.54623
89.54623
64.54623
14.54623
20.79623
70.79623
95.79623
45.79623
33.29623
83.29623
58.29623
8.29623
11.42123
61.42123
86.42123
36.42123
48.92123
98.92123
73.92123
23.92123
17.67123
67.67123
92.67123
42.67123
30.17123
80.17123
55.17123
5.17123
3.60873
53.60873
78.60873
28.60873
41.10873
91.10873
66.10873
16.10873
22.35873
72.35873
97.35873
47.35873
34.85873
84.85873
59.85873
9.85873
6.73373
56.73373
81.73373
31.73373
44.23373
94.23373
69.23373
19.23373
12.98373
62.98373
87.98373
37.98373
25.48373
75.48373
50.48373
0.48373
0.67904
50.67904
75.67904
25.67904
38.17904
88.17904
63.17904
13.17904
19.42904
69.42904
94.42904
44.42904
31.92904
81.92904
56.92904
6.92904
10.05404
60.05404
85.05404
35.05404
47.55404
97.55404
72.55404
22.55404
16.30404
66.30404
91.30404
41.30404
28.80404
78.80404
53.80404
3.80404
5.36654
55.36654
80.36654
30.36654
42.86654
92.86654
67.86654
17.86654
24.11654
74.11654
99.11654
49.11654
36.61654
86.61654
61.61654
11.61654
8.49154
58.49154
83.49154
33.49154
45.99154
95.99154
70.99154
20.99154
14.74154
64.74154
89.74154
39.74154
27.24154
77.24154
52.24154
2.24154
3.02279
53.02279
78.02279
28.02279
40.52279
90.52279
65.52279
15.52279
21.77279
71.77279
96.77279
46.77279
34.27279
84.27279
59.27279
9.27279
12.39779
62.39779
87.39779
37.39779
49.89779
99.89779
74.89779
24.89779
18.64779
68.64779
93.64779
43.64779
31.14779
81.14779
56.14779
6.14779
4.58529
54.58529
79.58529
29.58529
42.08529
92.08529
67.08529
17.08529
23.33529
73.33529
98.33529
48.33529
35.83529
85.83529
60.83529
10.83529
7.71029
57.71029
82.71029
32.71029
45.21029
95.21029
70.21029
20.21029
13.96029
63.96029
88.96029
38.96029
26.46029
76.46029
51.46029
1.46029
1.06966
51.06966
76.06966
26.06966
38.56966
88.56966
63.56966
13.56966
19.81966
69.81966
94.81966
44.81966
32.31966
82.31966
57.31966
7.31966
10.44466
60.44466
85.44466
35.44466
47.94466
97.94466
72.94466
22.94466
16.69466
66.69466
91.69466
41.69466
29.19466
79.19466
54.19466
4.19466
5.75716
55.75716
80.75716
30.75716
43.25716
93.25716
68.25716
18.25716
24.50716
74.50716
99.50716
49.50716
37.00716
87.00716
62.00716
12.00716
8.88216
58.88216
83.88216
33.88216
46.38216
96.38216
71.38216
21.38216
15.13216
65.13216
90.13216
40.13216
27.63216
77.63216
52.63216
2.63216
1.85091
51.85091
76.85091
26.85091
39.35091
89.35091
64.35091
14.35091
20.60091
70.60091
95.60091
45.60091
33.10091
83.10091
58.10091
8.10091
11.22591
61.22591
86.22591
36.22591
48.72591
98.72591
73.72591
23.72591
17.47591
67.47591
92.47591
42.47591
29.97591
79.97591
54.97591
4.97591
3.41341
53.41341
78.41341
28.41341
40.91341
90.91341
65.91341
15.91341
22.16341
72.16341
97.16341
47.16341
34.66341
84.66341
59.66341
9.66341
6.53841
56.53841
81.53841
31.53841
44.03841
94.03841
69.03841
19.03841
12.78841
62.78841
87.78841
37.78841
25.28841
75.28841
50.28841
0.28841
0.38607
50.38607
75.38607
25.38607
37.88607
87.88607
62.88607
12.88607
19.13607
69.13607
94.13607
44.13607
31.63607
81.63607
56.63607
6.63607
9.76107
59.76107
84.76107
34.76107
47.26107
97.26107
72.26107
22.26107
16.01107
66.01107
91.01107
41.01107
28.51107
78.51107
53.51107
3.51107
5.07357
55.07357
80.07357
30.07357
42.57357
92.57357
67.57357
17.57357
23.82357
73.82357
98.82357
48.82357
36.32357
86.32357
61.32357
11.32357
8.19857
58.19857
83.19857
33.19857
45.69857
95.69857
70.69857
20.69857
14.44857
64.44857
89.44857
39.44857
26.94857
76.94857
51.94857
1.94857
2.72982
52.72982
77.72982
27.72982
40.22982
90.22982
65.22982
15.22982
21.47982
71.47982
96.47982
46.47982
33.97982
83.97982
58.97982
8.97982
12.10482
62.10482
87.10482
37.10482
49.60482
99.60482
74.60482
24.60482
18.35482
68.35482
93.35482
43.35482
30.85482
80.85482
55.85482
5.85482
4.29232
54.29232
79.29232
29.29232
41.79232
91.79232
66.79232
16.79232
23.04232
73.04232
98.04232
48.04232
35.54232
85.54232
60.54232
10.54232
7.41732
57.41732
82.41732
32.41732
44.91732
94.91732
69.91732
19.91732
13.66732
63.66732
88.66732
38.66732
26.16732
76.16732
51.16732
1.16732
1.55795
51.55795
76.55795
26.55795
39.05795
89.05795
64.05795
14.05795
20.30795
70.30795
95.30795
45.30795
32.80795
82.80795
57.80795
7.80795
10.93295
60.93295
85.93295
35.93295
48.43295
98.43295
73.43295
23.43295
17.18295
67.18295
92.18295
42.18295
29.68295
79.68295
54.68295
4.68295
6.24545
56.24545
81.24545
31.24545
43.74545
93.74545
68.74545
18.74545
24.99545
74.99545
99.99545
49.99545
37.49545
87.49545
62.49545
12.49545
9.37045
59.37045
84.37045
34.37045
46.87045
96.87045
71.87045
21.87045
15.62045
65.62045
90.62045
40.62045
28.12045
78.12045
53.12045
3.12045
2.33920
52.33920
77.33920
27.33920
39.83920
89.83920
64.83920
14.83920
21.08920
71.08920
96.08920
46.08920
33.58920
83.58920
58.58920
8.58920
11.71420
61.71420
86.71420
36.71420
49.21420
99.21420
74.21420
24.21420
17.96420
67.96420
92.96420
42.96420
30.46420
80.46420
55.46420
5.46420
3.90170
53.90170
78.90170
28.90170
41.40170
91.40170
66.40170
16.40170
22.65170
72.65170
97.65170
47.65170
35.15170
85.15170
60.15170
10.15170
7.02670
57.02670
82.02670
32.02670
44.52670
94.52670
69.52670
19.52670
13.27670
63.27670
88.27670
38.27670
25.77670
75.77670
50.77670
0.77670
0.58138
50.58138
75.58138
25.58138
38.08138
88.08138
63.08138
13.08138
19.33138
69.33138
94.33138
44.33138
31.83138
81.83138
56.83138
6.83138
9.95638
59.95638
84.95638
34.95638
47.45638
97.45638
72.45638
22.45638
16.20638
66.20638
91.20638
41.20638
28.70638
78.70638
53.70638
3.70638
5.26888
55.26888
80.26888
30.26888
42.76888
92.76888
67.76888
17.76888
24.01888
74.01888
99.01888
49.01888
36.51888
86.51888
61.51888
11.51888
8.39388
58.39388
83.39388
33.39388
45.89388
95.89388
70.89388
20.89388
14.64388
64.64388
89.64388
39.64388
27.14388
77.14388
52.14388
2.14388
2.92513
52.92513
77.92513
27.92513
40.42513
90.42513
65.42513
15.42513
21.67513
71.67513
96.67513
46.67513
34.17513
84.17513
59.17513
9.17513
12.30013
62.30013
87.30013
37.30013
49.80013
99.80013
74.80013
24.80013
18.55013
68.55013
93.55013
43.55013
31.05013
81.05013
56.05013
6.05013
4.48763
54.48763
79.48763
29.48763
41.98763
91.98763
66.98763
16.98763
23.23763
73.23763
98.23763
48.23763
35.73763
85.73763
60.73763
10.73763
7.61263
57.61263
82.61263
32.61263
45.11263
95.11263
70.11263
20.11263
13.86263
63.86263
88.86263
38.86263
26.36263
76.36263
51.36263
1.36263
0.97201
50.97201
75.97201
25.97201
38.47201
88.47201
63.47201
13.47201
19.72201
69.72201
94.72201
44.72201
32.22201
82.22201
57.22201
7.22201
10.34701
60.34701
85.34701
35.34701
47.84701
97.84701
72.84701
22.84701
16.59701
66.59701
91.59701
41.59701
29.09701
79.09701
54.09701
4.09701
5.65951
55.65951
80.65951
30.65951
43.15951
93.15951
68.15951
18.15951
24.40951
74.40951
99.40951
49.40951
36.90951
86.90951
61.90951
11.90951
8.78451
58.78451
83.78451
33.78451
46.28451
96.28451
71.28451
21.28451
15.03451
65.03451
90.03451
40.03451
27.53451
77.53451
52.53451
2.53451
1.75326
51.75326
76.75326
26.75326
39.25326
89.25326
64.25326
14.25326
20.50326
70.50326
95.50326
45.50326
33.00326
83.00326
58.00326
8.00326
11.12826
61.12826
86.12826
36.12826
48.62826
98.62826
73.62826
23.62826
17.37826
67.37826
92.37826
42.37826
29.87826
79.87826
54.87826
4.87826
3.31576
53.31576
78.31576
28.31576
40.81576
90.81576
65.81576
15.81576
22.06576
72.06576
97.06576
47.06576
34.56576
84.56576
59.56576
9.56576
6.44076
56.44076
81.44076
31.44076
43.94076
93.94076
68.94076
18.94076
12.69076
62.69076
87.69076
37.69076
25.19076
75.19076
50.19076
0.19076
0.14193
50.14193
75.14193
25.14193
37.64193
87.64193
62.64193
12.64193
18.89193
68.89193
93.89193
43.89193
31.39193
81.39193
56.39193
6.39193
9.51693
59.51693
84.51693
34.51693
47.01693
97.01693
72.01693
22.01693
15.76693
65.76693
90.76693
40.76693
28.26693
78.26693
53.26693
3.26693
4.82943
54.82943
79.82943
29.82943
42.32943
92.32943
67.32943
17.32943
23.57943
73.57943
98.57943
48.57943
36.07943
86.07943
61.07943
11.07943
7.95443
57.95443
82.95443
32.95443
45.45443
95.45443
70.45443
20.45443
14.20443
64.20443
89.20443
39.20443
26.70443
76.70443
51.70443
1.70443
2.48568
52.48568
77.48568
27.48568
39.98568
89.98568
64.98568
14.98568
21.23568
71.23568
96.23568
46.23568
33.73568
83.73568
58.73568
8.73568
11.86068
61.86068
86.86068
36.86068
49.36068
99.36068
74.36068
24.36068
18.11068
68.11068
93.11068
43.11068
30.61068
80.61068
55.61068
5.61068
4.04818
54.04818
79.04818
29.04818
41.54818
91.54818
66.54818
16.54818
22.79818
72.79818
97.79818
47.79818
35.29818
85.29818
60.29818
10.29818
7.17318
57.17318
82.17318
32.17318
44.67318
94.67318
69.67318
19.67318
13.42318
63.42318
88.42318
38.42318
25.92318
75.92318
50.92318
0.92318
1.31381
51.31381
76.31381
26.31381
38.81381
88.81381
63.81381
13.81381
20.06381
70.06381
95.06381
45.06381
32.56381
82.56381
57.56381
7.56381
10.68881
60.68881
85.68881
35.68881
48.18881
98.18881
73.18881
23.18881
16.93881
66.93881
91.93881
41.93881
29.43881
79.43881
54.43881
4.43881
6.00131
56.00131
81.00131
31.00131
43.50131
93.50131
68.50131
18.50131
24.75131
74.75131
99.75131
49.75131
37.25131
87.25131
62.25131
12.25131
9.12631
59.12631
84.12631
34.12631
46.62631
96.62631
71.62631
21.62631
15.37631
65.37631
90.37631
40.37631
27.87631
77.87631
52.87631
2.87631
2.09506
52.09506
77.09506
27.09506
39.59506
89.59506
64.59506
14.59506
20.84506
70.84506
95.84506
45.84506
33.34506
83.34506
58.34506
8.34506
11.47006
61.47006
86.47006
36.47006
48.97006
98.97006
73.97006
23.97006
17.72006
67.72006
92.72006
42.72006
30.22006
80.22006
55.22006
5.22006
3.65756
53.65756
78.65756
28.65756
41.15756
91.15756
66.15756
16.15756
22.40756
72.40756
97.40756
47.40756
34.90756
84.90756
59.90756
9.90756
6.78256
56.78256
81.78256
31.78256
44.28256
94.28256
69.28256
19.28256
13.03256
63.03256
88.03256
38.03256
25.53256
75.53256
50.53256
0.53256
0.72787
50.72787
75.72787
25.72787
38.22787
88.22787
63.22787
13.22787
19.47787
69.47787
94.47787
44.47787
31.97787
81.97787
56.97787
6.97787
10.10287
60.10287
85.10287
35.10287
47.60287
97.60287
72.60287
22.60287
16.35287
66.35287
91.35287
41.35287
28.85287
78.85287
53.85287
3.85287
5.41537
55.41537
80.41537
30.41537
42.91537
92.91537
67.91537
17.91537
24.16537
74.16537
99.16537
49.16537
36.66537
86.66537
61.66537
11.66537
8.54037
58.54037
83.54037
33.54037
46.04037
96.04037
71.04037
21.04037
14.79037
64.79037
89.79037
39.79037
27.29037
77.29037
52.29037
2.29037
3.07162
53.07162
78.07162
28.07162
40.57162
90.57162
65.57162
15.57162
21.82162
71.82162
96.82162
46.82162
34.32162
84.32162
59.32162
9.32162
12.44662
62.44662
87.44662
37.44662
49.94662
99.94662
74.94662
24.94662
18.69662
68.69662
93.69662
43.69662
31.19662
81.19662
56.19662
6.19662
4.63412
54.63412
79.63412
29.63412
42.13412
92.13412
67.13412
17.13412
23.38412
73.38412
98.38412
48.38412
35.88412
85.88412
60.88412
10.88412
7.75912
57.75912
82.75912
32.75912
45.25912
95.25912
70.25912
20.25912
14.00912
64.00912
89.00912
39.00912
26.50912
76.50912
51.50912
1.50912
1.11849
51.11849
76.11849
26.11849
38.61849
88.61849
63.61849
13.61849
19.86849
69.86849
94.86849
44.86849
32.36849
82.36849
57.36849
7.36849
10.49349
60.49349
85.49349
35.49349
47.99349
97.99349
72.99349
22.99349
16.74349
66.74349
91.74349
41.74349
29.24349
79.24349
54.24349
4.24349
5.80599
55.80599
80.80599
30.80599
43.30599
93.30599
68.30599
18.30599
24.55599
74.55599
99.55599
49.55599
37.05599
87.05599
62.05599
12.05599
8.93099
58.93099
83.93099
33.93099
46.43099
96.43099
71.43099
21.43099
15.18099
65.18099
90.18099
40.18099
27.68099
77.68099
52.68099
2.68099
1.89974
51.89974
76.89974
26.89974
39.39974
89.39974
64.39974
14.39974
20.64974
70.64974
95.64974
45.64974
33.14974
83.14974
58.14974
8.14974
11.27474
61.27474
86.27474
36.27474
48.77474
98.77474
73.77474
23.77474
17.52474
67.52474
92.52474
42.52474
30.02474
80.02474
55.02474
5.02474
3.46224
53.46224
78.46224
28.46224
40.96224
90.96224
65.96224
15.96224
22.21224
72.21224
97.21224
47.21224
34.71224
84.71224
59.71224
9.71224
6.58724
56.58724
81.58724
31.58724
44.08724
94.08724
69.08724
19.08724
12.83724
62.83724
87.83724
37.83724
25.33724
75.33724
50.33724
0.33724
0.23959
50.23959
75.23959
25.23959
37.73959
87.73959
62.73959
12.73959
18.98959
68.98959
93.98959
43.98959
31.48959
81.48959
56.48959
6.48959
9.61459
59.61459
84.61459
34.61459
47.11459
97.11459
72.11459
22.11459
15.86459
65.86459
90.86459
40.86459
28.36459
78.36459
53.36459
3.36459
4.92709
54.92709
79.92709
29.92709
42.42709
92.42709
67.42709
17.42709
23.67709
73.67709
98.67709
48.67709
36.17709
86.17709
61.17709
11.17709
8.05209
58.05209
83.05209
33.05209
45.55209
95.55209
70.55209
20.55209
14.30209
64.30209
89.30209
39.30209
26.80209
76.80209
51.80209
1.80209
2.58334
52.58334
77.58334
27.58334
40.08334
90.08334
65.08334
15.08334
21.33334
71.33334
96.33334
46.33334
33.83334
83.83334
58.83334
8.83334
11.95834
61.95834
86.95834
36.95834
49.45834
99.45834
74.45834
24.45834
18.20834
68.20834
93.20834
43.20834
30.70834
80.70834
55.70834
5.70834
4.14584
54.14584
79.14584
29.14584
41.64584
91.64584
66.64584
16.64584
22.89584
72.89584
97.89584
47.89584
35.39584
85.39584
60.39584
10.39584
7.27084
57.27084
82.27084
32.27084
44.77084
94.77084
69.77084
19.77084
13.52084
63.52084
88.52084
38.52084
26.02084
76.02084
51.02084
1.02084
1.41146
51.41146
76.41146
26.41146
38.91146
88.91146
63.91146
13.91146
20.16146
70.16146
95.16146
45.16146
32.66146
82.66146
57.66146
7.66146
10.78646
60.78646
85.78646
35.78646
48.28646
98.28646
73.28646
23.28646
17.03646
67.03646
92.03646
42.03646
29.53646
79.53646
54.53646
4.53646
6.09896
56.09896
81.09896
31.09896
43.59896
93.59896
68.59896
18.59896
24.84896
74.84896
99.84896
49.84896
37.34896
87.34896
62.34896
12.34896
9.22396
59.22396
84.22396
34.22396
46.72396
96.72396
71.72396
21.72396
15.47396
65.47396
90.47396
40.47396
27.97396
77.97396
52.97396
2.97396
2.19271
52.19271
77.19271
27.19271
39.69271
89.69271
64.69271
14.69271
20.94271
70.94271
95.94271
45.94271
33.44271
83.44271
58.44271
8.44271
11.56771
61.56771
86.56771
36.56771
49.06771
99.06771
74.06771
24.06771
17.81771
67.81771
92.81771
42.81771
30.31771
80.31771
55.31771
5.31771
3.75521
53.75521
78.75521
28.75521
41.25521
91.25521
66.25521
16.25521
22.50521
72.50521
97.50521
47.50521
35.00521
85.00521
60.00521
10.00521
6.88021
56.88021
81.88021
31.88021
44.38021
94.38021
69.38021
19.38021
13.13021
63.13021
88.13021
38.13021
25.63021
75.63021
50.63021
0.63021
0.43490
50.43490
75.43490
25.43490
37.93490
87.93490
62.93490
12.93490
19.18490
69.18490
94.18490
44.18490
31.68490
81.68490
56.68490
6.68490
9.80990
59.80990
84.80990
34.80990
47.30990
97.30990
72.30990
22.30990
16.05990
66.05990
91.05990
41.05990
28.55990
78.55990
53.55990
3.55990
5.12240
55.12240
80.12240
30.12240
42.62240
92.62240
67.62240
17.62240
23.87240
73.87240
98.87240
48.87240
36.37240
86.37240
61.37240
11.37240
8.24740
58.24740
83.24740
33.24740
45.74740
95.74740
70.74740
20.74740
14.49740
64.49740
89.49740
39.49740
26.99740
76.99740
51.99740
1.99740
2.77865
52.77865
77.77865
27.77865
40.27865
90.27865
65.27865
15.27865
21.52865
71.52865
96.52865
46.52865
34.02865
84.02865
59.02865
9.02865
12.15365
62.15365
87.15365
37.15365
49.65365
99.65365
74.65365
24.65365
18.40365
68.40365
93.40365
43.40365
30.90365
80.90365
55.90365
5.90365
4.34115
54.34115
79.34115
29.34115
41.84115
91.84115
66.84115
16.84115
23.09115
73.09115
98.09115
48.09115
35.59115
85.59115
60.59115
10.59115
7.46615
57.46615
82.46615
32.46615
44.96615
94.96615
69.96615
19.96615
13.71615
63.71615
88.71615
38.71615
26.21615
76.21615
51.21615
1.21615
0.82552
50.82552
75.82552
25.82552
38.32552
88.32552
63.32552
13.32552
19.57552
69.57552
94.57552
44.57552
32.07552
82.07552
57.07552
7.07552
10.20052
60.20052
85.20052
35.20052
47.70052
97.70052
72.70052
22.70052
16.45052
66.45052
91.45052
41.45052
28.95052
78.95052
53.95052
3.95052
5.51302
55.51302
80.51302
30.51302
43.01302
93.01302
68.01302
18.01302
24.26302
74.26302
99.26302
49.26302
36.76302
86.76302
61.76302
11.76302
8.63802
58.63802
83.63802
33.63802
46.13802
96.13802
71.13802
21.13802
14.88802
64.88802
89.88802
39.88802
27.38802
77.38802
52.38802
2.38802
1.60677
51.60677
76.60677
26.60677
39.10677
89.10677
64.10677
14.10677
20.35677
70.35677
95.35677
45.35677
32.85677
82.85677
57.85677
7.85677
10.98177
60.98177
85.98177
35.98177
48.48177
98.48177
73.48177
23.48177
17.23177
67.23177
92.23177
42.23177
29.73177
79.73177
54.73177
4.73177
3.16927
53.16927
78.16927
28.16927
40.66927
90.66927
65.66927
15.66927
21.91927
71.91927
96.91927
46.91927
34.41927
84.41927
59.41927
9.41927
6.29427
56.29427
81.29427
31.29427
43.79427
93.79427
68.79427
18.79427
12.54427
62.54427
87.54427
37.54427
25.04427
75.04427
50.04427
0.04427
0.03207
50.03207
75.03207
25.03207
37.53207
87.53207
62.53207
12.53207
18.78207
68.78207
93.78207
43.78207
31.28207
81.28207
56.28207
6.28207
9.40707
59.40707
84.40707
34.40707
46.90707
96.90707
71.90707
21.90707
15.65707
65.65707
90.65707
40.65707
28.15707
78.15707
53.15707
3.15707
4.71957
54.71957
79.71957
29.71957
42.21957
92.21957
67.21957
17.21957
23.46957
73.46957
98.46957
48.46957
35.96957
85.96957
60.96957
10.96957
7.84457
57.84457
82.84457
32.84457
45.34457
95.34457
70.34457
20.34457
14.09457
64.09457
89.09457
39.09457
26.59457
76.59457
51.59457
1.59457
2.37582
52.37582
77.37582
27.37582
39.87582
89.87582
64.87582
14.87582
21.12582
71.12582
96.12582
46.12582
33.62582
83.62582
58.62582
8.62582
11.75082
61.75082
86.75082
36.75082
49.25082
99.25082
74.25082
24.25082
18.00082
68.00082
93.00082
43.00082
30.50082
80.50082
55.50082
5.50082
3.93832
53.93832
78.93832
28.93832
41.43832
91.43832
66.43832
16.43832
22.68832
72.68832
97.68832
47.68832
35.18832
85.18832
60.18832
10.18832
7.06332
57.06332
82.06332
32.06332
44.56332
94.56332
69.56332
19.56332
13.31332
63.31332
88.31332
38.31332
25.81332
75.81332
50.81332
0.81332
1.20394
51.20394
76.20394
26.20394
38.70394
88.70394
63.70394
13.70394
19.95394
69.95394
94.95394
44.95394
32.45394
82.45394
57.45394
7.45394
10.57894
60.57894
85.57894
35.57894
48.07894
98.07894
73.07894
23.07894
16.82894
66.82894
91.82894
41.82894
29.32894
79.32894
54.32894
4.32894
5.89144
55.89144
80.89144
30.89144
43.39144
93.39144
68.39144
18.39144
24.64144
74.64144
99.64144
49.64144
37.14144
87.14144
62.14144
12.14144
9.01644
59.01644
84.01644
34.01644
46.51644
96.51644
71.51644
21.51644
15.26644
65.26644
90.26644
40.26644
27.76644
77.76644
52.76644
2.76644
1.98519
51.98519
76.98519
26.98519
39.48519
89.48519
64.48519
14.48519
20.73519
70.73519
95.73519
45.73519
33.23519
83.23519
58.23519
8.23519
11.36019
61.36019
86.36019
36.36019
48.86019
98.86019
73.86019
23.86019
17.61019
67.61019
92.61019
42.61019
30.11019
80.11019
55.11019
5.11019
3.54769
53.54769
78.54769
28.54769
41.04769
91.04769
66.04769
16.04769
22.29769
72.29769
97.29769
47.29769
34.79769
84.79769
59.79769
9.79769
6.67269
56.67269
81.67269
31.67269
44.17269
94.17269
69.17269
19.17269
12.92269
62.92269
87.92269
37.92269
25.42269
75.42269
50.42269
0.42269
0.61800
50.61800
75.61800
25.61800
38.11800
88.11800
63.11800
13.11800
19.36800
69.36800
94.36800
44.36800
31.86800
81.86800
56.86800
6.86800
9.99300
59.99300
84.99300
34.99300
47.49300
97.49300
72.49300
22.49300
16.24300
66.24300
91.24300
41.24300
28.74300
78.74300
53.74300
3.74300
5.30550
55.30550
80.30550
30.30550
42.80550
92.80550
67.80550
17.80550
24.05550
74.05550
99.05550
49.05550
36.55550
86.55550
61.55550
11.55550
8.43050
58.43050
83.43050
33.43050
45.93050
95.93050
70.93050
20.93050
14.68050
64.68050
89.68050
39.68050
27.18050
77.18050
52.18050
2.18050
2.96175
52.96175
77.96175
27.96175
40.46175
90.46175
65.46175
15.46175
21.71175
71.71175
96.71175
46.71175
34.21175
84.21175
59.21175
9.21175
12.33675
62.33675
87.33675
37.33675
49.83675
99.83675
74.83675
24.83675
18.58675
68.58675
93.58675
43.58675
31.08675
81.08675
56.08675
6.08675
4.52425
54.52425
79.52425
29.52425
42.02425
92.02425
67.02425
17.02425
23.27425
73.27425
98.27425
48.27425
35.77425
85.77425
60.77425
10.77425
7.64925
57.64925
82.64925
32.64925
45.14925
95.14925
70.14925
20.14925
13.89925
63.89925
88.89925
38.89925
26.39925
76.39925
51.39925
1.39925
1.00863
51.00863
76.00863
26.00863
38.50863
88.50863
63.50863
13.50863
19.75863
69.75863
94.75863
44.75863
32.25863
82.25863
57.25863
7.25863
10.38363
60.38363
85.38363
35.38363
47.88363
97.88363
72.88363
22.88363
16.63363
66.63363
91.63363
41.63363
29.13363
79.13363
54.13363
4.13363
5.69613
55.69613
80.69613
30.69613
43.19613
93.19613
68.19613
18.19613
24.44613
74.44613
99.44613
49.44613
36.94613
86.94613
61.94613
11.94613
8.82113
58.82113
83.82113
33.82113
46.32113
96.32113
71.32113
21.32113
15.07113
65.07113
90.07113
40.07113
27.57113
77.57113
52.57113
2.57113
1.78988
51.78988
76.78988
26.78988
39.28988
89.28988
64.28988
14.28988
20.53988
70.53988
95.53988
45.53988
33.03988
83.03988
58.03988
8.03988
11.16488
61.16488
86.16488
36.16488
48.66488
98.66488
73.66488
23.66488
17.41488
67.41488
92.41488
42.41488
29.91488
79.91488
54.91488
4.91488
3.35238
53.35238
78.35238
28.35238
40.85238
90.85238
65.85238
15.85238
22.10238
72.10238
97.10238
47.10238
34.60238
84.60238
59.60238
9.60238
6.47738
56.47738
81.47738
31.47738
43.97738
93.97738
68.97738
18.97738
12.72738
62.72738
87.72738
37.72738
25.22738
75.22738
50.22738
0.22738
0.32504
50.32504
75.32504
25.32504
37.82504
87.82504
62.82504
12.82504
19.07504
69.07504
94.07504
44.07504
31.57504
81.57504
56.57504
6.57504
9.70004
59.70004
84.70004
34.70004
47.20004
97.20004
72.20004
22.20004
15.95004
65.95004
90.95004
40.95004
28.45004
78.45004
53.45004
3.45004
5.01254
55.01254
80.01254
30.01254
42.51254
92.51254
67.51254
17.51254
23.76254
73.76254
98.76254
48.76254
36.26254
86.26254
61.26254
11.26254
8.13754
58.13754
83.13754
33.13754
45.63754
95.63754
70.63754
20.63754
14.38754
64.38754
89.38754
39.38754
26.88754
76.88754
51.88754
1.88754
2.66879
52.66879
77.66879
27.66879
40.16879
90.16879
65.16879
15.16879
21.41879
71.41879
96.41879
46.41879
33.91879
83.91879
58.91879
8.91879
12.04379
62.04379
87.04379
37.04379
49.54379
99.54379
74.54379
24.54379
18.29379
68.29379
93.29379
43.29379
30.79379
80.79379
55.79379
5.79379
4.23129
54.23129
79.23129
29.23129
41.73129
91.73129
66.73129
16.73129
22.98129
72.98129
97.98129
47.98129
35.48129
85.48129
60.48129
10.48129
7.35629
57.35629
82.35629
32.35629
44.85629
94.85629
69.85629
19.85629
13.60629
63.60629
88.60629
38.60629
26.10629
76.10629
51.10629
1.10629
1.49691
51.49691
76.49691
26.49691
38.99691
88.99691
63.99691
13.99691
20.24691
70.24691
95.24691
45.24691
32.74691
82.74691
57.74691
7.74691
10.87191
60.87191
85.87191
35.87191
48.37191
98.37191
73.37191
23.37191
17.12191
67.12191
92.12191
42.12191
29.62191
79.62191
54.62191
4.62191
6.18441
56.18441
81.18441
31.18441
43.68441
93.68441
68.68441
18.68441
24.93441
74.93441
99.93441
49.93441
37.43441
87.43441
62.43441
12.43441
9.30941
59.30941
84.30941
34.30941
46.80941
96.80941
71.80941
21.80941
15.55941
65.55941
90.55941
40.55941
28.05941
78.05941
53.05941
3.05941
2.27816
52.27816
77.27816
27.27816
39.77816
89.77816
64.77816
14.77816
21.02816
71.02816
96.02816
46.02816
33.52816
83.52816
58.52816
8.52816
11.65316
61.65316
86.65316
36.65316
49.15316
99.15316
74.15316
24.15316
17.90316
67.90316
92.90316
42.90316
30.40316
80.40316
55.40316
5.40316
3.84066
53.84066
78.84066
28.84066
41.34066
91.34066
66.34066
16.34066
22.59066
72.59066
97.59066
47.59066
35.09066
85.09066
60.09066
10.09066
6.96566
56.96566
81.96566
31.96566
44.46566
94.46566
69.46566
19.46566
13.21566
63.21566
88.21566
38.21566
25.71566
75.71566
50.71566
0.71566
0.52035
50.52035
75.52035
25.52035
38.02035
88.02035
63.02035
13.02035
19.27035
69.27035
94.27035
44.27035
31.77035
81.77035
56.77035
6.77035
9.89535
59.89535
84.89535
34.89535
47.39535
97.39535
72.39535
22.39535
16.14535
66.14535
91.14535
41.14535
28.64535
78.64535
53.64535
3.64535
5.20785
55.20785
80.20785
30.20785
42.70785
92.70785
67.70785
17.70785
23.95785
73.95785
98.95785
48.95785
36.45785
86.45785
61.45785
11.45785
8.33285
58.33285
83.33285
33.33285
45.83285
95.83285
70.83285
20.83285
14.58285
64.58285
89.58285
39.58285
27.08285
77.08285
52.08285
2.08285
2.86410
52.86410
77.86410
27.86410
40.36410
90.36410
65.36410
15.36410
21.61410
71.61410
96.61410
46.61410
34.11410
84.11410
59.11410
9.11410
12.23910
62.23910
87.23910
37.23910
49.73910
99.73910
74.73910
24.73910
18.48910
68.48910
93.48910
43.48910
30.98910
80.98910
55.98910
5.98910
4.42660
54.42660
79.42660
29.42660
41.92660
91.92660
66.92660
16.92660
23.17660
73.17660
98.17660
48.17660
35.67660
85.67660
60.67660
10.67660
7.55160
57.55160
82.55160
32.55160
45.05160
95.05160
70.05160
20.05160
13.80160
63.80160
88.80160
38.80160
26.30160
76.30160
51.30160
1.30160
0.91097
50.91097
75.91097
25.91097
38.41097
88.41097
63.41097
13.41097
19.66097
69.66097
94.66097
44.66097
32.16097
82.16097
57.16097
7.16097
10.28597
60.28597
85.28597
35.28597
47.78597
97.78597
72.78597
22.78597
16.53597
66.53597
91.53597
41.53597
29.03597
79.03597
54.03597
4.03597
5.59847
55.59847
80.59847
30.59847
43.09847
93.09847
68.09847
18.09847
24.34847
74.34847
99.34847
49.34847
36.84847
86.84847
61.84847
11.84847
8.72347
58.72347
83.72347
33.72347
46.22347
96.22347
71.22347
21.22347
14.97347
64.97347
89.97347
39.97347
27.47347
77.47347
52.47347
2.47347
1.69222
51.69222
76.69222
26.69222
39.19222
89.19222
64.19222
14.19222
20.44222
70.44222
95.44222
45.44222
32.94222
82.94222
57.94222
7.94222
11.06722
61.06722
86.06722
36.06722
48.56722
98.56722
73.56722
23.56722
17.31722
67.31722
92.31722
42.31722
29.81722
79.81722
54.81722
4.81722
3.25472
53.25472
78.25472
28.25472
40.75472
90.75472
65.75472
15.75472
22.00472
72.00472
97.00472
47.00472
34.50472
84.50472
59.50472
9.50472
6.37972
56.37972
81.37972
31.37972
43.87972
93.87972
68.87972
18.87972
12.62972
62.62972
87.62972
37.62972
25.12972
75.12972
50.12972
0.12972
0.17855
50.17855
75.17855
25.17855
37.67855
87.67855
62.67855
12.67855
18.92855
68.92855
93.92855
43.92855
31.42855
81.42855
56.42855
6.42855
9.55355
59.55355
84.55355
34.55355
47.05355
97.05355
72.05355
22.05355
15.80355
65.80355
90.80355
40.80355
28.30355
78.30355
53.30355
3.30355
4.86605
54.86605
79.86605
29.86605
42.36605
92.36605
67.36605
17.36605
23.61605
73.61605
98.61605
48.61605
36.11605
86.11605
61.11605
11.11605
7.99105
57.99105
82.99105
32.99105
45.49105
95.49105
70.49105
20.49105
14.24105
64.24105
89.24105
39.24105
26.74105
76.74105
51.74105
1.74105
2.52230
52.52230
77.52230
27.52230
40.02230
90.02230
65.02230
15.02230
21.27230
71.27230
96.27230
46.27230
33.77230
83.77230
58.77230
8.77230
11.89730
61.89730
86.89730
36.89730
49.39730
99.39730
74.39730
24.39730
18.14730
68.14730
93.14730
43.14730
30.64730
80.64730
55.64730
5.64730
4.08480
54.08480
79.08480
29.08480
41.58480
91.58480
66.58480
16.58480
22.83480
72.83480
97.83480
47.83480
35.33480
85.33480
60.33480
10.33480
7.20980
57.20980
82.20980
32.20980
44.70980
94.70980
69.70980
19.70980
13.45980
63.45980
88.45980
38.45980
25.95980
75.95980
50.95980
0.95980
1.35043
51.35043
76.35043
26.35043
38.85043
88.85043
63.85043
13.85043
20.10043
70.10043
95.10043
45.10043
32.60043
82.60043
57.60043
7.60043
10.72543
60.72543
85.72543
35.72543
48.22543
98.22543
73.22543
23.22543
16.97543
66.97543
91.97543
41.97543
29.47543
79.47543
54.47543
4.47543
6.03793
56.03793
81.03793
31.03793
43.53793
93.53793
68.53793
18.53793
24.78793
74.78793
99.78793
49.78793
37.28793
87.28793
62.28793
12.28793
9.16293
59.16293
84.16293
34.16293
46.66293
96.66293
71.66293
21.66293
15.41293
65.41293
90.41293
40.41293
27.91293
77.91293
52.91293
2.91293
2.13168
52.13168
77.13168
27.13168
39.63168
89.63168
64.63168
14.63168
20.88168
70.88168
95.88168
45.88168
33.38168
83.38168
58.38168
8.38168
11.50668
61.50668
86.50668
36.50668
49.00668
99.00668
74.00668
24.00668
17.75668
67.75668
92.75668
42.75668
30.25668
80.25668
55.25668
5.25668
3.69418
53.69418
78.69418
28.69418
41.19418
91.19418
66.19418
16.19418
22.44418
72.44418
97.44418
47.44418
34.94418
84.94418
59.94418
9.94418
6.81918
56.81918
81.81918
31.81918
44.31918
94.31918
69.31918
19.31918
13.06918
63.06918
88.06918
38.06918
25.56918
75.56918
50.56918
0.56918
0.76449
50.76449
75.76449
25.76449
38.26449
88.26449
63.26449
13.26449
19.51449
69.51449
94.51449
44.51449
32.01449
82.01449
57.01449
7.01449
10.13949
60.13949
85.13949
35.13949
47.63949
97.63949
72.63949
22.63949
16.38949
66.38949
91.38949
41.38949
28.88949
78.88949
53.88949
3.88949
5.45199
55.45199
80.45199
30.45199
42.95199
92.95199
67.95199
17.95199
24.20199
74.20199
99.20199
49.20199
36.70199
86.70199
61.70199
11.70199
8.57699
58.57699
83.57699
33.57699
46.07699
96.07699
71.07699
21.07699
14.82699
64.82699
89.82699
39.82699
27.32699
77.32699
52.32699
2.32699
3.10824
53.10824
78.10824
28.10824
40.60824
90.60824
65.60824
15.60824
21.85824
71.85824
96.85824
46.85824
34.35824
84.35824
59.35824
9.35824
12.48324
62.48324
87.48324
37.48324
49.98324
99.98324
74.98324
24.98324
18.73324
68.73324
93.73324
43.73324
31.23324
81.23324
56.23324
6.23324
4.67074
54.67074
79.67074
29.67074
42.17074
92.17074
67.17074
17.17074
23.42074
73.42074
98.42074
48.42074
35.92074
85.92074
60.92074
10.92074
7.79574
57.79574
82.79574
32.79574
45.29574
95.29574
70.29574
20.29574
14.04574
64.04574
89.04574
39.04574
26.54574
76.54574
51.54574
1.54574
1.15511
51.15511
76.15511
26.15511
38.65511
88.65511
63.65511
13.65511
19.90511
69.90511
94.90511
44.90511
32.40511
82.40511
57.40511
7.40511
10.53011
60.53011
85.53011
35.53011
48.03011
98.03011
73.03011
23.03011
16.78011
66.78011
91.78011
41.78011
29.28011
79.28011
54.28011
4.28011
5.84261
55.84261
80.84261
30.84261
43.34261
93.34261
68.34261
18.34261
24.59261
74.59261
99.59261
49.59261
37.09261
87.09261
62.09261
12.09261
8.96761
58.96761
83.96761
33.96761
46.46761
96.46761
71.46761
21.46761
15.21761
65.21761
90.21761
40.21761
27.71761
77.71761
52.71761
2.71761
1.93636
51.93636
76.93636
26.93636
39.43636
89.43636
64.43636
14.43636
20.68636
70.68636
95.68636
45.68636
33.18636
83.18636
58.18636
8.18636
11.31136
61.31136
86.31136
36.31136
48.81136
98.81136
73.81136
23.81136
17.56136
67.56136
92.56136
42.56136
30.06136
80.06136
55.06136
5.06136
3.49886
53.49886
78.49886
28.49886
40.99886
90.99886
65.99886
15.99886
22.24886
72.24886
97.24886
47.24886
34.74886
84.74886
59.74886
9.74886
6.62386
56.62386
81.62386
31.62386
44.12386
94.12386
69.12386
19.12386
12.87386
62.87386
87.87386
37.87386
25.37386
75.37386
50.37386
0.37386
0.27621
50.27621
75.27621
25.27621
37.77621
87.77621
62.77621
12.77621
19.02621
69.02621
94.02621
44.02621
31.52621
81.52621
56.52621
6.52621
9.65121
59.65121
84.65121
34.65121
47.15121
97.15121
72.15121
22.15121
15.90121
65.90121
90.90121
40.90121
28.40121
78.40121
53.40121
3.40121
4.96371
54.96371
79.96371
29.96371
42.46371
92.46371
67.46371
17.46371
23.71371
73.71371
98.71371
48.71371
36.21371
86.21371
61.21371
11.21371
8.08871
58.08871
83.08871
33.08871
45.58871
95.58871
70.58871
20.58871
14.33871
64.33871
89.33871
39.33871
26.83871
76.83871
51.83871
1.83871
2.61996
52.61996
77.61996
27.61996
40.11996
90.11996
65.11996
15.11996
21.36996
71.36996
96.36996
46.36996
33.86996
83.86996
58.86996
8.86996
11.99496
61.99496
86.99496
36.99496
49.49496
99.49496
74.49496
24.49496
18.24496
68.24496
93.24496
43.24496
30.74496
80.74496
55.74496
5.74496
4.18246
54.18246
79.18246
29.18246
41.68246
91.68246
66.68246
16.68246
22.93246
72.93246
97.93246
47.93246
35.43246
85.43246
60.43246
10.43246
7.30746
57.30746
82.30746
32.30746
44.80746
94.80746
69.80746
19.80746
13.55746
63.55746
88.55746
38.55746
26.05746
76.05746
51.05746
1.05746
1.44808
51.44808
76.44808
26.44808
38.94808
88.94808
63.94808
13.94808
20.19808
70.19808
95.19808
45.19808
32.69808
82.69808
57.69808
7.69808
10.82308
60.82308
85.82308
35.82308
48.32308
98.32308
73.32308
23.32308
17.07308
67.07308
92.07308
42.07308
29.57308
79.57308
54.57308
4.57308
6.13558
56.13558
81.13558
31.13558
43.63558
93.63558
68.63558
18.63558
24.88558
74.88558
99.88558
49.88558
37.38558
87.38558
62.38558
12.38558
9.26058
59.26058
84.26058
34.26058
46.76058
96.76058
71.76058
21.76058
15.51058
65.51058
90.51058
40.51058
28.01058
78.01058
53.01058
3.01058
2.22933
52.22933
77.22933
27.22933
39.72933
89.72933
64.72933
14.72933
20.97933
70.97933
95.97933
45.97933
33.47933
83.47933
58.47933
8.47933
11.60433
61.60433
86.60433
36.60433
49.10433
99.10433
74.10433
24.10433
17.85433
67.85433
92.85433
42.85433
30.35433
80.35433
55.35433
5.35433
3.79183
53.79183
78.79183
28.79183
41.29183
91.29183
66.29183
16.29183
22.54183
72.54183
97.54183
47.54183
35.04183
85.04183
60.04183
10.04183
6.91683
56.91683
81.91683
31.91683
44.41683
94.41683
69.41683
19.41683
13.16683
63.16683
88.16683
38.16683
25.66683
75.66683
50.66683
0.66683
0.47152
50.47152
75.47152
25.47152
37.97152
87.97152
62.97152
12.97152
19.22152
69.22152
94.22152
44.22152
31.72152
81.72152
56.72152
6.72152
9.84652
59.84652
84.84652
34.84652
47.34652
97.34652
72.34652
22.34652
16.09652
66.09652
91.09652
41.09652
28.59652
78.59652
53.59652
3.59652
5.15902
55.15902
80.15902
30.15902
42.65902
92.65902
67.65902
17.65902
23.90902
73.90902
98.90902
48.90902
36.40902
86.40902
61.40902
11.40902
8.28402
58.28402
83.28402
33.28402
45.78402
95.78402
70.78402
20.78402
14.53402
64.53402
89.53402
39.53402
27.03402
77.03402
52.03402
2.03402
2.81527
52.81527
77.81527
27.81527
40.31527
90.31527
65.31527
15.31527
21.56527
71.56527
96.56527
46.56527
34.06527
84.06527
59.06527
9.06527
12.19027
62.19027
87.19027
37.19027
49.69027
99.69027
74.69027
24.69027
18.44027
68.44027
93.44027
43.44027
30.94027
80.94027
55.94027
5.94027
4.37777
54.37777
79.37777
29.37777
41.87777
91.87777
66.87777
16.87777
23.12777
73.12777
98.12777
48.12777
35.62777
85.62777
60.62777
10.62777
7.50277
57.50277
82.50277
32.50277
45.00277
95.00277
70.00277
20.00277
13.75277
63.75277
88.75277
38.75277
26.25277
76.25277
51.25277
1.25277
0.86215
50.86215
75.86215
25.86215
38.36215
88.36215
63.36215
13.36215
19.61215
69.61215
94.61215
44.61215
32.11215
82.11215
57.11215
7.11215
10.23715
60.23715
85.23715
35.23715
47.73715
97.73715
72.73715
22.73715
16.48715
66.48715
91.48715
41.48715
28.98715
78.98715
53.98715
3.98715
5.54965
55.54965
80.54965
30.54965
43.04965
93.04965
68.04965
18.04965
24.29965
74.29965
99.29965
49.29965
36.79965
86.79965
61.79965
11.79965
8.67465
58.67465
83.67465
33.67465
46.17465
96.17465
71.17465
21.17465
14.92465
64.92465
89.92465
39.92465
27.42465
77.42465
52.42465
2.42465
1.64340
51.64340
76.64340
26.64340
39.14340
89.14340
64.14340
14.14340
20.39340
70.39340
95.39340
45.39340
32.89340
82.89340
57.89340
7.89340
11.01840
61.01840
86.01840
36.01840
48.51840
98.51840
73.51840
23.51840
17.26840
67.26840
92.26840
42.26840
29.76840
79.76840
54.76840
4.76840
3.20590
53.20590
78.20590
28.20590
40.70590
90.70590
65.70590
15.70590
21.95590
71.95590
96.95590
46.95590
34.45590
84.45590
59.45590
9.45590
6.33090
56.33090
81.33090
31.33090
43.83090
93.83090
68.83090
18.83090
12.58090
62.58090
87.58090
37.58090
25.08090
75.08090
50.08090
0.08090
0.05648
50.05648
75.05648
25.05648
37.55648
87.55648
62.55648
12.55648
18.80648
68.80648
93.80648
43.80648
31.30648
81.30648
56.30648
6.30648
9.43148
59.43148
84.43148
34.43148
46.93148
96.93148
71.93148
21.93148
15.68148
65.68148
90.68148
40.68148
28.18148
78.18148
53.18148
3.18148
4.74398
54.74398
79.74398
29.74398
42.24398
92.24398
67.24398
17.24398
23.49398
73.49398
98.49398
48.49398
35.99398
85.99398
60.99398
10.99398
7.86898
57.86898
82.86898
32.86898
45.36898
95.36898
70.36898
20.36898
14.11898
64.11898
89.11898
39.11898
26.61898
76.61898
51.61898
1.61898
2.40023
52.40023
77.40023
27.40023
39.90023
89.90023
64.90023
14.90023
21.15023
71.15023
96.15023
46.15023
33.65023
83.65023
58.65023
8.65023
11.77523
61.77523
86.77523
36.77523
49.27523
99.27523
74.27523
24.27523
18.02523
68.02523
93.02523
43.02523
30.52523
80.52523
55.52523
5.52523
3.96273
53.96273
78.96273
28.96273
41.46273
91.46273
66.46273
16.46273
22.71273
72.71273
97.71273
47.71273
35.21273
85.21273
60.21273
10.21273
7.08773
57.08773
82.08773
32.08773
44.58773
94.58773
69.58773
19.58773
13.33773
63.33773
88.33773
38.33773
25.83773
75.83773
50.83773
0.83773
1.22836
51.22836
76.22836
26.22836
38.72836
88.72836
63.72836
13.72836
19.97836
69.97836
94.97836
44.97836
32.47836
82.47836
57.47836
7.47836
10.60336
60.60336
85.60336
35.60336
48.10336
98.10336
73.10336
23.10336
16.85336
66.85336
91.85336
41.85336
29.35336
79.35336
54.35336
4.35336
5.91586
55.91586
80.91586
30.91586
43.41586
93.41586
68.41586
18.41586
24.66586
74.66586
99.66586
49.66586
37.16586
87.16586
62.16586
12.16586
9.04086
59.04086
84.04086
34.04086
46.54086
96.54086
71.54086
21.54086
15.29086
65.29086
90.29086
40.29086
27.79086
77.79086
52.79086
2.79086
2.00961
52.00961
77.00961
27.00961
39.50961
89.50961
64.50961
14.50961
20.75961
70.75961
95.75961
45.75961
33.25961
83.25961
58.25961
8.25961
11.38461
61.38461
86.38461
36.38461
48.88461
98.88461
73.88461
23.88461
17.63461
67.63461
92.63461
42.63461
30.13461
80.13461
55.13461
5.13461
3.57211
53.57211
78.57211
28.57211
41.07211
91.07211
66.07211
16.07211
22.32211
72.32211
97.32211
47.32211
34.82211
84.82211
59.82211
9.82211
6.69711
56.69711
81.69711
31.69711
44.19711
94.19711
69.19711
19.19711
12.94711
62.94711
87.94711
37.94711
25.44711
75.44711
50.44711
0.44711
0.64242
50.64242
75.64242
25.64242
38.14242
88.14242
63.14242
13.14242
19.39242
69.39242
94.39242
44.39242
31.89242
81.89242
56.89242
6.89242
10.01742
60.01742
85.01742
35.01742
47.51742
97.51742
72.51742
22.51742
16.26742
66.26742
91.26742
41.26742
28.76742
78.76742
53.76742
3.76742
5.32992
55.32992
80.32992
30.32992
42.82992
92.82992
67.82992
17.82992
24.07992
74.07992
99.07992
49.07992
36.57992
86.57992
61.57992
11.57992
8.45492
58.45492
83.45492
33.45492
45.95492
95.95492
70.95492
20.95492
14.70492
64.70492
89.70492
39.70492
27.20492
77.20492
52.20492
2.20492
2.98617
52.98617
77.98617
27.98617
40.48617
90.48617
65.48617
15.48617
21.73617
71.73617
96.73617
46.73617
34.23617
84.23617
59.23617
9.23617
12.36117
62.36117
87.36117
37.36117
49.86117
99.86117
74.86117
24.86117
18.61117
68.61117
93.61117
43.61117
31.11117
81.11117
56.11117
6.11117
4.54867
54.54867
79.54867
29.54867
42.04867
92.04867
67.04867
17.04867
23.29867
73.29867
98.29867
48.29867
35.79867
85.79867
60.79867
10.79867
7.67367
57.67367
82.67367
32.67367
45.17367
95.17367
70.17367
20.17367
13.92367
63.92367
88.92367
38.92367
26.42367
76.42367
51.42367
1.42367
1.03304
51.03304
76.03304
26.03304
38.53304
88.53304
63.53304
13.53304
19.78304
69.78304
94.78304
44.78304
32.28304
82.28304
57.28304
7.28304
10.40804
60.40804
85.40804
35.40804
47.90804
97.90804
72.90804
22.90804
16.65804
66.65804
91.65804
41.65804
29.15804
79.15804
54.15804
4.15804
5.72054
55.72054
80.72054
30.72054
43.22054
93.22054
68.22054
18.22054
24.47054
74.47054
99.47054
49.47054
36.97054
86.97054
61.97054
11.97054
8.84554
58.84554
83.84554
33.84554
46.34554
96.34554
71.34554
21.34554
15.09554
65.09554
90.09554
40.09554
27.59554
77.59554
52.59554
2.59554
1.81429
51.81429
76.81429
26.81429
39.31429
89.31429
64.31429
14.31429
20.56429
70.56429
95.56429
45.56429
33.06429
83.06429
58.06429
8.06429
11.18929
61.18929
86.18929
36.18929
48.68929
98.68929
73.68929
23.68929
17.43929
67.43929
92.43929
42.43929
29.93929
79.93929
54.93929
4.93929
3.37679
53.37679
78.37679
28.37679
40.87679
90.87679
65.87679
15.87679
22.12679
72.12679
97.12679
47.12679
34.62679
84.62679
59.62679
9.62679
6.50179
56.50179
81.50179
31.50179
44.00179
94.00179
69.00179
19.00179
12.75179
62.75179
87.75179
37.75179
25.25179
75.25179
50.25179
0.25179
0.34945
50.34945
75.34945
25.34945
37.84945
87.84945
62.84945
12.84945
19.09945
69.09945
94.09945
44.09945
31.59945
81.59945
56.59945
6.59945
9.72445
59.72445
84.72445
34.72445
47.22445
97.22445
72.22445
22.22445
15.97445
65.97445
90.97445
40.97445
28.47445
78.47445
53.47445
3.47445
5.03695
55.03695
80.03695
30.03695
42.53695
92.53695
67.53695
17.53695
23.78695
73.78695
98.78695
48.78695
36.28695
86.28695
61.28695
11.28695
8.16195
58.16195
83.16195
33.16195
45.66195
95.66195
70.66195
20.66195
14.41195
64.41195
89.41195
39.41195
26.91195
76.91195
51.91195
1.91195
2.69320
52.69320
77.69320
27.69320
40.19320
90.19320
65.19320
15.19320
21.44320
71.44320
96.44320
46.44320
33.94320
83.94320
58.94320
8.94320
12.06820
62.06820
87.06820
37.06820
49.56820
99.56820
74.56820
24.56820
18.31820
68.31820
93.31820
43.31820
30.81820
80.81820
55.81820
5.81820
4.25570
54.25570
79.25570
29.25570
41.75570
91.75570
66.75570
16.75570
23.00570
73.00570
98.00570
48.00570
35.50570
85.50570
60.50570
10.50570
7.38070
57.38070
82.38070
32.38070
44.88070
94.88070
69.88070
19.88070
13.63070
63.63070
88.63070
38.63070
26.13070
76.13070
51.13070
1.13070
1.52133
51.52133
76.52133
26.52133
39.02133
89.02133
64.02133
14.02133
20.27133
70.27133
95.27133
45.27133
32.77133
82.77133
57.77133
7.77133
10.89633
60.89633
85.89633
35.89633
48.39633
98.39633
73.39633
23.39633
17.14633
67.14633
92.14633
42.14633
29.64633
79.64633
54.64633
4.64633
6.20883
56.20883
81.20883
31.20883
43.70883
93.70883
68.70883
18.70883
24.95883
74.95883
99.95883
49.95883
37.45883
87.45883
62.45883
12.45883
9.33383
59.33383
84.33383
34.33383
46.83383
96.83383
71.83383
21.83383
15.58383
65.58383
90.58383
40.58383
28.08383
78.08383
53.08383
3.08383
2.30258
52.30258
77.30258
27.30258
39.80258
89.80258
64.80258
14.80258
21.05258
71.05258
96.05258
46.05258
33.55258
83.55258
58.55258
8.55258
11.67758
61.67758
86.67758
36.67758
49.17758
99.17758
74.17758
24.17758
17.92758
67.92758
92.92758
42.92758
30.42758
80.42758
55.42758
5.42758
3.86508
53.86508
78.86508
28.86508
41.36508
91.36508
66.36508
16.36508
22.61508
72.61508
97.61508
47.61508
35.11508
85.11508
60.11508
10.11508
6.99008
56.99008
81.99008
31.99008
44.49008
94.49008
69.49008
19.49008
13.24008
63.24008
88.24008
38.24008
25.74008
75.74008
50.74008
0.74008
0.54476
50.54476
75.54476
25.54476
38.04476
88.04476
63.04476
13.04476
19.29476
69.29476
94.29476
44.29476
31.79476
81.79476
56.79476
6.79476
9.91976
59.91976
84.91976
34.91976
47.41976
97.41976
72.41976
22.41976
16.16976
66.16976
91.16976
41.16976
28.66976
78.66976
53.66976
3.66976
5.23226
55.23226
80.23226
30.23226
42.73226
92.73226
67.73226
17.73226
23.98226
73.98226
98.98226
48.98226
36.48226
86.48226
61.48226
11.48226
8.35726
58.35726
83.35726
33.35726
45.85726
95.85726
70.85726
20.85726
14.60726
64.60726
89.60726
39.60726
27.10726
77.10726
52.10726
2.10726
2.88851
52.88851
77.88851
27.88851
40.38851
90.38851
65.38851
15.38851
21.63851
71.63851
96.63851
46.63851
34.13851
84.13851
59.13851
9.13851
12.26351
62.26351
87.26351
37.26351
49.76351
99.76351
74.76351
24.76351
18.51351
68.51351
93.51351
43.51351
31.01351
81.01351
56.01351
6.01351
4.45101
54.45101
79.45101
29.45101
41.95101
91.95101
66.95101
16.95101
23.20101
73.20101
98.20101
48.20101
35.70101
85.70101
60.70101
10.70101
7.57601
57.57601
82.57601
32.57601
45.07601
95.07601
70.07601
20.07601
13.82601
63.82601
88.82601
38.82601
26.32601
76.32601
51.32601
1.32601
0.93539
50.93539
75.93539
25.93539
38.43539
88.43539
63.43539
13.43539
19.68539
69.68539
94.68539
44.68539
32.18539
82.18539
57.18539
7.18539
10.31039
60.31039
85.31039
35.31039
47.81039
97.81039
72.81039
22.81039
16.56039
66.56039
91.56039
41.56039
29.06039
79.06039
54.06039
4.06039
5.62289
55.62289
80.62289
30.62289
43.12289
93.12289
68.12289
18.12289
24.37289
74.37289
99.37289
49.37289
36.87289
86.87289
61.87289
11.87289
8.74789
58.74789
83.74789
33.74789
46.24789
96.24789
71.24789
21.24789
14.99789
64.99789
89.99789
39.99789
27.49789
77.49789
52.49789
2.49789
1.71664
51.71664
76.71664
26.71664
39.21664
89.21664
64.21664
14.21664
20.46664
70.46664
95.46664
45.46664
32.96664
82.96664
57.96664
7.96664
11.09164
61.09164
86.09164
36.09164
48.59164
98.59164
73.59164
23.59164
17.34164
67.34164
92.34164
42.34164
29.84164
79.84164
54.84164
4.84164
3.27914
53.27914
78.27914
28.27914
40.77914
90.77914
65.77914
15.77914
22.02914
72.02914
97.02914
47.02914
34.52914
84.52914
59.52914
9.52914
6.40414
56.40414
81.40414
31.40414
43.90414
93.90414
68.90414
18.90414
12.65414
62.65414
87.65414
37.65414
25.15414
75.15414
50.15414
0.15414
0.10531
50.10531
75.10531
25.10531
37.60531
87.60531
62.60531
12.60531
18.85531
68.85531
93.85531
43.85531
31.35531
81.35531
56.35531
6.35531
9.48031
59.48031
84.48031
34.48031
46.98031
96.98031
71.98031
21.98031
15.73031
65.73031
90.73031
40.73031
28.23031
78.23031
53.23031
3.23031
4.79281
54.79281
79.79281
29.79281
42.29281
92.29281
67.29281
17.29281
23.54281
73.54281
98.54281
48.54281
36.04281
86.04281
61.04281
11.04281
7.91781
57.91781
82.91781
32.91781
45.41781
95.41781
70.41781
20.41781
14.16781
64.16781
89.16781
39.16781
26.66781
76.66781
51.66781
1.66781
2.44906
52.44906
77.44906
27.44906
39.94906
89.94906
64.94906
14.94906
21.19906
71.19906
96.19906
46.19906
33.69906
83.69906
58.69906
8.69906
11.82406
61.82406
86.82406
36.82406
49.32406
99.32406
74.32406
24.32406
18.07406
68.07406
93.07406
43.07406
30.57406
80.57406
55.57406
5.57406
4.01156
54.01156
79.01156
29.01156
41.51156
91.51156
66.51156
16.51156
22.76156
72.76156
97.76156
47.76156
35.26156
85.26156
60.26156
10.26156
7.13656
57.13656
82.13656
32.13656
44.63656
94.63656
69.63656
19.63656
13.38656
63.38656
88.38656
38.38656
25.88656
75.88656
50.88656
0.88656
1.27718
51.27718
76.27718
26.27718
38.77718
88.77718
63.77718
13.77718
20.02718
70.02718
95.02718
45.02718
32.52718
82.52718
57.52718
7.52718
10.65218
60.65218
85.65218
35.65218
48.15218
98.15218
73.15218
23.15218
16.90218
66.90218
91.90218
41.90218
29.40218
79.40218
54.40218
4.40218
5.96468
55.96468
80.96468
30.96468
43.46468
93.46468
68.46468
18.46468
24.71468
74.71468
99.71468
49.71468
37.21468
87.21468
62.21468
12.21468
9.08968
59.08968
84.08968
34.08968
46.58968
96.58968
71.58968
21.58968
15.33968
65.33968
90.33968
40.33968
27.83968
77.83968
52.83968
2.83968
2.05843
52.05843
77.05843
27.05843
39.55843
89.55843
64.55843
14.55843
20.80843
70.80843
95.80843
45.80843
33.30843
83.30843
58.30843
8.30843
11.43343
61.43343
86.43343
36.43343
48.93343
98.93343
73.93343
23.93343
17.68343
67.68343
92.68343
42.68343
30.18343
80.18343
55.18343
5.18343
3.62093
53.62093
78.62093
28.62093
41.12093
91.12093
66.12093
16.12093
22.37093
72.37093
97.37093
47.37093
34.87093
84.87093
59.87093
9.87093
6.74593
56.74593
81.74593
31.74593
44.24593
94.24593
69.24593
19.24593
12.99593
62.99593
87.99593
37.99593
25.49593
75.49593
50.49593
0.49593
0.69125
50.69125
75.69125
25.69125
38.19125
88.19125
63.19125
13.19125
19.44125
69.44125
94.44125
44.44125
31.94125
81.94125
56.94125
6.94125
10.06625
60.06625
85.06625
35.06625
47.56625
97.56625
72.56625
22.56625
16.31625
66.31625
91.31625
41.31625
28.81625
78.81625
53.81625
3.81625
5.37875
55.37875
80.37875
30.37875
42.87875
92.87875
67.87875
17.87875
24.12875
74.12875
99.12875
49.12875
36.62875
86.62875
61.62875
11.62875
8.50375
58.50375
83.50375
33.50375
46.00375
96.00375
71.00375
21.00375
14.75375
64.75375
89.75375
39.75375
27.25375
77.25375
52.25375
2.25375
3.03500
53.03500
78.03500
28.03500
40.53500
90.53500
65.53500
15.53500
21.78500
71.78500
96.78500
46.78500
34.28500
84.28500
59.28500
9.28500
12.41000
62.41000
87.41000
37.41000
49.91000
99.91000
74.91000
24.91000
18.66000
68.66000
93.66000
43.66000
31.16000
81.16000
56.16000
6.16000
4.59750
54.59750
79.59750
29.59750
42.09750
92.09750
67.09750
17.09750
23.34750
73.34750
98.34750
48.34750
35.84750
85.84750
60.84750
10.84750
7.72250
57.72250
82.72250
32.72250
45.22250
95.22250
70.22250
20.22250
13.97250
63.97250
88.97250
38.97250
26.47250
76.47250
51.47250
1.47250
1.08187
51.08187
76.08187
26.08187
38.58187
88.58187
63.58187
13.58187
19.83187
69.83187
94.83187
44.83187
32.33187
82.33187
57.33187
7.33187
10.45687
60.45687
85.45687
35.45687
47.95687
97.95687
72.95687
22.95687
16.70687
66.70687
91.70687
41.70687
29.20687
79.20687
54.20687
4.20687
5.76937
55.76937
80.76937
30.76937
43.26937
93.26937
68.26937
18.26937
24.51937
74.51937
99.51937
49.51937
37.01937
87.01937
62.01937
12.01937
8.89437
58.89437
83.89437
33.89437
46.39437
96.39437
71.39437
21.39437
15.14437
65.14437
90.14437
40.14437
27.64437
77.64437
52.64437
2.64437
1.86312
51.86312
76.86312
26.86312
39.36312
89.36312
64.36312
14.36312
20.61312
70.61312
95.61312
45.61312
33.11312
83.11312
58.11312
8.11312
11.23812
61.23812
86.23812
36.23812
48.73812
98.73812
73.73812
23.73812
17.48812
67.48812
92.48812
42.48812
29.98812
79.98812
54.98812
4.98812
3.42562
53.42562
78.42562
28.42562
40.92562
90.92562
65.92562
15.92562
22.17562
72.17562
97.17562
47.17562
34.67562
84.67562
59.67562
9.67562
6.55062
56.55062
81.55062
31.55062
44.05062
94.05062
69.05062
19.05062
12.80062
62.80062
87.80062
37.80062
25.30062
75.30062
50.30062
0.30062
0.20297
50.20297
75.20297
25.20297
37.70297
87.70297
62.70297
12.70297
18.95297
68.95297
93.95297
43.95297
31.45297
81.45297
56.45297
6.45297
9.57797
59.57797
84.57797
34.57797
47.07797
97.07797
72.07797
22.07797
15.82797
65.82797
90.82797
40.82797
28.32797
78.32797
53.32797
3.32797
4.89047
54.89047
79.89047
29.89047
42.39047
92.39047
67.39047
17.39047
23.64047
73.64047
98.64047
48.64047
36.14047
86.14047
61.14047
11.14047
8.01547
58.01547
83.01547
33.01547
45.51547
95.51547
70.51547
20.51547
14.26547
64.26547
89.26547
39.26547
26.76547
76.76547
51.76547
1.76547
2.54672
52.54672
77.54672
27.54672
40.04672
90.04672
65.04672
15.04672
21.29672
71.29672
96.29672
46.29672
33.79672
83.79672
58.79672
8.79672
11.92172
61.92172
86.92172
36.92172
49.42172
99.42172
74.42172
24.42172
18.17172
68.17172
93.17172
43.17172
30.67172
80.67172
55.67172
5.67172
4.10922
54.10922
79.10922
29.10922
41.60922
91.60922
66.60922
16.60922
22.85922
72.85922
97.85922
47.85922
35.35922
85.35922
60.35922
10.35922
7.23422
57.23422
82.23422
32.23422
44.73422
94.73422
69.73422
19.73422
13.48422
63.48422
88.48422
38.48422
25.98422
75.98422
50.98422
0.98422
1.37484
51.37484
76.37484
26.37484
38.87484
88.87484
63.87484
13.87484
20.12484
70.12484
95.12484
45.12484
32.62484
82.62484
57.62484
7.62484
10.74984
60.74984
85.74984
35.74984
48.24984
98.24984
73.24984
23.24984
16.99984
66.99984
91.99984
41.99984
29.49984
79.49984
54.49984
4.49984
6.06234
56.06234
81.06234
31.06234
43.56234
93.56234
68.56234
18.56234
24.81234
74.81234
99.81234
49.81234
37.31234
87.31234
62.31234
12.31234
9.18734
59.18734
84.18734
34.18734
46.68734
96.68734
71.68734
21.68734
15.43734
65.43734
90.43734
40.43734
27.93734
77.93734
52.93734
2.93734
2.15609
52.15609
77.15609
27.15609
39.65609
89.65609
64.65609
14.65609
20.90609
70.90609
95.90609
45.90609
33.40609
83.40609
58.40609
8.40609
11.53109
61.53109
86.53109
36.53109
49.03109
99.03109
74.03109
24.03109
17.78109
67.78109
92.78109
42.78109
30.28109
80.28109
55.28109
5.28109
3.71859
53.71859
78.71859
28.71859
41.21859
91.21859
66.21859
16.21859
22.46859
72.46859
97.46859
47.46859
34.96859
84.96859
59.96859
9.96859
6.84359
56.84359
81.84359
31.84359
44.34359
94.34359
69.34359
19.34359
13.09359
63.09359
88.09359
38.09359
25.59359
75.59359
50.59359
0.59359
0.39828
50.39828
75.39828
25.39828
37.89828
87.89828
62.89828
12.89828
19.14828
69.14828
94.14828
44.14828
31.64828
81.64828
56.64828
6.64828
9.77328
59.77328
84.77328
34.77328
47.27328
97.27328
72.27328
22.27328
16.02328
66.02328
91.02328
41.02328
28.52328
78.52328
53.52328
3.52328
5.08578
55.08578
80.08578
30.08578
42.58578
92.58578
67.58578
17.58578
23.83578
73.83578
98.83578
48.83578
36.33578
86.33578
61.33578
11.33578
8.21078
58.21078
83.21078
33.21078
45.71078
95.71078
70.71078
20.71078
14.46078
64.46078
89.46078
39.46078
26.96078
76.96078
51.96078
1.96078
2.74203
52.74203
77.74203
27.74203
40.24203
90.24203
65.24203
15.24203
21.49203
71.49203
96.49203
46.49203
33.99203
83.99203
58.99203
8.99203
12.11703
62.11703
87.11703
37.11703
49.61703
99.61703
74.61703
24.61703
18.36703
68.36703
93.36703
43.36703
30.86703
80.86703
55.86703
5.86703
4.30453
54.30453
79.30453
29.30453
41.80453
91.80453
66.80453
16.80453
23.05453
73.05453
98.05453
48.05453
35.55453
85.55453
60.55453
10.55453
7.42953
57.42953
82.42953
32.42953
44.92953
94.92953
69.92953
19.92953
13.67953
63.67953
88.67953
38.67953
26.17953
76.17953
51.17953
1.17953
0.78890
50.78890
75.78890
25.78890
38.28890
88.28890
63.28890
13.28890
19.53890
69.53890
94.53890
44.53890
32.03890
82.03890
57.03890
7.03890
10.16390
60.16390
85.16390
35.16390
47.66390
97.66390
72.66390
22.66390
16.41390
66.41390
91.41390
41.41390
28.91390
78.91390
53.91390
3.91390
5.47640
55.47640
80.47640
30.47640
42.97640
92.97640
67.97640
17.97640
24.22640
74.22640
99.22640
49.22640
36.72640
86.72640
61.72640
11.72640
8.60140
58.60140
83.60140
33.60140
46.10140
96.10140
71.10140
21.10140
14.85140
64.85140
89.85140
39.85140
27.35140
77.35140
52.35140
2.35140
1.57015
51.57015
76.57015
26.57015
39.07015
89.07015
64.07015
14.07015
20.32015
70.32015
95.32015
45.32015
32.82015
82.82015
57.82015
7.82015
10.94515
60.94515
85.94515
35.94515
48.44515
98.44515
73.44515
23.44515
17.19515
67.19515
92.19515
42.19515
29.69515
79.69515
54.69515
4.69515
3.13265
53.13265
78.13265
28.13265
40.63265
90.63265
65.63265
15.63265
21.88265
71.88265
96.88265
46.88265
34.38265
84.38265
59.38265
9.38265
6.25765
56.25765
81.25765
31.25765
43.75765
93.75765
68.75765
18.75765
12.50765
62.50765
87.50765
37.50765
25.00765
75.00765
50.00765
0.00765
0.01070
50.01070
75.01070
25.01070
37.51070
87.51070
62.51070
12.51070
18.76070
68.76070
93.76070
43.76070
31.26070
81.26070
56.26070
6.26070
9.38570
59.38570
84.38570
34.38570
46.88570
96.88570
71.88570
21.88570
15.63570
65.63570
90.63570
40.63570
28.13570
78.13570
53.13570
3.13570
4.69820
54.69820
79.69820
29.69820
42.19820
92.19820
67.19820
17.19820
23.44820
73.44820
98.44820
48.44820
35.94820
85.94820
60.94820
10.94820
7.82320
57.82320
82.82320
32.82320
45.32320
95.32320
70.32320
20.32320
14.07320
64.07320
89.07320
39.07320
26.57320
76.57320
51.57320
1.57320
2.35445
52.35445
77.35445
27.35445
39.85445
89.85445
64.85445
14.85445
21.10445
71.10445
96.10445
46.10445
33.60445
83.60445
58.60445
8.60445
11.72945
61.72945
86.72945
36.72945
49.22945
99.22945
74.22945
24.22945
17.97945
67.97945
92.97945
42.97945
30.47945
80.47945
55.47945
5.47945
3.91695
53.91695
78.91695
28.91695
41.41695
91.41695
66.41695
16.41695
22.66695
72.66695
97.66695
47.66695
35.16695
85.16695
60.16695
10.16695
7.04195
57.04195
82.04195
32.04195
44.54195
94.54195
69.54195
19.54195
13.29195
63.29195
88.29195
38.29195
25.79195
75.79195
50.79195
0.79195
1.18258
51.18258
76.18258
26.18258
38.68258
88.68258
63.68258
13.68258
19.93258
69.93258
94.93258
44.93258
32.43258
82.43258
57.43258
7.43258
10.55758
60.55758
85.55758
35.55758
48.05758
98.05758
73.05758
23.05758
16.80758
66.80758
91.80758
41.80758
29.30758
79.30758
54.30758
4.30758
5.87008
55.87008
80.87008
30.87008
43.37008
93.37008
68.37008
18.37008
24.62008
74.62008
99.62008
49.62008
37.12008
87.12008
62.12008
12.12008
8.99508
58.99508
83.99508
33.99508
46.49508
96.49508
71.49508
21.49508
15.24508
65.24508
90.24508
40.24508
27.74508
77.74508
52.74508
2.74508
1.96383
51.96383
76.96383
26.96383
39.46383
89.46383
64.46383
14.46383
20.71383
70.71383
95.71383
45.71383
33.21383
83.21383
58.21383
8.21383
11.33883
61.33883
86.33883
36.33883
48.83883
98.83883
73.83883
23.83883
17.58883
67.58883
92.58883
42.58883
30.08883
80.08883
55.08883
5.08883
3.52633
53.52633
78.52633
28.52633
41.02633
91.02633
66.02633
16.02633
22.27633
72.27633
97.27633
47.27633
34.77633
84.77633
59.77633
9.77633
6.65133
56.65133
81.65133
31.65133
44.15133
94.15133
69.15133
19.15133
12.90133
62.90133
87.90133
37.90133
25.40133
75.40133
50.40133
0.40133
0.59664
50.59664
75.59664
25.59664
38.09664
88.09664
63.09664
13.09664
19.34664
69.34664
94.34664
44.34664
31.84664
81.84664
56.84664
6.84664
9.97164
59.97164
84.97164
34.97164
47.47164
97.47164
72.47164
22.47164
16.22164
66.22164
91.22164
41.22164
28.72164
78.72164
53.72164
3.72164
5.28414
55.28414
80.28414
30.28414
42.78414
92.78414
67.78414
17.78414
24.03414
74.03414
99.03414
49.03414
36.53414
86.53414
61.53414
11.53414
8.40914
58.40914
83.40914
33.40914
45.90914
95.90914
70.90914
20.90914
14.65914
64.65914
89.65914
39.65914
27.15914
77.15914
52.15914
2.15914
2.94039
52.94039
77.94039
27.94039
40.44039
90.44039
65.44039
15.44039
21.69039
71.69039
96.69039
46.69039
34.19039
84.19039
59.19039
9.19039
12.31539
62.31539
87.31539
37.31539
49.81539
99.81539
74.81539
24.81539
18.56539
68.56539
93.56539
43.56539
31.06539
81.06539
56.06539
6.06539
4.50289
54.50289
79.50289
29.50289
42.00289
92.00289
67.00289
17.00289
23.25289
73.25289
98.25289
48.25289
35.75289
85.75289
60.75289
10.75289
7.62789
57.62789
82.62789
32.62789
45.12789
95.12789
70.12789
20.12789
13.87789
63.87789
88.87789
38.87789
26.37789
76.37789
51.37789
1.37789
0.98727
50.98727
75.98727
25.98727
38.48727
88.48727
63.48727
13.48727
19.73727
69.73727
94.73727
44.73727
32.23727
82.23727
57.23727
7.23727
10.36227
60.36227
85.36227
35.36227
47.86227
97.86227
72.86227
22.86227
16.61227
66.61227
91.61227
41.61227
29.11227
79.11227
54.11227
4.11227
5.67477
55.67477
80.67477
30.67477
43.17477
93.17477
68.17477
18.17477
24.42477
74.42477
99.42477
49.42477
36.92477
86.92477
61.92477
11.92477
8.79977
58.79977
83.79977
33.79977
46.29977
96.29977
71.29977
21.29977
15.04977
65.04977
90.04977
40.04977
27.54977
77.54977
52.54977
2.54977
1.76852
51.76852
76.76852
26.76852
39.26852
89.26852
64.26852
14.26852
20.51852
70.51852
95.51852
45.51852
33.01852
83.01852
58.01852
8.01852
11.14352
61.14352
86.14352
36.14352
48.64352
98.64352
73.64352
23.64352
17.39352
67.39352
92.39352
42.39352
29.89352
79.89352
54.89352
4.89352
3.33102
53.33102
78.33102
28.33102
40.83102
90.83102
65.83102
15.83102
22.08102
72.08102
97.08102
47.08102
34.58102
84.58102
59.58102
9.58102
6.45602
56.45602
81.45602
31.45602
43.95602
93.95602
68.95602
18.95602
12.70602
62.70602
87.70602
37.70602
25.20602
75.20602
50.20602
0.20602
0.30367
50.30367
75.30367
25.30367
37.80367
87.80367
62.80367
12.80367
19.05367
69.05367
94.05367
44.05367
31.55367
81.55367
56.55367
6.55367
9.67867
59.67867
84.67867
34.67867
47.17867
97.17867
72.17867
22.17867
15.92867
65.92867
90.92867
40.92867
28.42867
78.42867
53.42867
3.42867
4.99117
54.99117
79.99117
29.99117
42.49117
92.49117
67.49117
17.49117
23.74117
73.74117
98.74117
48.74117
36.24117
86.24117
61.24117
11.24117
8.11617
58.11617
83.11617
33.11617
45.61617
95.61617
70.61617
20.61617
14.36617
64.36617
89.36617
39.36617
26.86617
76.86617
51.86617
1.86617
2.64742
52.64742
77.64742
27.64742
40.14742
90.14742
65.14742
15.14742
21.39742
71.39742
96.39742
46.39742
33.89742
83.89742
58.89742
8.89742
12.02242
62.02242
87.02242
37.02242
49.52242
99.52242
74.52242
24.52242
18.27242
68.27242
93.27242
43.27242
30.77242
80.77242
55.77242
5.77242
4.20992
54.20992
79.20992
29.20992
41.70992
91.70992
66.70992
16.70992
22.95992
72.95992
97.95992
47.95992
35.45992
85.45992
60.45992
10.45992
7.33492
57.33492
82.33492
32.33492
44.83492
94.83492
69.83492
19.83492
13.58492
63.58492
88.58492
38.58492
26.08492
76.08492
51.08492
1.08492
1.47555
51.47555
76.47555
26.47555
38.97555
88.97555
63.97555
13.97555
20.22555
70.22555
95.22555
45.22555
32.72555
82.72555
57.72555
7.72555
10.85055
60.85055
85.85055
35.85055
48.35055
98.35055
73.35055
23.35055
17.10055
67.10055
92.10055
42.10055
29.60055
79.60055
54.60055
4.60055
6.16305
56.16305
81.16305
31.16305
43.66305
93.66305
68.66305
18.66305
24.91305
74.91305
99.91305
49.91305
37.41305
87.41305
62.41305
12.41305
9.28805
59.28805
84.28805
34.28805
46.78805
96.78805
71.78805
21.78805
15.53805
65.53805
90.53805
40.53805
28.03805
78.03805
53.03805
3.03805
2.25680
52.25680
77.25680
27.25680
39.75680
89.75680
64.75680
14.75680
21.00680
71.00680
96.00680
46.00680
33.50680
83.50680
58.50680
8.50680
11.63180
61.63180
86.63180
36.63180
49.13180
99.13180
74.13180
24.13180
17.88180
67.88180
92.88180
42.88180
30.38180
80.38180
55.38180
5.38180
3.81930
53.81930
78.81930
28.81930
41.31930
91.31930
66.31930
16.31930
22.56930
72.56930
97.56930
47.56930
35.06930
85.06930
60.06930
10.06930
6.94430
56.94430
81.94430
31.94430
44.44430
94.44430
69.44430
19.44430
13.19430
63.19430
88.19430
38.19430
25.69430
75.69430
50.69430
0.69430
0.49899
50.49899
75.49899
25.49899
37.99899
87.99899
62.99899
12.99899
19.24899
69.24899
94.24899
44.24899
31.74899
81.74899
56.74899
6.74899
9.87399
59.87399
84.87399
34.87399
47.37399
97.37399
72.37399
22.37399
16.12399
66.12399
91.12399
41.12399
28.62399
78.62399
53.62399
3.62399
5.18649
55.18649
80.18649
30.18649
42.68649
92.68649
67.68649
17.68649
23.93649
73.93649
98.93649
48.93649
36.43649
86.43649
61.43649
11.43649
8.31149
58.31149
83.31149
33.31149
45.81149
95.81149
70.81149
20.81149
14.56149
64.56149
89.56149
39.56149
27.06149
77.06149
52.06149
2.06149
2.84274
52.84274
77.84274
27.84274
40.34274
90.34274
65.34274
15.34274
21.59274
71.59274
96.59274
46.59274
34.09274
84.09274
59.09274
9.09274
12.21774
62.21774
87.21774
37.21774
49.71774
99.71774
74.71774
24.71774
18.46774
68.46774
93.46774
43.46774
30.96774
80.96774
55.96774
5.96774
4.40524
54.40524
79.40524
29.40524
41.90524
91.90524
66.90524
16.90524
23.15524
73.15524
98.15524
48.15524
35.65524
85.65524
60.65524
10.65524
7.53024
57.53024
82.53024
32.53024
45.03024
95.03024
70.03024
20.03024
13.78024
63.78024
88.78024
38.78024
26.28024
76.28024
51.28024
1.28024
0.88961
50.88961
75.88961
25.88961
38.38961
88.38961
63.38961
13.38961
19.63961
69.63961
94.63961
44.63961
32.13961
82.13961
57.13961
7.13961
10.26461
60.26461
85.26461
35.26461
47.76461
97.76461
72.76461
22.76461
16.51461
66.51461
91.51461
41.51461
29.01461
79.01461
54.01461
4.01461
5.57711
55.57711
80.57711
30.57711
43.07711
93.07711
68.07711
18.07711
24.32711
74.32711
99.32711
49.32711
36.82711
86.82711
61.82711
11.82711
8.70211
58.70211
83.70211
33.70211
46.20211
96.20211
71.20211
21.20211
14.95211
64.95211
89.95211
39.95211
27.45211
77.45211
52.45211
2.45211
1.67086
51.67086
76.67086
26.67086
39.17086
89.17086
64.17086
14.17086
20.42086
70.42086
95.42086
45.42086
32.92086
82.92086
57.92086
7.92086
11.04586
61.04586
86.04586
36.04586
48.54586
98.54586
73.54586
23.54586
17.29586
67.29586
92.29586
42.29586
29.79586
79.79586
54.79586
4.79586
3.23336
53.23336
78.23336
28.23336
40.73336
90.73336
65.73336
15.73336
21.98336
71.98336
96.98336
46.98336
34.48336
84.48336
59.48336
9.48336
6.35836
56.35836
81.35836
31.35836
43.85836
93.85836
68.85836
18.85836
12.60836
62.60836
87.60836
37.60836
25.10836
75.10836
50.10836
0.10836
0.15719
50.15719
75.15719
25.15719
37.65719
87.65719
62.65719
12.65719
18.90719
68.90719
93.90719
43.90719
31.40719
81.40719
56.40719
6.40719
9.53219
59.53219
84.53219
34.53219
47.03219
97.03219
72.03219
22.03219
15.78219
65.78219
90.78219
40.78219
28.28219
78.28219
53.28219
3.28219
4.84469
54.84469
79.84469
29.84469
42.34469
92.34469
67.34469
17.34469
23.59469
73.59469
98.59469
48.59469
36.09469
86.09469
61.09469
11.09469
7.96969
57.96969
82.96969
32.96969
45.46969
95.46969
70.46969
20.46969
14.21969
64.21969
89.21969
39.21969
26.71969
76.71969
51.71969
1.71969
2.50094
52.50094
77.50094
27.50094
40.00094
90.00094
65.00094
15.00094
21.25094
71.25094
96.25094
46.25094
33.75094
83.75094
58.75094
8.75094
11.87594
61.87594
86.87594
36.87594
49.37594
99.37594
74.37594
24.37594
18.12594
68.12594
93.12594
43.12594
30.62594
80.62594
55.62594
5.62594
4.06344
54.06344
79.06344
29.06344
41.56344
91.56344
66.56344
16.56344
22.81344
72.81344
97.81344
47.81344
35.31344
85.31344
60.31344
10.31344
7.18844
57.18844
82.18844
32.18844
44.68844
94.68844
69.68844
19.68844
13.43844
63.43844
88.43844
38.43844
25.93844
75.93844
50.93844
0.93844
1.32906
51.32906
76.32906
26.32906
38.82906
88.82906
63.82906
13.82906
20.07906
70.07906
95.07906
45.07906
32.57906
82.57906
57.57906
7.57906
10.70406
60.70406
85.70406
35.70406
48.20406
98.20406
73.20406
23.20406
16.95406
66.95406
91.95406
41.95406
29.45406
79.45406
54.45406
4.45406
6.01656
56.01656
81.01656
31.01656
43.51656
93.51656
68.51656
18.51656
24.76656
74.76656
99.76656
49.76656
37.26656
87.26656
62.26656
12.26656
9.14156
59.14156
84.14156
34.14156
46.64156
96.64156
71.64156
21.64156
15.39156
65.39156
90.39156
40.39156
27.89156
77.89156
52.89156
2.89156
2.11031
52.11031
77.11031
27.11031
39.61031
89.61031
64.61031
14.61031
20.86031
70.86031
95.86031
45.86031
33.36031
83.36031
58.36031
8.36031
11.48531
61.48531
86.48531
36.48531
48.98531
98.98531
73.98531
23.98531
17.73531
67.73531
92.73531
42.73531
30.23531
80.23531
55.23531
5.23531
3.67281
53.67281
78.67281
28.67281
41.17281
91.17281
66.17281
16.17281
22.42281
72.42281
97.42281
47.42281
34.92281
84.92281
59.92281
9.92281
6.79781
56.79781
81.79781
31.79781
44.29781
94.29781
69.29781
19.29781
13.04781
63.04781
88.04781
38.04781
25.54781
75.54781
50.54781
0.54781
0.74313
50.74313
75.74313
25.74313
38.24313
88.24313
63.24313
13.24313
19.49313
69.49313
94.49313
44.49313
31.99313
81.99313
56.99313
6.99313
10.11813
60.11813
85.11813
35.11813
47.61813
97.61813
72.61813
22.61813
16.36813
66.36813
91.36813
41.36813
28.86813
78.86813
53.86813
3.86813
5.43063
55.43063
80.43063
30.43063
42.93063
92.93063
67.93063
17.93063
24.18063
74.18063
99.18063
49.18063
36.68063
86.68063
61.68063
11.68063
8.55563
58.55563
83.55563
33.55563
46.05563
96.05563
71.05563
21.05563
14.80563
64.80563
89.80563
39.80563
27.30563
77.30563
52.30563
2.30563
3.08688
53.08688
78.08688
28.08688
40.58688
90.58688
65.58688
15.58688
21.83688
71.83688
96.83688
46.83688
34.33688
84.33688
59.33688
9.33688
12.46188
62.46188
87.46188
37.46188
49.96188
99.96188
74.96188
24.96188
18.71188
68.71188
93.71188
43.71188
31.21188
81.21188
56.21188
6.21188
4.64938
54.64938
79.64938
29.64938
42.14938
92.14938
67.14938
17.14938
23.39938
73.39938
98.39938
48.39938
35.89938
85.89938
60.89938
10.89938
7.77438
57.77438
82.77438
32.77438
45.27438
95.27438
70.27438
20.27438
14.02438
64.02438
89.02438
39.02438
26.52438
76.52438
51.52438
1.52438
1.13375
51.13375
76.13375
26.13375
38.63375
88.63375
63.63375
13.63375
19.88375
69.88375
94.88375
44.88375
32.38375
82.38375
57.38375
7.38375
10.50875
60.50875
85.50875
35.50875
48.00875
98.00875
73.00875
23.00875
16.75875
66.75875
91.75875
41.75875
29.25875
79.25875
54.25875
4.25875
5.82125
55.82125
80.82125
30.82125
43.32125
93.32125
68.32125
18.32125
24.57125
74.57125
99.57125
49.57125
37.07125
87.07125
62.07125
12.07125
8.94625
58.94625
83.94625
33.94625
46.44625
96.44625
71.44625
21.44625
15.19625
65.19625
90.19625
40.19625
27.69625
77.69625
52.69625
2.69625
1.91500
51.91500
76.91500
26.91500
39.41500
89.41500
64.41500
14.41500
20.66500
70.66500
95.66500
45.66500
33.16500
83.16500
58.16500
8.16500
11.29000
61.29000
86.29000
36.29000
48.79000
98.79000
73.79000
23.79000
17.54000
67.54000
92.54000
42.54000
30.04000
80.04000
55.04000
5.04000
3.47750
53.47750
78.47750
28.47750
40.97750
90.97750
65.97750
15.97750
22.22750
72.22750
97.22750
47.22750
34.72750
84.72750
59.72750
9.72750
6.60250
56.60250
81.60250
31.60250
44.10250
94.10250
69.10250
19.10250
12.85250
62.85250
87.85250
37.85250
25.35250
75.35250
50.35250
0.35250
0.25485
50.25485
75.25485
25.25485
37.75485
87.75485
62.75485
12.75485
19.00485
69.00485
94.00485
44.00485
31.50485
81.50485
56.50485
6.50485
9.62985
59.62985
84.62985
34.62985
47.12985
97.12985
72.12985
22.12985
15.87985
65.87985
90.87985
40.87985
28.37985
78.37985
53.37985
3.37985
4.94235
54.94235
79.94235
29.94235
42.44235
92.44235
67.44235
17.44235
23.69235
73.69235
98.69235
48.69235
36.19235
86.19235
61.19235
11.19235
8.06735
58.06735
83.06735
33.06735
45.56735
95.56735
70.56735
20.56735
14.31735
64.31735
89.31735
39.31735
26.81735
76.81735
51.81735
1.81735
2.59860
52.59860
77.59860
27.59860
40.09860
90.09860
65.09860
15.09860
21.34860
71.34860
96.34860
46.34860
33.84860
83.84860
58.84860
8.84860
11.97360
61.97360
86.97360
36.97360
49.47360
99.47360
74.47360
24.47360
18.22360
68.22360
93.22360
43.22360
30.72360
80.72360
55.72360
5.72360
4.16110
54.16110
79.16110
29.16110
41.66110
91.66110
66.66110
16.66110
22.91110
72.91110
97.91110
47.91110
35.41110
85.41110
60.41110
10.41110
7.28610
57.28610
82.28610
32.28610
44.78610
94.78610
69.78610
19.78610
13.53610
63.53610
88.53610
38.53610
26.03610
76.03610
51.03610
1.03610
1.42672
51.42672
76.42672
26.42672
38.92672
88.92672
63.92672
13.92672
20.17672
70.17672
95.17672
45.17672
32.67672
82.67672
57.67672
7.67672
10.80172
60.80172
85.80172
35.80172
48.30172
98.30172
73.30172
23.30172
17.05172
67.05172
92.05172
42.05172
29.55172
79.55172
54.55172
4.55172
6.11422
56.11422
81.11422
31.11422
43.61422
93.61422
68.61422
18.61422
24.86422
74.86422
99.86422
49.86422
37.36422
87.36422
62.36422
12.36422
9.23922
59.23922
84.23922
34.23922
46.73922
96.73922
71.73922
21.73922
15.48922
65.48922
90.48922
40.48922
27.98922
77.98922
52.98922
2.98922
2.20797
52.20797
77.20797
27.20797
39.70797
89.70797
64.70797
14.70797
20.95797
70.95797
95.95797
45.95797
33.45797
83.45797
58.45797
8.45797
11.58297
61.58297
86.58297
36.58297
49.08297
99.08297
74.08297
24.08297
17.83297
67.83297
92.83297
42.83297
30.33297
80.33297
55.33297
5.33297
3.77047
53.77047
78.77047
28.77047
41.27047
91.27047
66.27047
16.27047
22.52047
72.52047
97.52047
47.52047
35.02047
85.02047
60.02047
10.02047
6.89547
56.89547
81.89547
31.89547
44.39547
94.39547
69.39547
19.39547
13.14547
63.14547
88.14547
38.14547
25.64547
75.64547
50.64547
0.64547
0.45016
50.45016
75.45016
25.45016
37.95016
87.95016
62.95016
12.95016
19.20016
69.20016
94.20016
44.20016
31.70016
81.70016
56.70016
6.70016
9.82516
59.82516
84.82516
34.82516
47.32516
97.32516
72.32516
22.32516
16.07516
66.07516
91.07516
41.07516
28.57516
78.57516
53.57516
3.57516
5.13766
55.13766
80.13766
30.13766
42.63766
92.63766
67.63766
17.63766
23.88766
73.88766
98.88766
48.88766
36.38766
86.38766
61.38766
11.38766
8.26266
58.26266
83.26266
33.26266
45.76266
95.76266
70.76266
20.76266
14.51266
64.51266
89.51266
39.51266
27.01266
77.01266
52.01266
2.01266
2.79391
52.79391
77.79391
27.79391
40.29391
90.29391
65.29391
15.29391
21.54391
71.54391
96.54391
46.54391
34.04391
84.04391
59.04391
9.04391
12.16891
62.16891
87.16891
37.16891
49.66891
99.66891
74.66891
24.66891
18.41891
68.41891
93.41891
43.41891
30.91891
80.91891
55.91891
5.91891
4.35641
54.35641
79.35641
29.35641
41.85641
91.85641
66.85641
16.85641
23.10641
73.10641
98.10641
48.10641
35.60641
85.60641
60.60641
10.60641
7.48141
57.48141
82.48141
32.48141
44.98141
94.98141
69.98141
19.98141
13.73141
63.73141
88.73141
38.73141
26.23141
76.23141
51.23141
1.23141
0.84078
50.84078
75.84078
25.84078
38.34078
88.34078
63.34078
13.34078
19.59078
69.59078
94.59078
44.59078
32.09078
82.09078
57.09078
7.09078
10.21578
60.21578
85.21578
35.21578
47.71578
97.71578
72.71578
22.71578
16.46578
66.46578
91.46578
41.46578
28.96578
78.96578
53.96578
3.96578
5.52828
55.52828
80.52828
30.52828
43.02828
93.02828
68.02828
18.02828
24.27828
74.27828
99.27828
49.27828
36.77828
86.77828
61.77828
11.77828
8.65328
58.65328
83.65328
33.65328
46.15328
96.15328
71.15328
21.15328
14.90328
64.90328
89.90328
39.90328
27.40328
77.40328
52.40328
2.40328
1.62203
51.62203
76.62203
26.62203
39.12203
89.12203
64.12203
14.12203
20.37203
70.37203
95.37203
45.37203
32.87203
82.87203
57.87203
7.87203
10.99703
60.99703
85.99703
35.99703
48.49703
98.49703
73.49703
23.49703
17.24703
67.24703
92.24703
42.24703
29.74703
79.74703
54.74703
4.74703
3.18453
53.18453
78.18453
28.18453
40.68453
90.68453
65.68453
15.68453
21.93453
71.93453
96.93453
46.93453
34.43453
84.43453
59.43453
9.43453
6.30953
56.30953
81.30953
31.30953
43.80953
93.80953
68.80953
18.80953
12.55953
62.55953
87.55953
37.55953
25.05953
75.05953
50.05953
0.05953
0.08395
50.08395
75.08395
25.08395
37.58395
87.58395
62.58395
12.58395
18.83395
68.83395
93.83395
43.83395
31.33395
81.33395
56.33395
6.33395
9.45895
59.45895
84.45895
34.45895
46.95895
96.95895
71.95895
21.95895
15.70895
65.70895
90.70895
40.70895
28.20895
78.20895
53.20895
3.20895
4.77145
54.77145
79.77145
29.77145
42.27145
92.27145
67.27145
17.27145
23.52145
73.52145
98.52145
48.52145
36.02145
86.02145
61.02145
11.02145
7.89645
57.89645
82.89645
32.89645
45.39645
95.39645
70.39645
20.39645
14.14645
64.14645
89.14645
39.14645
26.64645
76.64645
51.64645
1.64645
2.42770
52.42770
77.42770
27.42770
39.92770
89.92770
64.92770
14.92770
21.17770
71.17770
96.17770
46.17770
33.67770
83.67770
58.67770
8.67770
11.80270
61.80270
86.80270
36.80270
49.30270
99.30270
74.30270
24.30270
18.05270
68.05270
93.05270
43.05270
30.55270
80.55270
55.55270
5.55270
3.99020
53.99020
78.99020
28.99020
41.49020
91.49020
66.49020
16.49020
22.74020
72.74020
97.74020
47.74020
35.24020
85.24020
60.24020
10.24020
7.11520
57.11520
82.11520
32.11520
44.61520
94.61520
69.61520
19.61520
13.36520
63.36520
88.36520
38.36520
25.86520
75.86520
50.86520
0.86520
1.25582
51.25582
76.25582
26.25582
38.75582
88.75582
63.75582
13.75582
20.00582
70.00582
95.00582
45.00582
32.50582
82.50582
57.50582
7.50582
10.63082
60.63082
85.63082
35.63082
48.13082
98.13082
73.13082
23.13082
16.88082
66.88082
91.88082
41.88082
29.38082
79.38082
54.38082
4.38082
5.94332
55.94332
80.94332
30.94332
43.44332
93.44332
68.44332
18.44332
24.69332
74.69332
99.69332
49.69332
37.19332
87.19332
62.19332
12.19332
9.06832
59.06832
84.06832
34.06832
46.56832
96.56832
71.56832
21.56832
15.31832
65.31832
90.31832
40.31832
27.81832
77.81832
52.81832
2.81832
2.03707
52.03707
77.03707
27.03707
39.53707
89.53707
64.53707
14.53707
20.78707
70.78707
95.78707
45.78707
33.28707
83.28707
58.28707
8.28707
11.41207
61.41207
86.41207
36.41207
48.91207
98.91207
73.91207
23.91207
17.66207
67.66207
92.66207
42.66207
30.16207
80.16207
55.16207
5.16207
3.59957
53.59957
78.59957
28.59957
41.09957
91.09957
66.09957
16.09957
22.34957
72.34957
97.34957
47.34957
34.84957
84.84957
59.84957
9.84957
6.72457
56.72457
81.72457
31.72457
44.22457
94.22457
69.22457
19.22457
12.97457
62.97457
87.97457
37.97457
25.47457
75.47457
50.47457
0.47457
0.66988
50.66988
75.66988
25.66988
38.16988
88.16988
63.16988
13.16988
19.41988
69.41988
94.41988
44.41988
31.91988
81.91988
56.91988
6.91988
10.04488
60.04488
85.04488
35.04488
47.54488
97.54488
72.54488
22.54488
16.29488
66.29488
91.29488
41.29488
28.79488
78.79488
53.79488
3.79488
5.35738
55.35738
80.35738
30.35738
42.85738
92.85738
67.85738
17.85738
24.10738
74.10738
99.10738
49.10738
36.60738
86.60738
61.60738
11.60738
8.48238
58.48238
83.48238
33.48238
45.98238
95.98238
70.98238
20.98238
14.73238
64.73238
89.73238
39.73238
27.23238
77.23238
52.23238
2.23238
3.01363
53.01363
78.01363
28.01363
40.51363
90.51363
65.51363
15.51363
21.76363
71.76363
96.76363
46.76363
34.26363
84.26363
59.26363
9.26363
12.38863
62.38863
87.38863
37.38863
49.88863
99.88863
74.88863
24.88863
18.63863
68.63863
93.63863
43.63863
31.13863
81.13863
56.13863
6.13863
4.57613
54.57613
79.57613
29.57613
42.07613
92.07613
67.07613
17.07613
23.32613
73.32613
98.32613
48.32613
35.82613
85.82613
60.82613
10.82613
7.70113
57.70113
82.70113
32.70113
45.20113
95.20113
70.20113
20.20113
13.95113
63.95113
88.95113
38.95113
26.45113
76.45113
51.45113
1.45113
1.06051
51.06051
76.06051
26.06051
38.56051
88.56051
63.56051
13.56051
19.81051
69.81051
94.81051
44.81051
32.31051
82.31051
57.31051
7.31051
10.43551
60.43551
85.43551
35.43551
47.93551
97.93551
72.93551
22.93551
16.68551
66.68551
91.68551
41.68551
29.18551
79.18551
54.18551
4.18551
5.74801
55.74801
80.74801
30.74801
43.24801
93.24801
68.24801
18.24801
24.49801
74.49801
99.49801
49.49801
36.99801
86.99801
61.99801
11.99801
8.87301
58.87301
83.87301
33.87301
46.37301
96.37301
71.37301
21.37301
15.12301
65.12301
90.12301
40.12301
27.62301
77.62301
52.62301
2.62301
1.84176
51.84176
76.84176
26.84176
39.34176
89.34176
64.34176
14.34176
20.59176
70.59176
95.59176
45.59176
33.09176
83.09176
58.09176
8.09176
11.21676
61.21676
86.21676
36.21676
48.71676
98.71676
73.71676
23.71676
17.46676
67.46676
92.46676
42.46676
29.96676
79.96676
54.96676
4.96676
3.40426
53.40426
78.40426
28.40426
40.90426
90.90426
65.90426
15.90426
22.15426
72.15426
97.15426
47.15426
34.65426
84.65426
59.65426
9.65426
6.52926
56.52926
81.52926
31.52926
44.02926
94.02926
69.02926
19.02926
12.77926
62.77926
87.77926
37.77926
25.27926
75.27926
50.27926
0.27926
0.37692
50.37692
75.37692
25.37692
37.87692
87.87692
62.87692
12.87692
19.12692
69.12692
94.12692
44.12692
31.62692
81.62692
56.62692
6.62692
9.75192
59.75192
84.75192
34.75192
47.25192
97.25192
72.25192
22.25192
16.00192
66.00192
91.00192
41.00192
28.50192
78.50192
53.50192
3.50192
5.06442
55.06442
80.06442
30.06442
42.56442
92.56442
67.56442
17.56442
23.81442
73.81442
98.81442
48.81442
36.31442
86.31442
61.31442
11.31442
8.18942
58.18942
83.18942
33.18942
45.68942
95.68942
70.68942
20.68942
14.43942
64.43942
89.43942
39.43942
26.93942
76.93942
51.93942
1.93942
2.72067
52.72067
77.72067
27.72067
40.22067
90.22067
65.22067
15.22067
21.47067
71.47067
96.47067
46.47067
33.97067
83.97067
58.97067
8.97067
12.09567
62.09567
87.09567
37.09567
49.59567
99.59567
74.59567
24.59567
18.34567
68.34567
93.34567
43.34567
30.84567
80.84567
55.84567
5.84567
4.28317
54.28317
79.28317
29.28317
41.78317
91.78317
66.78317
16.78317
23.03317
73.03317
98.03317
48.03317
35.53317
85.53317
60.53317
10.53317
7.40817
57.40817
82.40817
32.40817
44.90817
94.90817
69.90817
19.90817
13.65817
63.65817
88.65817
38.65817
26.15817
76.15817
51.15817
1.15817
1.54879
51.54879
76.54879
26.54879
39.04879
89.04879
64.04879
14.04879
20.29879
70.29879
95.29879
45.29879
32.79879
82.79879
57.79879
7.79879
10.92379
60.92379
85.92379
35.92379
48.42379
98.42379
73.42379
23.42379
17.17379
67.17379
92.17379
42.17379
29.67379
79.67379
54.67379
4.67379
6.23629
56.23629
81.23629
31.23629
43.73629
93.73629
68.73629
18.73629
24.98629
74.98629
99.98629
49.98629
37.48629
87.48629
62.48629
12.48629
9.36129
59.36129
