91.66167
93.20969
12.90979
54.97583
28.25450
14.61304
5.29891
56.67464
6.88416
4.20761
83.99507
61.33814
3.69594
78.18980
94.25043
45.05342
91.87993
87.98504
27.46275
93.91729
68.68803
66.33817
35.50663
54.01098
89.25085
85.48923
37.49174
96.65982
91.66054
20.70143
51.38119
44.13408
35.95483
81.04295
57.18157
5.06579
20.79475
73.64627
85.61367
7.83855
30.47268
56.31803
24.71038
39.82305
36.59360
97.25036
8.22187
11.48319
55.03496
90.69030
71.27068
96.02617
29.38717
78.08018
51.25185
76.20331
89.50729
59.43272
80.42393
91.69522
85.74702
88.43366
46.24886
69.05929
66.47102
72.02714
60.23630
65.77445
34.34240
77.08334
57.23019
43.24889
97.98630
63.99961
50.92275
89.51295
26.49447
54.67843
13.26137
44.96204
62.80122
73.79502
11.67201
12.70513
18.86915
95.74528
50.16639
51.80954
63.16630
98.71545
55.82565
22.92788
91.77347
96.01152
24.95549
82.58669
99.28205
47.99362
33.42043
86.35717
69.31378
14.93575
71.41574
81.64882
67.77432
74.49604
67.17196
50.91308
96.15803
69.18505
85.39631
52.75050
74.19735
61.72966
85.41482
48.47426
90.42888
64.09197
99.06425
59.97088
61.40533
20.88945
63.40448
73.79169
39.03928
88.48287
51.77008
0.27192
24.92562
6.90097
34.19148
38.77151
81.76541
67.68337
30.89817
83.07342
47.66186
13.22686
70.73013
17.65652
9.35063
16.76055
82.34752
45.95942
57.24595
27.06556
70.68055
49.24503
74.72692
53.57621
27.44047
67.81836
34.08724
25.87854
27.11899
33.02054
6.76973
34.77373
8.67357
79.38350
3.46834
64.17144
16.52044
4.48810
90.79811
52.93856
40.36102
12.86688
80.90970
1.79415
60.21304
50.60544
54.67416
42.78517
77.10330
99.29576
48.41731
34.23628
23.10980
45.80933
64.10181
85.53573
15.46228
79.95981
81.07417
71.64804
78.24186
6.40866
89.85464
65.71585
7.49795
89.43281
90.91135
25.49076
48.88827
72.88575
36.96075
64.70600
89.69811
91.64808
77.79990
74.76235
40.34095
29.30148
52.53657
56.61694
35.57699
89.88983
37.85488
24.36013
82.03500
64.77005
12.48834
3.31224
35.36877
12.00766
74.45348
28.33533
95.83163
42.95274
92.82162
9.64728
38.36466
35.26927
49.41669
89.54806
98.56764
30.51116
16.22689
38.38305
4.85952
19.83846
39.80227
46.52396
25.45700
25.25025
51.73054
8.14886
71.84500
47.12245
43.54121
65.11381
51.45330
88.17684
6.08690
2.41814
90.94730
70.21839
76.28194
82.11438
35.48271
32.20702
74.05911
71.23721
9.22967
97.88385
13.55738
0.05087
87.39461
37.63106
78.31391
63.49920
12.89202
95.35021
95.85731
38.19891
6.25792
17.75443
64.13280
20.47686
99.20407
82.32862
98.55349
64.21848
7.60281
32.55687
91.00307
89.00684
44.20707
57.42531
55.22683
76.32074
88.15734
58.61412
49.63138
25.63074
51.39303
36.66739
38.12852
34.01859
81.62573
19.07507
31.67090
80.10671
85.01738
69.54113
11.06996
22.85772
70.58151
39.93423
40.32190
42.07527
37.29709
33.65167
25.44744
74.60058
58.92045
32.34935
61.67529
18.40721
30.46519
72.13076
65.65857
56.10310
23.84766
97.75913
12.68679
13.55239
99.56935
26.19510
8.31548
40.90208
25.24015
59.67697
88.05752
36.93150
36.74539
21.66407
68.51172
0.45427
81.77728
49.21990
17.61919
90.70964
53.28180
87.81735
46.00206
9.57985
22.50209
95.65587
10.89771
95.56508
34.16001
86.42800
39.38859
35.09077
12.90338
84.15847
96.93817
70.60588
50.11889
50.24855
11.60580
42.22256
76.56989
94.67688
89.36852
92.68099
6.79921
59.96889
3.11235
92.53610
64.50257
15.92546
79.57587
86.72603
0.11935
16.80653
8.99896
14.10899
88.96178
55.65996
96.92231
1.24071
27.52438
97.68682
33.76038
67.78084
36.13676
47.61041
69.20182
37.46178
8.13912
4.09733
78.12804
87.21704
22.55568
36.67293
20.69030
26.03777
86.39850
34.19095
92.84308
55.19349
0.66999
7.32648
34.70556
7.00728
96.77881
49.91234
97.06628
12.16602
25.69346
77.60257
49.09562
20.48513
65.81843
61.06406
75.72758
9.81188
42.66220
37.94300
99.19441
11.85581
84.48262
46.02108
52.67167
23.78651
81.98094
37.73669
27.59065
3.32345
44.98557
5.73681
58.70495
10.25694
13.43412
57.35352
57.06823
77.43808
77.21795
1.50265
10.88318
72.60911
74.35426
60.16457
99.24969
35.85180
54.68508
43.77190
57.58708
21.73757
75.54038
64.55883
6.04573
62.98634
82.56263
19.37434
12.49135
79.28908
63.00811
3.85576
41.00640
15.37262
62.26415
15.49069
19.14388
48.05090
85.02030
82.06671
56.04274
65.16875
60.02457
8.07342
92.48195
0.10360
97.85551
30.19892
33.30671
4.56396
36.67767
80.54105
76.86286
94.52006
21.90556
2.06124
60.66395
60.73408
56.89171
2.10157
66.27361
95.53837
99.21032
56.94489
97.31078
63.05602
31.64784
81.06217
32.50081
53.37266
84.68601
97.41453
42.53474
59.71097
17.18478
49.82130
1.91222
36.68552
37.80098
58.56105
22.89546
4.44570
31.06179
80.12931
76.60491
58.95731
63.66101
74.04633
71.00012
79.48481
36.54037
39.21791
84.54646
7.12638
79.35033
62.24334
53.11873
93.03422
12.30729
49.10404
11.88629
30.00717
68.96402
43.09714
46.65196
99.61306
14.07080
81.69052
68.13697
40.17347
1.22442
38.02396
97.66346
65.04560
19.96028
45.07981
56.37593
18.63603
46.57759
99.71484
74.97608
53.95474
55.59832
50.62264
31.92501
33.81854
31.31694
89.17705
83.84063
27.93849
95.02401
81.26275
81.24113
98.38604
28.74096
88.57134
93.17060
92.15176
80.29819
81.38758
72.25792
15.51905
90.03920
31.68834
74.56725
3.68842
97.44447
41.04779
98.89669
11.91968
60.10859
44.12373
2.65837
28.07742
79.89737
4.52978
45.29625
32.69783
41.11222
49.32005
99.21420
49.24004
19.05664
77.76107
55.53482
5.42065
43.15597
81.75512
35.78957
57.28984
6.46394
53.37374
7.80793
21.00038
40.25441
82.87955
28.28615
2.71384
90.55472
6.88650
63.74470
38.99630
72.88766
55.07823
16.68505
74.11187
54.45970
53.78808
37.09569
9.08726
22.73507
57.16142
36.11394
22.64881
35.32005
99.66545
1.48070
42.60516
26.71799
8.33732
94.52525
13.16551
37.09085
99.26627
83.42662
80.82668
71.05077
71.94796
73.58092
60.87138
39.83116
20.75998
34.19923
88.42439
56.57746
90.24143
40.43221
91.65386
88.29306
62.98220
34.66407
63.07469
29.36109
65.04846
46.36308
54.54480
60.32544
15.48456
81.02397
61.95115
95.17834
50.10039
53.92931
72.05138
87.70807
87.12796
73.25427
43.41246
54.52376
61.94922
79.45466
44.45182
75.02898
86.87566
99.53716
92.70673
86.54714
38.43851
53.49124
11.99497
97.05264
53.66443
83.19801
4.39530
32.63687
8.53214
20.76257
9.09435
86.38278
49.40058
99.79474
97.21698
78.49564
86.23829
5.98817
56.24866
83.41656
96.42842
27.19831
22.36082
45.90183
29.72867
61.56080
9.71329
92.41687
61.63936
82.13832
89.41460
4.13666
77.65118
10.36324
77.35348
68.71461
18.62382
31.23010
22.11539
69.52940
68.14220
51.15252
26.81614
82.38875
70.40366
71.78306
57.37280
13.16638
44.85551
32.76865
96.43041
20.78842
59.04603
20.02917
95.21226
76.03209
77.19654
17.01431
18.24189
87.18314
27.16041
18.87727
45.54979
74.68271
8.08200
14.77342
63.48635
3.79379
65.23443
49.70560
62.36436
38.24431
81.58284
48.07392
25.47673
10.50584
85.32040
84.51005
85.05880
31.78291
14.84230
59.93377
5.99563
28.88175
0.50804
42.92718
95.89192
27.93720
40.30993
61.95593
9.30141
61.35013
99.85955
22.22197
37.40155
11.54247
65.85520
58.08246
77.17764
80.07361
3.06536
24.18589
10.14278
91.93398
54.85396
90.10979
8.28090
18.59941
92.78017
10.33654
62.01235
97.21135
72.16823
14.63381
74.66632
94.12432
79.04753
65.62956
76.95037
89.13532
85.94608
6.66436
0.26360
80.27722
19.81280
18.50948
12.07213
36.33391
76.46194
13.37274
92.69643
93.45968
36.86232
70.44140
94.96325
94.38910
34.30402
68.99569
49.23473
41.50450
53.83680
81.69973
8.22336
66.89542
58.02303
38.58060
98.45020
11.58308
57.32983
24.86298
8.98912
20.07866
7.45673
72.98686
45.70754
23.18585
40.60571
39.89442
15.36326
48.70921
94.97515
1.94879
53.26840
89.33660
27.99462
57.73434
92.04015
45.96911
63.19167
92.28295
17.58090
72.96658
79.72989
97.76722
15.98830
38.00845
50.34684
67.92000
97.94552
3.56312
13.71274
54.32511
98.12952
78.62005
80.91046
55.96322
68.77604
53.07994
38.33715
73.86142
42.95155
93.33410
74.38646
45.23203
19.00472
15.93315
13.83276
19.85098
21.61166
19.24682
6.57387
0.66383
11.64665
24.99404
18.44746
27.16834
74.16923
20.15124
51.72365
68.29076
3.23985
83.19993
59.44894
77.53237
82.13904
38.57547
21.53812
89.39111
85.27792
76.84805
41.79552
43.56049
60.35441
87.32101
47.75673
38.07850
71.35458
84.63497
14.72633
75.69748
51.79332
29.10259
57.54350
44.34987
14.77049
18.64395
86.04660
45.90797
21.11403
19.24119
41.27661
77.22720
7.77290
25.00914
84.24409
80.33882
15.95977
67.24394
67.85204
26.05914
99.32641
59.87992
60.34301
74.29514
77.07970
30.45053
93.15623
75.57263
1.76010
98.97514
53.66361
17.39394
23.92312
84.33903
66.73220
39.31195
71.90572
81.72982
55.18311
12.96458
64.35048
79.40366
2.03848
14.95461
64.09465
96.56596
60.10125
77.11507
98.73367
67.90579
62.30489
35.68549
63.89885
52.69208
54.15210
71.88370
19.55732
45.00126
29.85257
14.74375
30.96654
61.10675
37.71865
53.08322
34.13003
11.05802
9.37428
47.84947
83.74469
90.17719
77.18572
35.01105
44.41266
76.11119
61.89488
62.15120
73.48631
39.01247
49.98799
68.38684
25.60698
55.50242
19.72597
33.21818
44.43677
92.04504
91.06039
70.97665
75.10525
78.51563
31.48065
85.89053
14.93876
56.43008
23.78839
42.89161
89.26632
50.35918
66.30057
92.27936
88.96729
48.05417
3.06792
